600000,浦发银行,2009-03-31,3,18821.1000,3.32,-800.1800,3.47,3
600005,武钢股份,2009-03-31,8,49409.5000,6.31,3425.7200,5.87,9
600006,东风汽车,2009-03-31,8,5070.6980,2.54,3681.3230,0.70,3
600007,中国国贸,2009-03-31,4,1447.8970,1.44,-538.2400,1.97,5
600008,首创股份,2009-03-31,7,3175.1800,1.44,-146.6420,1.51,7
600009,上海机场,2009-03-31,6,13656.9100,7.09,-2900.9600,8.59,7
600010,包钢股份,2009-03-31,7,13357.6500,2.08,-472.1600,2.15,6
600012,皖通高速,2009-03-31,2,1550.0000,0.93,-608.3180,1.30,3
600019,宝钢股份,2009-03-31,7,45266.1300,2.58,2011.5400,2.47,7
600026,中海发展,2009-03-31,6,4531.3740,1.33,-2443.0630,2.05,6
600028,中国石化,2009-03-31,5,23250.4000,0.27,-12852.1000,0.42,6
600030,中信证券,2009-03-31,2,11340.2600,1.71,4371.5300,1.05,1
600033,福建高速,2009-03-31,7,5980.6510,4.04,512.5360,3.70,8
600037,歌华有线,2009-03-31,6,6985.8370,6.59,-2337.1360,8.79,7
600038,哈飞股份,2009-03-31,2,414.7130,1.23,414.7130,0.00,0
600050,中国联通,2009-03-31,8,75726.4100,3.57,-5419.1700,3.83,7
600052,浙江广厦,2009-03-31,1,450.0000,0.52,-150.0000,0.69,1
600054,黄山旅游,2009-03-31,4,3114.4970,6.61,835.0630,4.84,4
600056,中国医药,2009-03-31,2,593.3390,2.48,443.3450,0.63,1
600058,五矿发展,2009-03-31,9,3089.3480,2.88,-742.4030,3.58,8
600059,古越龙山,2009-03-31,4,1106.9650,2.97,-245.7140,3.63,4
600060,海信电器,2009-03-31,8,5074.3790,10.28,2552.6630,5.11,5
600062,华润双鹤,2009-03-31,9,3477.9550,7.30,-737.0810,8.85,9
600064,南京高科,2009-03-31,6,1853.8390,5.39,606.8550,3.62,4
600066,宇通客车,2009-03-31,7,7776.2460,14.96,1.0410,14.96,7
600067,冠城大通,2009-03-31,5,4196.1820,6.85,-1025.8560,8.52,5
600068,葛洲坝,2009-03-31,8,6594.0050,3.96,-1137.6260,4.64,7
600069,银鸽投资,2009-03-31,3,2259.3470,5.30,783.7290,3.46,3
600072,中船股份,2009-03-31,1,30.5511,0.08,-6.5388,0.10,1
600075,新疆天业,2009-03-31,1,80.0000,0.18,-1102.0965,2.70,4
600078,澄星股份,2009-03-31,3,1680.4810,2.58,215.5810,2.25,3
600079,人福医药,2009-03-31,7,5030.2440,12.93,2075.5380,7.59,4
600085,同仁堂,2009-03-31,9,5616.8550,10.78,-722.6840,12.17,9
600087,*ST长油,2009-03-31,6,10699.7170,6.64,-1316.3290,7.46,7
600088,中视传媒,2009-03-31,1,562.3000,2.38,-1599.7900,9.13,3
600089,特变电工,2009-03-31,8,16168.4500,13.49,-2517.0600,15.60,8
600096,云天化,2009-03-31,8,2710.9850,4.59,-36.7630,5.12,9
600097,开创国际,2009-03-31,3,901.6400,4.45,621.8640,1.38,1
600098,广州发展,2009-03-31,6,5769.1850,2.80,1116.4180,2.26,8
600100,同方股份,2009-03-31,6,3328.2420,3.41,-7661.3170,11.25,7
600101,明星电力,2009-03-31,1,150.6300,0.46,-695.4320,2.61,3
600104,上汽集团,2009-03-31,7,17247.7700,2.63,7166.5800,1.54,5
600108,亚盛集团,2009-03-31,2,1381.4460,0.96,-431.6670,1.26,4
600109,国金证券,2009-03-31,5,818.5574,1.64,700.7371,0.24,2
600110,中科英华,2009-03-31,3,553.6550,0.82,-323.2360,1.29,2
600111,包钢稀土,2009-03-31,3,800.5880,0.99,-951.2450,2.17,6
600113,浙江东日,2009-03-31,2,432.8980,2.93,432.8980,0.00,0
600115,东方航空,2009-03-31,5,3324.7410,0.68,2418.6000,0.19,3
600117,西宁特钢,2009-03-31,7,4868.7910,6.57,1955.0090,3.93,6
600118,中国卫星,2009-03-31,7,3358.1950,11.43,-606.2900,13.49,8
600119,长江投资,2009-03-31,1,75.0100,0.24,75.0100,0.00,0
600121,郑州煤电,2009-03-31,2,254.9920,0.41,254.9920,0.00,0
600122,宏图高科,2009-03-31,2,1061.6410,2.39,-1055.9050,6.63,3
600123,兰花科创,2009-03-31,8,8002.3920,14.01,219.0440,13.63,7
600125,铁龙物流,2009-03-31,5,4079.4080,4.06,446.9890,3.62,4
600126,杭钢股份,2009-03-31,3,1724.0430,2.06,1159.5240,0.67,2
600129,太极集团,2009-03-31,5,1294.2150,3.94,1294.2150,0.00,0
600131,岷江水电,2009-03-31,3,1313.0400,2.60,1313.0400,0.00,0
600132,重庆啤酒,2009-03-31,8,4230.8330,8.74,2527.1260,3.52,5
600135,乐凯胶片,2009-03-31,2,1725.0000,5.04,-135.7190,5.44,2
600138,中青旅,2009-03-31,4,4465.7160,10.75,-1328.6140,13.95,6
600141,兴发集团,2009-03-31,4,2356.2410,9.35,1123.0280,4.89,4
600150,中国船舶,2009-03-31,8,1584.1382,2.39,55.1222,2.31,6
600151,航天机电,2009-03-31,4,1452.7650,1.94,1161.1340,0.39,2
600153,建发股份,2009-03-31,8,14629.1300,11.77,2650.0500,9.64,6
600158,中体产业,2009-03-31,2,528.7700,0.66,38.1900,0.61,2
600159,大龙地产,2009-03-31,1,1394.0000,3.36,193.1300,2.89,1
600160,巨化股份,2009-03-31,1,100.0000,0.18,100.0000,0.00,0
600161,天坛生物,2009-03-31,7,2954.4940,6.05,416.8120,5.20,6
600162,香江控股,2009-03-31,6,2838.3960,3.70,2306.0860,0.69,1
600166,福田汽车,2009-03-31,5,4925.2310,5.37,2574.5510,2.57,2
600169,太原重工,2009-03-31,6,5721.5790,12.81,-201.2660,13.26,8
600170,上海建工,2009-03-31,8,2892.7390,4.02,-58.0710,4.10,5
600176,中国玻纤,2009-03-31,5,3107.3040,7.27,-147.4710,7.62,4
600177,雅戈尔,2009-03-31,4,6931.2500,3.11,1283.2960,2.54,5
600178,东安动力,2009-03-31,7,2374.1505,5.14,2374.1505,0.00,0
600182,S佳通,2009-03-31,1,1252.0100,3.68,0.0000,3.68,1
600183,生益科技,2009-03-31,7,3834.5360,4.01,3172.1570,0.69,2
600185,格力地产,2009-03-31,3,970.7100,2.88,970.7100,0.00,0
600186,莲花味精,2009-03-31,1,500.0000,0.47,500.0000,0.00,0
600188,兖州煤业,2009-03-31,8,2796.1270,0.57,-1751.4110,0.92,9
600189,吉林森工,2009-03-31,4,1333.9870,4.30,241.8280,3.52,3
600190,锦州港,2009-03-31,3,1122.6250,0.86,1122.6250,0.00,0
600192,长城电工,2009-03-31,3,412.6435,1.45,412.6435,0.00,0
600195,中牧股份,2009-03-31,8,3890.2720,9.98,-1681.7130,14.29,9
600196,复星医药,2009-03-31,7,7457.0150,6.02,-3611.3940,8.94,8
600197,伊力特,2009-03-31,4,1386.4910,3.14,79.2500,2.97,2
600201,金宇集团,2009-03-31,6,4723.7910,16.82,-139.9000,17.32,5
600202,哈空调,2009-03-31,9,6782.7290,21.23,1296.2000,17.18,8
600206,有研硅股,2009-03-31,1,739.8910,3.40,578.5510,0.74,1
600208,新湖中宝,2009-03-31,5,7359.6200,2.61,4428.3750,1.04,4
600210,紫江企业,2009-03-31,3,1598.6340,1.11,-344.1010,1.35,4
600216,浙江医药,2009-03-31,6,3141.9760,6.98,-51.1010,7.09,7
600219,南山铝业,2009-03-31,5,2976.7700,2.26,-272.7310,2.46,6
600220,江苏阳光,2009-03-31,2,1207.2670,0.68,-411.1300,0.91,4
600221,海南航空,2009-03-31,1,1432.1000,0.41,1432.1000,0.00,0
600223,鲁商置业,2009-03-31,4,1812.2700,1.81,1812.2700,0.00,0
600226,升华拜克,2009-03-31,1,300.6040,1.11,-65.7690,1.36,1
600227,赤天化,2009-03-31,6,1186.9030,3.63,1186.9030,0.00,0
600230,沧州大化,2009-03-31,4,499.5630,1.93,199.5630,1.16,1
600231,凌钢股份,2009-03-31,10,6567.1050,8.17,-2787.9810,11.64,9
600232,金鹰股份,2009-03-31,4,823.5240,2.46,353.1857,1.51,3
600236,桂冠电力,2009-03-31,5,8751.2600,5.91,518.7670,5.56,6
600238,海南椰岛,2009-03-31,1,379.4560,2.29,-373.0210,4.53,2
600239,云南城投,2009-03-31,3,743.6080,2.56,-440.8720,4.08,3
600240,华业地产,2009-03-31,4,3403.9890,5.28,1488.5180,2.97,2
600246,万通地产,2009-03-31,1,130.7210,0.26,-2175.3620,4.55,4
600252,中恒集团,2009-03-31,8,4275.1330,19.66,2389.9290,8.67,3
600255,鑫科材料,2009-03-31,1,308.0000,0.69,308.0000,0.00,0
600256,广汇能源,2009-03-31,5,3820.5820,4.41,60.6290,4.34,4
600258,首旅酒店,2009-03-31,2,426.5900,1.84,-420.4019,3.66,6
600259,广晟有色,2009-03-31,1,220.3100,0.88,220.3100,0.00,0
600261,阳光照明,2009-03-31,7,2399.7740,9.61,-298.4644,10.80,8
600266,北京城建,2009-03-31,9,8220.2390,11.09,3232.2080,6.73,8
600267,海正药业,2009-03-31,8,5512.8870,12.27,-1510.2360,15.63,8
600268,国电南自,2009-03-31,5,1583.9320,8.37,-1383.9600,15.68,8
600269,赣粤高速,2009-03-31,7,11478.0720,9.83,3435.8520,6.89,6
600270,外运发展,2009-03-31,6,2491.4420,2.75,602.9650,2.09,4
600276,恒瑞医药,2009-03-31,6,5430.6170,10.50,-399.3370,11.27,6
600278,东方创业,2009-03-31,1,48.0000,0.15,48.0000,0.00,0
600279,重庆港九,2009-03-31,1,81.1149,0.36,81.1149,0.00,0
600280,中央商场,2009-03-31,4,1532.5970,10.68,-233.8490,12.31,5
600282,南钢股份,2009-03-31,9,8953.9470,5.31,2505.0570,3.83,5
600283,钱江水利,2009-03-31,2,435.0000,1.52,435.0000,0.00,0
600288,大恒科技,2009-03-31,3,846.7910,2.52,846.7910,0.00,0
600289,亿阳信通,2009-03-31,7,3741.3540,10.63,747.1200,8.51,8
600290,华仪电气,2009-03-31,2,1222.8850,4.46,922.8850,1.23,1
600291,西水股份,2009-03-31,3,1116.2610,3.49,1116.2610,0.00,0
600298,安琪酵母,2009-03-31,3,683.9440,2.52,-225.0740,3.35,4
600299,蓝星新材,2009-03-31,6,2344.2200,4.49,-3949.9060,12.04,6
600300,维维股份,2009-03-31,4,2350.0940,3.09,1045.5710,1.72,4
600303,曙光股份,2009-03-31,5,2412.6688,10.87,2412.6688,0.00,0
600306,商业城,2009-03-31,1,271.1400,1.52,-142.5030,2.32,2
600307,酒钢宏兴,2009-03-31,9,5189.0420,5.94,761.5800,5.07,7
600308,华泰股份,2009-03-31,6,2814.8440,5.13,-453.7090,5.96,6
600309,万华化学,2009-03-31,8,14074.5600,8.46,-1925.8100,9.62,7
600310,桂东电力,2009-03-31,1,278.4950,1.78,-132.5050,2.62,1
600312,平高电气,2009-03-31,7,4512.3530,8.83,-1738.5150,12.23,7
600315,上海家化,2009-03-31,7,4303.7110,19.83,-230.1980,20.93,7
600316,洪都航空,2009-03-31,7,2830.8150,8.02,-264.9060,8.78,8
600317,营口港,2009-03-31,2,300.0000,0.55,-81.4620,0.70,1
600321,国栋建设,2009-03-31,5,1296.7960,5.69,1296.7960,0.00,0
600322,天房发展,2009-03-31,4,4821.0500,4.36,3889.2320,0.84,2
600323,南海发展,2009-03-31,5,2442.6000,9.01,-953.7800,12.53,7
600327,大东方,2009-03-31,6,3290.9330,10.09,-2689.1810,18.34,8
600328,兰太实业,2009-03-31,3,276.0000,0.77,-1213.0600,4.15,1
600329,中新药业,2009-03-31,1,298.7810,0.81,-359.8490,1.78,3
600330,天通股份,2009-03-31,1,215.8980,0.37,0.0000,0.37,1
600331,宏达股份,2009-03-31,9,11890.1780,11.52,8939.0010,2.86,5
600332,白云山,2009-03-31,3,2317.3000,2.86,-648.9800,3.66,5
600337,美克股份,2009-03-31,7,6902.3790,13.52,-1495.7330,16.45,6
600345,长江通信,2009-03-31,1,69.4400,0.35,69.4400,0.00,0
600346,大橡塑,2009-03-31,2,120.9643,1.15,120.9643,0.00,0
600350,山东高速,2009-03-31,5,7060.5900,2.10,-3149.3300,3.04,5
600351,亚宝药业,2009-03-31,4,1025.8830,6.48,-863.5550,11.94,4
600356,恒丰纸业,2009-03-31,2,580.0850,3.01,365.1810,1.11,1
600359,新农开发,2009-03-31,3,311.7070,0.97,-1494.0660,5.63,3
600360,华微电子,2009-03-31,7,5317.9980,10.20,92.9620,10.02,7
600361,华联综超,2009-03-31,3,1889.7550,3.90,-3342.4270,10.79,5
600362,江西铜业,2009-03-31,6,3057.5280,1.01,1079.2440,0.65,6
600365,通葡股份,2009-03-31,1,143.1110,1.02,143.1110,0.00,0
600366,宁波韵升,2009-03-31,5,1178.7390,2.98,178.7390,2.53,2
600367,红星发展,2009-03-31,6,1843.4440,6.33,1843.4440,0.00,0
600368,五洲交通,2009-03-31,3,1232.8339,2.58,1132.8339,0.21,1
600372,中航电子,2009-03-31,2,618.6590,1.51,618.6590,0.00,0
600376,首开股份,2009-03-31,7,3297.8360,4.07,2214.4310,1.34,5
600377,宁沪高速,2009-03-31,2,2974.5230,0.58,-1410.0370,0.87,3
600378,天科股份,2009-03-31,1,398.5130,1.62,398.5130,0.00,0
600379,宝光股份,2009-03-31,4,480.5779,2.69,480.5779,0.00,0
600380,健康元,2009-03-31,8,6874.2610,6.26,1865.6490,4.56,6
600383,金地集团,2009-03-31,6,21602.8900,12.87,-3819.9700,15.15,6
600386,北巴传媒,2009-03-31,8,5924.0090,14.69,1194.8920,11.73,7
600388,龙净环保,2009-03-31,7,1276.6500,7.64,729.2260,3.28,2
600390,金瑞科技,2009-03-31,2,220.4324,1.38,220.4324,0.00,0
600391,成发科技,2009-03-31,7,1835.9468,13.98,-53.3122,14.39,6
600395,盘江股份,2009-03-31,7,6554.7710,11.03,-910.6120,12.57,9
600396,金山股份,2009-03-31,7,4886.5630,14.35,1247.1580,10.69,7
600399,抚顺特钢,2009-03-31,3,2166.9140,4.17,2166.9140,0.00,0
600415,小商品城,2009-03-31,6,3729.9510,10.96,-1005.9570,13.92,7
600416,湘电股份,2009-03-31,4,1136.5740,4.84,966.5770,0.72,1
600418,江淮汽车,2009-03-31,6,6535.4790,5.07,4182.1860,1.83,4
600426,华鲁恒升,2009-03-31,8,6755.0410,13.63,-4116.2180,21.93,9
600428,中远航运,2009-03-31,6,10221.9630,7.80,-7146.0670,13.25,8
600456,宝钛股份,2009-03-31,9,3163.1020,7.35,-2463.3990,13.08,10
600458,时代新材,2009-03-31,1,468.1200,2.29,-881.0240,6.60,5
600468,百利电气,2009-03-31,2,259.5128,0.82,259.5128,0.00,0
600486,扬农化工,2009-03-31,7,1931.3060,16.51,108.2620,15.58,6
600488,天药股份,2009-03-31,7,3722.7620,6.86,-639.4030,8.04,8
600496,精工钢构,2009-03-31,8,5012.8040,14.53,4603.2640,1.19,2
600498,烽火通信,2009-03-31,5,1971.0520,4.81,-777.8860,6.71,7
600499,科达机电,2009-03-31,5,2951.6970,8.59,1737.1190,3.53,2
600500,中化国际,2009-03-31,4,2931.7810,2.04,1277.4280,1.15,3
600505,西昌电力,2009-03-31,1,172.9940,0.47,172.9940,0.00,0
600508,上海能源,2009-03-31,5,1068.1864,1.48,799.9938,0.37,2
600509,天富热电,2009-03-31,6,2494.9040,3.80,1038.8080,2.22,3
600511,国药股份,2009-03-31,9,3831.3190,16.00,-1043.2240,20.36,9
600516,方大炭素,2009-03-31,8,3931.5290,6.15,1562.7050,3.70,3
600518,康美药业,2009-03-31,4,4226.9300,5.53,-5679.6500,12.96,5
600519,贵州茅台,2009-03-31,6,4699.8130,4.98,-223.7610,5.22,7
600522,中天科技,2009-03-31,7,1868.1600,5.82,1362.9810,1.87,3
600523,贵航股份,2009-03-31,6,2059.4160,7.13,-250.0280,8.00,6
600525,长园集团,2009-03-31,7,2286.2660,13.72,192.3040,12.57,6
600528,中铁二局,2009-03-31,4,4761.5070,3.26,2042.3690,1.86,3
600529,山东药玻,2009-03-31,6,3480.1180,13.52,-1012.7720,17.46,8
600531,豫光金铅,2009-03-31,1,116.0550,0.51,116.0550,0.00,0
600533,栖霞建设,2009-03-31,5,8445.1630,8.04,-2888.0300,10.79,7
600535,天士力,2009-03-31,8,5361.2550,10.99,-1282.3070,13.61,8
600536,中国软件,2009-03-31,1,112.0090,0.69,112.0090,0.00,0
600539,ST狮头,2009-03-31,1,263.5600,1.15,263.5600,0.00,0
600548,深高速,2009-03-31,2,1813.4970,0.83,-449.9440,1.04,4
600549,厦门钨业,2009-03-31,2,959.9830,1.41,-398.2920,1.99,3
600550,天威保变,2009-03-31,7,5712.6990,4.89,-88.1440,4.97,8
600551,时代出版,2009-03-31,6,1054.2640,5.40,-265.9790,6.76,6
600552,方兴科技,2009-03-31,3,708.7539,6.06,147.5569,4.80,1
600557,康缘药业,2009-03-31,7,4263.9720,16.00,225.5930,15.16,6
600559,老白干酒,2009-03-31,5,1418.3600,10.13,13.0739,10.04,6
600561,江西长运,2009-03-31,8,3081.3280,16.59,1525.3650,8.38,5
600563,法拉电子,2009-03-31,6,3075.0650,13.67,578.0520,11.10,6
600565,迪马股份,2009-03-31,1,350.1980,0.88,350.1980,0.00,0
600569,安阳钢铁,2009-03-31,8,13856.0640,5.79,-1881.2830,6.57,8
600571,信雅达,2009-03-31,2,586.0870,3.01,369.2140,1.12,1
600578,京能电力,2009-03-31,4,599.9272,1.05,599.9272,0.00,0
600580,卧龙电气,2009-03-31,4,2220.0300,7.84,1450.4510,2.72,2
600581,八一钢铁,2009-03-31,7,6752.7240,8.81,-702.5810,9.73,9
600582,天地科技,2009-03-31,7,6765.3450,10.03,-1501.3720,12.26,8
600583,海油工程,2009-03-31,8,16119.7800,7.46,497.3400,7.23,8
600585,海螺水泥,2009-03-31,6,5848.4070,3.31,358.2520,3.11,5
600586,金晶科技,2009-03-31,9,8112.0540,13.75,1735.2410,10.81,6
600587,新华医疗,2009-03-31,2,300.0000,2.23,-721.0670,7.60,4
600588,用友软件,2009-03-31,9,6714.4290,14.39,-1353.4350,17.29,10
600590,泰豪科技,2009-03-31,5,1007.9910,3.42,473.7050,1.81,3
600592,龙溪股份,2009-03-31,3,1166.7580,3.89,527.6720,2.13,2
600595,中孚实业,2009-03-31,2,321.9760,0.49,16.2706,0.47,2
600596,新安股份,2009-03-31,9,5231.9360,18.24,-1352.4640,22.96,10
600597,光明乳业,2009-03-31,7,2742.0250,2.63,1292.7420,1.39,4
600598,北大荒,2009-03-31,8,5276.4140,3.08,-924.4680,3.70,8
600600,青岛啤酒,2009-03-31,5,4968.6560,3.80,734.9710,3.24,5
600601,方正科技,2009-03-31,3,1889.4610,1.09,-1764.9920,2.12,5
600606,金丰投资,2009-03-31,5,2291.3290,5.87,2124.8260,0.43,1
600611,大众交通,2009-03-31,1,402.4560,0.26,3.7100,0.25,1
600612,老凤祥,2009-03-31,6,1387.4590,5.01,238.4920,4.15,5
600615,丰华股份,2009-03-31,1,62.9942,0.34,62.9942,0.00,0
600616,金枫酒业,2009-03-31,6,3937.9330,10.77,-1211.9130,14.09,6
600618,氯碱化工,2009-03-31,1,826.3180,0.71,826.3180,0.00,0
600621,华鑫股份,2009-03-31,1,293.3340,0.56,-37.2260,0.63,1
600624,复旦复华,2009-03-31,1,45.8210,0.13,45.8210,0.00,0
600626,申达股份,2009-03-31,1,232.1080,0.49,-29.3030,0.55,1
600628,新世界,2009-03-31,6,5385.4790,10.13,-1423.1960,12.80,8
600629,棱光实业,2009-03-31,4,2468.1610,9.18,970.0270,5.57,2
600635,大众公用,2009-03-31,4,1921.9380,1.29,-2805.7880,3.16,5
600636,三爱富,2009-03-31,6,2081.6810,6.00,-515.3250,7.48,3
600637,百视通,2009-03-31,1,218.2940,0.31,218.2940,0.00,0
600638,新黄浦,2009-03-31,3,945.2690,1.68,527.5560,0.74,2
600639,浦东金桥,2009-03-31,5,3611.8960,4.28,-3660.7220,8.61,6
600640,号百控股,2009-03-31,2,1836.2490,4.57,1836.2490,0.00,0
600641,万业企业,2009-03-31,8,4068.5970,9.08,-1381.7580,12.17,7
600642,申能股份,2009-03-31,4,6179.2500,2.14,-56.1800,2.16,4
600643,爱建股份,2009-03-31,1,422.4010,0.51,-136.1100,0.68,2
600644,乐山电力,2009-03-31,6,3303.4890,10.12,1552.9060,5.36,4
600649,城投控股,2009-03-31,7,10242.5450,4.46,2834.6140,3.22,6
600650,锦江投资,2009-03-31,1,395.2980,0.72,395.2980,0.00,0
600653,申华控股,2009-03-31,3,1324.6240,0.91,-229.0300,1.07,4
600655,豫园商城,2009-03-31,3,3992.5900,5.50,-2172.3590,8.49,3
600657,信达地产,2009-03-31,1,420.0000,0.28,420.0000,0.00,0
600658,电子城,2009-03-31,1,117.5080,0.70,-11.7510,0.77,1
600660,福耀玻璃,2009-03-31,8,19221.3500,9.60,-1018.8700,10.11,9
600662,强生控股,2009-03-31,1,1000.0000,1.23,1000.0000,0.00,0
600663,陆家嘴,2009-03-31,1,1080.5100,0.58,469.6860,0.33,1
600664,哈药股份,2009-03-31,2,5294.9600,4.26,694.7400,3.70,2
600665,天地源,2009-03-31,5,2489.2400,3.46,1585.8800,1.25,2
600668,尖峰集团,2009-03-31,1,200.0000,0.58,200.0000,0.00,0
600673,东阳光铝,2009-03-31,1,183.5210,0.22,-1052.9300,1.50,5
600674,川投能源,2009-03-31,6,5015.5800,7.85,961.1130,6.35,5
600675,中华企业,2009-03-31,8,9911.4340,9.11,1470.7840,7.76,8
600683,京投银泰,2009-03-31,2,600.0000,2.13,-1474.3610,7.35,2
600684,珠江实业,2009-03-31,7,1954.6350,10.45,1424.6474,2.83,3
600685,广船国际,2009-03-31,4,587.0848,1.19,-1136.4162,3.48,7
600686,金龙汽车,2009-03-31,4,3188.5680,7.20,-2350.0260,12.51,5
600688,上海石化,2009-03-31,6,16200.3020,2.25,4261.9000,1.66,4
600690,青岛海尔,2009-03-31,7,11086.6710,8.28,-3250.8690,10.71,7
600692,亚通股份,2009-03-31,2,2635.1000,8.24,2635.1000,0.00,0
600693,东百集团,2009-03-31,5,3130.2360,11.86,-1679.7480,18.22,6
600694,大商股份,2009-03-31,7,5119.3800,17.43,-2052.8290,24.42,8
600697,欧亚集团,2009-03-31,9,4055.0240,25.49,-88.7820,26.05,10
600702,沱牌舍得,2009-03-31,7,3482.2550,10.32,2154.5630,3.94,3
600703,三安光电,2009-03-31,8,1518.4418,6.17,619.4318,3.65,4
600704,物产中大,2009-03-31,7,2518.0730,6.72,2518.0730,0.00,0
600708,海博股份,2009-03-31,1,994.9740,2.14,994.9740,0.00,0
600712,南宁百货,2009-03-31,1,306.3880,2.12,306.3880,0.00,0
600713,南京医药,2009-03-31,6,2082.4110,8.30,-411.6290,9.95,6
600717,天津港,2009-03-31,5,16004.0400,9.56,-500.6300,9.85,5
600718,东软集团,2009-03-31,8,8135.0580,8.61,-1730.9630,10.45,9
600720,祁连山,2009-03-31,9,7099.7330,17.93,2409.9040,11.85,7
600725,云维股份,2009-03-31,6,1450.5074,5.00,756.5854,2.39,3
600729,重庆百货,2009-03-31,7,2913.2390,14.28,-454.6970,16.51,7
600732,上海新梅,2009-03-31,1,175.9750,0.71,175.9750,0.00,0
600736,苏州高新,2009-03-31,8,7274.0580,8.25,-1477.5730,9.93,8
600737,中粮屯河,2009-03-31,8,11401.0530,11.34,-1663.5620,12.99,8
600738,兰州民百,2009-03-31,4,1191.4700,4.53,1191.4700,0.00,0
600739,辽宁成大,2009-03-31,8,14027.8200,15.58,-1564.8000,17.32,7
600741,华域汽车,2009-03-31,5,6675.5900,2.58,5924.3880,0.51,1
600742,一汽富维,2009-03-31,5,2067.7049,9.78,1523.8331,2.57,3
600744,华银电力,2009-03-31,2,1259.9140,1.77,1259.9140,0.00,0
600747,大连控股,2009-03-31,2,634.4940,0.60,159.4100,0.45,1
600748,上实发展,2009-03-31,7,8645.9430,7.98,-382.9280,8.33,9
600750,江中药业,2009-03-31,8,4661.4450,15.75,-383.7020,17.05,8
600893,航空动力,2009-03-31,8,1502.3701,3.40,721.8711,1.76,3
600894,广日股份,2009-03-31,5,1115.5350,1.46,785.5440,0.43,1
600895,张江高科,2009-03-31,9,17253.5970,11.14,-1690.4010,12.23,8
600896,中海海盛,2009-03-31,1,230.0000,0.40,230.0000,0.00,0
600897,厦门空港,2009-03-31,9,3037.0750,10.20,785.0550,7.56,8
600295,鄂尔多斯,2009-03-31,2,1699.9920,1.65,165.0630,1.49,2
600320,振华重工,2009-03-31,3,6817.0700,2.02,-2423.2900,2.88,4
600555,*ST九龙,2009-03-31,1,420.0000,0.48,-80.0000,0.58,1
000001,平安银行,2009-03-31,6,23767.8800,7.65,7382.6900,5.28,4
000002,万科A,2009-03-31,6,56363.2700,5.13,24979.8500,2.85,4
000006,深振业A,2009-03-31,7,4043.4830,7.97,1793.1600,4.44,5
000009,中国宝安,2009-03-31,9,12823.9330,12.34,11108.0070,1.65,4
000012,南玻A,2009-03-31,6,8508.4220,6.88,365.2720,6.58,5
000014,沙河股份,2009-03-31,4,1452.1190,7.20,209.4840,6.16,3
000016,深康佳A,2009-03-31,5,10233.3400,8.50,9613.7410,0.52,1
000021,长城开发,2009-03-31,4,619.2950,0.70,190.3720,0.49,2
000024,招商地产,2009-03-31,10,13003.4000,7.57,1407.2900,6.75,8
000026,飞亚达A,2009-03-31,3,806.3930,3.23,-150.0930,3.84,4
000027,深圳能源,2009-03-31,9,9515.5550,4.32,2913.5690,3.00,8
000028,国药一致,2009-03-31,9,4968.2780,17.24,-562.7970,19.20,9
000031,中粮地产,2009-03-31,9,14457.1700,7.97,399.5970,7.75,8
000039,中集集团,2009-03-31,1,1800.0000,0.68,-218.9000,0.76,1
000042,深长城,2009-03-31,5,1210.8840,5.06,815.2980,1.65,3
000043,中航地产,2009-03-31,6,1866.4810,8.40,797.5080,4.81,5
000046,泛海建设,2009-03-31,9,10926.7980,4.83,972.9480,4.40,7
000050,深天马A,2009-03-31,2,629.9520,1.10,629.9520,0.00,0
000059,辽通化工,2009-03-31,4,5717.5100,4.76,4823.0490,0.75,5
000060,中金岭南,2009-03-31,7,7290.5390,7.12,3317.6540,3.88,5
000061,农产品,2009-03-31,6,5017.9460,11.10,-994.8590,13.30,6
000063,中兴通讯,2009-03-31,5,7563.3800,5.63,-1396.8000,6.67,6
000066,长城电脑,2009-03-31,4,1887.1550,3.43,1805.6150,0.15,1
000068,华控赛格,2009-03-31,1,2575.1500,2.87,0.0000,2.87,1
000069,华侨城A,2009-03-31,10,23856.9500,9.10,-2877.6800,10.20,10
000088,盐田港,2009-03-31,8,6398.1720,5.14,-663.9450,5.67,8
000089,深圳机场,2009-03-31,7,10895.7510,6.45,3928.1810,4.12,5
000090,深天健,2009-03-31,3,929.8690,3.05,252.5410,2.23,2
000096,广聚能源,2009-03-31,1,157.5650,0.30,157.5650,0.00,0
000099,中信海直,2009-03-31,4,976.7460,1.90,976.7460,0.00,0
000151,中成股份,2009-03-31,1,100.0000,0.34,100.0000,0.00,0
000155,川化股份,2009-03-31,2,444.9930,0.95,-400.1000,1.80,3
000157,中联重科,2009-03-31,9,15127.7700,9.95,410.5800,9.68,8
000159,国际实业,2009-03-31,6,1102.1790,4.58,313.1150,3.28,2
000301,东方市场,2009-03-31,4,1992.2290,1.64,35.5900,1.61,4
000400,许继电气,2009-03-31,9,5720.0720,15.12,-1342.3930,18.67,10
000401,冀东水泥,2009-03-31,8,9367.7110,7.72,933.4530,6.95,8
000402,金融街,2009-03-31,7,28252.9400,11.39,-10006.1500,15.42,9
000407,胜利股份,2009-03-31,4,1672.3870,4.69,1672.3870,0.00,0
000410,沈阳机床,2009-03-31,7,3238.2910,5.94,1048.7880,4.01,4
000417,合肥百货,2009-03-31,7,4989.7190,13.52,174.7040,13.05,7
000418,小天鹅A,2009-03-31,4,3136.8090,5.73,1430.6720,3.12,4
000422,湖北宜化,2009-03-31,8,7817.8410,14.42,-1943.8070,18.00,8
000423,东阿阿胶,2009-03-31,7,6105.1160,11.66,-2398.3510,16.24,9
000425,徐工机械,2009-03-31,8,7170.9870,13.16,-886.3480,14.78,6
000428,华天酒店,2009-03-31,3,1929.1310,5.23,911.6310,2.76,1
000429,粤高速A,2009-03-31,1,711.1630,0.57,411.1630,0.24,1
600754,锦江股份,2009-03-31,4,906.4030,1.50,-884.7430,2.97,5
600755,厦门国贸,2009-03-31,4,1285.9650,2.59,1221.8417,0.13,1
600758,红阳能源,2009-03-31,3,694.8120,4.35,694.8120,0.00,0
600761,安徽合力,2009-03-31,6,3246.8220,9.10,-2536.6590,16.20,9
600765,中航重机,2009-03-31,6,1333.6850,2.57,850.3230,1.35,3
600770,综艺股份,2009-03-31,6,2195.5180,5.42,1630.2544,1.40,3
600779,水井坊,2009-03-31,5,2900.0960,5.94,-4475.0980,15.10,9
600780,通宝能源,2009-03-31,5,2447.5600,2.80,1004.1460,1.65,4
600782,新钢股份,2009-03-31,2,937.9600,0.67,-414.5700,0.97,2
600785,新华百货,2009-03-31,6,2483.8610,14.37,346.4710,12.36,5
600787,中储股份,2009-03-31,6,2741.1650,3.72,693.1660,2.78,5
600790,轻纺城,2009-03-31,2,1581.0270,2.56,1181.0450,0.65,1
600795,国电电力,2009-03-31,6,20654.8400,3.79,-6797.2400,5.04,8
600797,浙大网新,2009-03-31,2,1103.0210,1.36,-1527.4590,3.24,3
600801,华新水泥,2009-03-31,3,1017.0210,2.52,591.8870,1.05,1
600802,福建水泥,2009-03-31,3,919.9950,2.41,919.9950,0.00,0
600803,威远生化,2009-03-31,3,505.4900,2.14,-622.4140,4.77,3
600804,鹏博士,2009-03-31,6,5349.1860,8.33,1215.6850,6.44,6
600805,悦达投资,2009-03-31,1,517.8520,0.95,-958.4380,2.71,3
600806,昆明机床,2009-03-31,8,5088.3610,11.98,2133.6330,6.96,8
600808,马钢股份,2009-03-31,9,24406.8800,3.17,5047.6500,2.51,7
600809,山西汾酒,2009-03-31,7,3876.0450,8.95,740.1920,7.24,7
600811,东方集团,2009-03-31,2,975.1760,0.76,-622.2590,1.25,3
600812,华北制药,2009-03-31,9,14669.7410,14.26,5176.3830,9.23,8
600814,杭州解百,2009-03-31,4,1782.1330,5.74,-391.0100,7.00,5
600815,厦工股份,2009-03-31,2,1011.1110,1.45,1011.1110,0.00,0
600816,安信信托,2009-03-31,9,4524.2030,9.96,1526.9900,6.60,7
600820,隧道股份,2009-03-31,5,4420.5960,6.03,-1572.3640,8.17,5
600823,世茂股份,2009-03-31,1,672.8140,1.41,672.8140,0.00,0
600824,益民集团,2009-03-31,4,5861.0940,9.61,-608.0150,10.61,7
600825,新华传媒,2009-03-31,7,6003.7460,10.34,1456.1870,7.83,6
600826,兰生股份,2009-03-31,5,1580.0030,5.63,1580.0030,0.00,0
600827,友谊股份,2009-03-31,4,1612.6500,3.76,-891.3110,5.84,4
600828,成商集团,2009-03-31,8,3612.0750,17.78,457.0750,15.53,6
600829,三精制药,2009-03-31,8,2488.6610,6.44,-1267.1520,9.72,8
600831,广电网络,2009-03-31,7,5447.9450,16.34,1274.0900,12.52,5
600832,东方明珠,2009-03-31,3,6353.6400,1.99,-16.1500,2.00,3
600834,申通地铁,2009-03-31,2,1803.6100,3.78,938.5120,1.81,2
600835,上海机电,2009-03-31,7,9750.2230,9.53,-1058.2300,10.57,6
600836,界龙实业,2009-03-31,1,100.0000,0.32,100.0000,0.00,0
600838,上海九百,2009-03-31,2,447.9380,1.12,0.6680,1.12,2
600839,四川长虹,2009-03-31,5,4251.9390,2.24,2545.2550,0.90,3
600844,丹化科技,2009-03-31,1,131.0460,0.43,-808.7080,3.09,3
600845,宝信软件,2009-03-31,3,217.6074,0.83,-16.5012,0.89,2
600848,自仪股份,2009-03-31,1,80.3900,0.20,80.3900,0.00,0
601607,上海医药,2009-03-31,7,7310.0270,12.84,-85.5490,12.99,8
600855,航天长峰,2009-03-31,1,725.6910,2.48,725.6910,0.00,0
600856,长百集团,2009-03-31,3,811.7590,3.46,170.0000,2.73,2
600858,银座股份,2009-03-31,9,5702.9570,24.26,-1367.9880,30.08,9
600859,王府井,2009-03-31,9,4944.4090,12.58,-941.3840,14.98,10
600861,北京城乡,2009-03-31,3,3097.6870,9.78,2286.8510,2.56,3
600863,内蒙华电,2009-03-31,7,4544.0720,2.29,645.0760,1.97,8
600867,通化东宝,2009-03-31,8,3520.6260,9.55,-2478.2650,16.28,10
600869,远东电缆,2009-03-31,3,666.8140,5.56,666.8140,0.00,0
600871,仪征化纤,2009-03-31,1,401.9850,0.10,-1237.6900,0.41,2
600872,中炬高新,2009-03-31,4,3810.6840,5.26,3810.6840,0.00,0
600874,创业环保,2009-03-31,2,737.9490,0.52,415.3710,0.23,2
600875,东方电气,2009-03-31,7,8024.3680,9.10,-1515.6720,10.82,7
600879,航天电子,2009-03-31,7,6288.2450,11.63,390.3430,10.91,6
600880,博瑞传播,2009-03-31,7,6519.9640,17.37,-2288.0840,23.98,9
600881,亚泰集团,2009-03-31,3,5004.9500,3.96,3579.0770,1.13,2
600884,杉杉股份,2009-03-31,5,1176.0730,2.86,1176.0730,0.00,0
600886,国投电力,2009-03-31,4,4907.0360,4.65,-1723.0470,6.29,6
600887,伊利股份,2009-03-31,7,9008.8810,11.27,5811.7720,4.00,3
600888,新疆众和,2009-03-31,4,3087.2520,8.77,626.6700,6.99,6
000488,晨鸣纸业,2009-03-31,6,11863.4900,5.75,-4519.1800,7.94,6
000501,鄂武商A,2009-03-31,4,3661.5070,7.22,-8.9130,7.24,4
000502,绿景控股,2009-03-31,1,79.9990,0.43,0.0000,0.43,1
000503,海虹控股,2009-03-31,3,962.6130,1.29,71.1010,1.19,3
000507,珠海港,2009-03-31,1,189.8880,0.55,0.0000,0.55,1
000511,银基发展,2009-03-31,3,1857.4350,1.61,1004.4360,0.74,2
000513,丽珠集团,2009-03-31,4,2124.7870,6.94,-309.1190,7.95,4
000514,渝开发,2009-03-31,4,1103.3150,1.74,728.0550,0.59,3
000516,开元投资,2009-03-31,1,460.0000,3.10,-409.5990,5.87,2
000518,四环生物,2009-03-31,1,299.9930,0.29,299.9930,0.00,0
000520,*ST凤凰,2009-03-31,2,750.0390,1.11,-561.1770,1.94,4
000525,红太阳,2009-03-31,4,2498.1500,8.91,887.3130,5.75,3
000528,柳工,2009-03-31,5,3324.5370,7.01,-626.9850,8.36,6
000531,穗恒运A,2009-03-31,2,1127.1780,4.23,981.5010,0.55,1
000532,力合股份,2009-03-31,3,554.3510,1.61,151.9790,1.17,2
000537,广宇发展,2009-03-31,4,2906.1440,5.67,2240.8000,1.30,2
000538,云南白药,2009-03-31,8,4524.8350,8.47,178.4680,8.14,8
000539,粤电力A,2009-03-31,3,6737.3700,2.53,372.9800,2.39,3
000540,中天城投,2009-03-31,5,2465.7530,4.32,2222.5040,0.68,1
000541,佛山照明,2009-03-31,1,430.3420,0.62,37.4210,0.56,1
000543,皖能电力,2009-03-31,2,592.7440,0.77,257.5830,0.43,2
000548,湖南投资,2009-03-31,1,98.8894,0.20,98.8894,0.00,0
000550,江铃汽车,2009-03-31,5,4649.1390,5.39,-495.6050,5.96,6
000552,靖远煤电,2009-03-31,3,193.9328,1.09,193.9328,0.00,0
000553,沙隆达A,2009-03-31,6,2373.4890,4.00,1093.7390,2.16,1
000559,万向钱潮,2009-03-31,4,6934.4400,6.76,4779.1140,2.10,3
000560,昆百大A,2009-03-31,8,2681.1410,19.95,382.4970,17.10,5
000562,宏源证券,2009-03-31,5,2256.4950,1.54,-119.6500,1.63,4
000563,陕国投A,2009-03-31,5,2248.6000,6.27,767.2890,4.13,3
000566,海南海药,2009-03-31,4,2080.9960,9.92,-1592.0510,17.50,6
000567,海德股份,2009-03-31,1,451.1780,2.98,451.1780,0.00,0
000568,泸州老窖,2009-03-31,8,10952.7630,7.86,-4191.1170,10.86,9
000570,苏常柴A,2009-03-31,1,199.9910,0.53,15.5310,0.49,1
000571,新大洲A,2009-03-31,3,1520.7880,2.07,1520.7880,0.00,0
000572,海马汽车,2009-03-31,8,2673.7880,3.02,2632.6630,0.05,1
000576,广东甘化,2009-03-31,1,150.0000,0.46,150.0000,0.00,0
000581,威孚高科,2009-03-31,5,3142.2890,5.54,-2798.2820,10.47,6
000582,北海港,2009-03-31,3,773.6900,5.44,514.9950,1.82,1
000589,黔轮胎A,2009-03-31,1,120.0000,0.47,120.0000,0.00,0
000597,东北制药,2009-03-31,8,4336.8390,12.99,-585.1560,14.75,8
000598,兴蓉投资,2009-03-31,2,546.9060,1.81,546.9060,0.00,0
000599,青岛双星,2009-03-31,1,284.9950,0.54,-224.8370,0.97,1
000600,建投能源,2009-03-31,3,1007.9840,1.10,94.5080,1.00,2
000608,阳光股份,2009-03-31,4,2022.4573,3.78,2022.4573,0.00,0
000612,焦作万方,2009-03-31,5,1148.7450,2.39,-1644.4840,5.82,7
000616,亿城股份,2009-03-31,7,9139.7200,15.18,1137.4200,13.29,6
000617,*ST济柴,2009-03-31,2,791.8270,3.30,402.3950,1.63,1
000619,海螺型材,2009-03-31,6,3557.0580,9.88,1432.5460,5.90,5
000623,吉林敖东,2009-03-31,7,7040.4990,12.28,-3772.0610,18.86,7
000625,长安汽车,2009-03-31,3,2935.7890,1.26,1552.5560,0.59,2
000627,天茂集团,2009-03-31,2,622.6400,0.92,622.6400,0.00,0
000629,攀钢钒钛,2009-03-31,3,20250.4800,5.03,12972.0900,1.81,2
000630,铜陵有色,2009-03-31,8,3850.1700,2.97,1792.7200,1.59,7
000635,英力特,2009-03-31,6,1923.7550,13.99,1535.3970,2.83,1
000650,仁和药业,2009-03-31,9,1821.6836,8.28,133.2439,7.67,8
000651,格力电器,2009-03-31,4,8714.0900,6.96,-2001.9700,8.56,5
000652,泰达股份,2009-03-31,3,2135.3840,1.45,-2148.4700,2.90,5
000655,金岭矿业,2009-03-31,8,1992.8360,6.20,1277.1020,2.23,3
000657,*ST中钨,2009-03-31,1,200.0000,0.90,200.0000,0.00,0
000659,珠海中富,2009-03-31,3,2908.3160,4.23,-2.8080,4.23,3
000661,长春高新,2009-03-31,1,179.2980,1.37,3.5180,1.34,1
000663,永安林业,2009-03-31,1,170.0000,0.84,-563.3540,3.62,3
000666,经纬纺机,2009-03-31,3,1400.0000,2.32,1400.0000,0.00,0
000667,名流置业,2009-03-31,5,14092.8400,10.46,-1392.3100,11.49,6
000677,恒天海龙,2009-03-31,3,3076.5140,3.56,3076.5140,0.00,0
000679,大连友谊,2009-03-31,5,735.5020,3.10,735.5020,0.00,0
000680,山推股份,2009-03-31,9,9985.1110,13.15,612.2610,12.35,10
000683,远兴能源,2009-03-31,4,2359.8690,4.61,2359.8690,0.00,0
000685,中山公用,2009-03-31,5,3150.4249,5.26,-414.9821,5.95,5
000686,东北证券,2009-03-31,6,2378.6210,4.09,2065.7880,0.54,2
000687,恒天天鹅,2009-03-31,1,699.9730,1.09,699.9730,0.00,0
000690,宝新能源,2009-03-31,6,8957.5500,7.95,-269.6540,8.19,7
001696,宗申动力,2009-03-31,7,6145.0230,13.30,-316.0490,13.99,8
000698,沈阳化工,2009-03-31,9,4681.8980,9.21,662.8700,7.90,7
000707,双环科技,2009-03-31,5,1082.0840,2.33,-1751.1370,6.10,7
000708,大冶特钢,2009-03-31,4,1687.9560,3.76,1142.4290,1.21,1
000709,河北钢铁,2009-03-31,6,10487.2100,2.89,-12958.9800,6.47,8
000712,锦龙股份,2009-03-31,1,160.2180,0.53,160.2180,0.00,0
000717,*ST韶钢,2009-03-31,6,10687.7300,6.40,2780.1550,4.74,7
000718,苏宁环球,2009-03-31,9,9064.2830,6.39,3198.6950,4.13,7
000720,新能泰山,2009-03-31,3,733.8660,0.85,733.8660,0.00,0
000721,西安饮食,2009-03-31,2,359.9730,1.80,359.9730,0.00,0
000726,鲁泰A,2009-03-31,5,4727.2810,4.75,1187.5870,3.56,4
000728,国元证券,2009-03-31,6,829.2081,0.57,381.5020,0.31,3
000729,燕京啤酒,2009-03-31,8,11483.7200,9.49,-5565.0360,14.09,10
000731,四川美丰,2009-03-31,4,4255.6410,8.51,165.5890,8.18,6
000735,罗牛山,2009-03-31,3,3440.4910,3.91,3440.4910,0.00,0
000751,*ST锌业,2009-03-31,1,157.6500,0.14,-198.8990,0.32,1
000755,山西三维,2009-03-31,7,3224.6300,6.87,-1306.5970,9.66,5
000758,中色股份,2009-03-31,9,4934.3430,8.50,1863.7280,5.29,6
000759,中百集团,2009-03-31,9,11717.3400,20.90,-3818.7600,27.72,9
000761,本钢板材,2009-03-31,1,1167.6600,0.37,-1567.8400,0.87,2
000762,西藏矿业,2009-03-31,4,1947.7070,7.06,633.0990,4.77,3
000767,漳泽电力,2009-03-31,3,2193.0940,1.66,1474.1340,0.54,3
000768,中航飞机,2009-03-31,2,688.1250,0.61,-1299.4410,1.76,7
000776,广发证券,2009-03-31,1,245.7200,1.34,0.0000,1.34,1
000778,新兴铸管,2009-03-31,9,10129.7960,8.62,1889.0160,7.02,9
000780,平庄能源,2009-03-31,1,286.8000,0.28,286.8000,0.00,0
000782,美达股份,2009-03-31,1,774.4340,1.91,774.4340,0.00,0
000785,武汉中商,2009-03-31,4,933.2350,3.71,53.2450,3.50,1
000786,北新建材,2009-03-31,4,2036.3730,3.54,2036.3730,0.00,0
000790,华神集团,2009-03-31,1,83.6080,0.42,-1533.0100,8.10,5
000792,盐湖股份,2009-03-31,8,9494.1790,12.37,998.4900,11.07,8
000793,华闻传媒,2009-03-31,2,1379.6730,1.01,-632.0500,1.48,3
000796,易食股份,2009-03-31,1,999.9920,4.06,999.9920,0.00,0
000800,一汽轿车,2009-03-31,9,19372.8300,11.90,1068.3100,11.25,8
000807,云铝股份,2009-03-31,8,5612.2990,5.33,2162.2240,3.28,8
000811,烟台冰轮,2009-03-31,4,1133.1950,6.46,1133.1950,0.00,0
000815,*ST美利,2009-03-31,3,1339.9190,8.46,328.5070,6.38,2
000816,江淮动力,2009-03-31,8,10141.7850,11.99,6475.8630,4.33,6
000822,山东海化,2009-03-31,8,3501.0990,3.91,1744.6780,1.96,6
000823,超声电子,2009-03-31,5,3113.2510,7.07,2276.6370,1.90,3
000825,太钢不锈,2009-03-31,8,22407.2900,3.93,8087.2800,2.52,6
000826,桑德环境,2009-03-31,9,6335.3670,15.33,-89.8550,15.54,9
000829,天音控股,2009-03-31,3,1327.0340,1.40,-215.7560,1.63,2
000830,鲁西化工,2009-03-31,2,1069.1720,1.02,1069.1720,0.00,0
000831,五矿稀土,2009-03-31,3,887.2380,1.36,-1347.7980,3.42,3
000833,贵糖股份,2009-03-31,1,140.0000,0.47,-444.0110,1.97,3
000837,秦川发展,2009-03-31,9,5137.4430,14.73,-1392.9700,18.73,10
000839,中信国安,2009-03-31,9,8647.9230,5.54,-2424.6800,7.10,9
000848,承德露露,2009-03-31,8,3456.8960,18.19,-488.7940,20.76,8
000850,华茂股份,2009-03-31,4,1784.6600,2.84,1784.6600,0.00,0
000852,江钻股份,2009-03-31,1,46.0980,0.15,46.0980,0.00,0
000858,五粮液,2009-03-31,7,10922.3500,2.88,-6660.2100,4.63,8
000860,顺鑫农业,2009-03-31,6,2884.7530,6.58,-929.7490,8.70,6
000862,银星能源,2009-03-31,1,625.9510,2.65,625.9510,0.00,0
000869,张裕A,2009-03-31,2,1358.2600,2.58,-402.9190,3.34,3
000875,吉电股份,2009-03-31,4,2639.8380,3.15,-57.2570,3.22,3
000876,新希望,2009-03-31,5,3932.8220,5.20,2068.7950,2.46,5
000877,天山股份,2009-03-31,9,7294.0430,23.38,19.1130,23.31,9
000878,云南铜业,2009-03-31,8,4635.6070,3.69,-778.5480,4.31,6
000882,华联股份,2009-03-31,1,803.4900,3.22,0.0000,3.22,1
000885,同力水泥,2009-03-31,1,69.8649,0.44,69.8649,0.00,0
000886,海南高速,2009-03-31,5,4343.5750,4.39,4343.5750,0.00,0
000887,中鼎股份,2009-03-31,7,2275.3310,6.42,410.0130,5.93,6
000888,峨眉山A,2009-03-31,8,3999.7940,17.01,-758.8610,20.23,9
000893,东凌粮油,2009-03-31,4,915.8230,4.13,-72.5240,4.45,4
000895,双汇发展,2009-03-31,8,8153.5970,13.45,1378.6880,11.18,8
000897,津滨发展,2009-03-31,6,11127.8700,6.88,6328.6670,2.97,6
000898,*ST鞍钢,2009-03-31,8,18016.9900,2.49,-5090.2500,3.19,9
000899,赣能股份,2009-03-31,4,2433.0460,4.44,42.6660,4.36,5
000900,现代投资,2009-03-31,7,1811.6650,4.54,-756.3310,6.43,8
000901,航天科技,2009-03-31,2,823.5900,3.71,684.7050,0.63,1
000903,云内动力,2009-03-31,6,2781.7850,7.36,2781.7850,0.00,0
000905,厦门港务,2009-03-31,3,2564.4503,4.83,2564.4503,0.00,0
000910,大亚科技,2009-03-31,4,3304.3870,6.26,1369.5170,3.67,2
000911,南宁糖业,2009-03-31,8,3403.7920,11.87,319.5420,10.76,7
000912,泸天化,2009-03-31,7,2556.5560,4.37,-1168.8810,6.37,8
000913,钱江摩托,2009-03-31,1,169.9910,0.37,169.9910,0.00,0
000917,电广传媒,2009-03-31,9,7912.5250,19.47,-727.0160,21.26,8
000919,金陵药业,2009-03-31,5,2771.1010,5.50,2328.1150,0.88,2
000926,福星股份,2009-03-31,6,5243.5740,7.44,-1775.2580,9.95,6
000927,一汽夏利,2009-03-31,7,4201.9130,2.63,-914.4890,3.21,6
000930,中粮生化,2009-03-31,2,1146.3230,1.19,98.8200,1.09,2
000932,华菱钢铁,2009-03-31,7,11411.3010,4.17,-5186.8090,6.06,7
000933,神火股份,2009-03-31,6,4950.2610,9.90,-1422.1510,12.75,7
000935,四川双马,2009-03-31,3,895.5460,2.80,895.5460,0.00,0
000937,冀中能源,2009-03-31,9,5642.3980,7.16,-3907.8580,12.12,9
000938,紫光股份,2009-03-31,1,76.7645,0.37,76.7645,0.00,0
000939,凯迪电力,2009-03-31,1,119.0000,0.32,14.6250,0.28,1
000948,南天信息,2009-03-31,1,309.7790,1.47,309.7790,0.00,0
000950,建峰化工,2009-03-31,4,629.2124,2.02,-2137.6316,8.88,9
000951,中国重汽,2009-03-31,9,4922.7380,11.74,-1008.5420,14.14,9
000952,广济药业,2009-03-31,2,321.3490,1.28,139.2581,0.72,3
000959,首钢股份,2009-03-31,7,15192.2600,5.12,356.6750,5.00,6
000960,锡业股份,2009-03-31,10,5872.4340,9.02,804.2430,7.79,9
000962,东方钽业,2009-03-31,4,846.3010,2.37,570.2350,0.78,2
000963,华东医药,2009-03-31,7,4820.9940,11.11,-1298.6380,14.10,8
000965,天保基建,2009-03-31,6,1144.8320,3.72,641.0510,1.64,1
000966,长源电力,2009-03-31,2,2908.1400,5.25,2631.7140,0.50,1
000968,煤气化,2009-03-31,7,3734.5980,7.27,-113.9200,7.49,6
000969,安泰科技,2009-03-31,7,3320.1390,7.52,1951.4410,3.10,4
000970,中科三环,2009-03-31,8,4235.5670,8.34,-150.8110,8.64,8
000972,新中基,2009-03-31,2,976.1670,2.33,-1615.4460,6.19,3
000973,佛塑科技,2009-03-31,5,4915.8910,8.03,4915.8910,0.00,0
000978,桂林旅游,2009-03-31,6,2108.4490,11.91,499.5720,9.09,6
000983,西山煤电,2009-03-31,7,15797.5400,6.52,-10076.1800,10.67,9
000987,广州友谊,2009-03-31,8,5128.4510,14.29,-92.6760,14.54,8
000990,诚志股份,2009-03-31,5,2471.7990,9.16,2471.7990,0.00,0
000997,新大陆,2009-03-31,1,487.7660,1.08,-203.2310,1.53,2
000999,华润三九,2009-03-31,8,9449.0180,9.65,-1117.1090,10.79,10
600408,安泰集团,2009-03-31,1,291.2200,0.34,-1508.7800,2.12,2
600576,万好万家,2009-03-31,1,115.1800,0.53,-406.9300,2.39,1
600573,惠泉啤酒,2009-03-31,2,899.9920,3.60,-412.0620,5.25,4
600521,华海药业,2009-03-31,6,3814.4740,12.75,-629.2490,14.85,7
600375,华菱星马,2009-03-31,1,323.7880,1.73,323.7880,0.00,0
600343,航天动力,2009-03-31,1,179.8900,0.97,179.8900,0.00,0
600481,双良节能,2009-03-31,3,1622.8760,2.40,1029.0960,0.88,2
600004,白云机场,2009-03-31,5,4433.5090,3.86,-1164.8980,4.87,5
600459,贵研铂业,2009-03-31,1,225.7620,2.02,225.7620,0.00,0
600570,恒生电子,2009-03-31,3,3673.4740,12.37,-897.9610,15.39,4
600392,盛和资源,2009-03-31,2,604.3030,3.86,56.7880,3.50,1
600584,长电科技,2009-03-31,4,2796.9770,3.75,996.9770,2.42,2
600251,冠农股份,2009-03-31,4,2129.1420,8.82,165.6990,8.13,5
600436,片仔癀,2009-03-31,3,613.7250,4.38,-897.9410,10.80,6
600409,三友化工,2009-03-31,4,1511.8300,1.61,-679.6300,2.33,1
600031,三一重工,2009-03-31,9,11640.7910,7.82,1414.6520,6.87,8
600439,瑞贝卡,2009-03-31,8,7075.0000,14.92,816.4170,13.20,7
600271,航天信息,2009-03-31,3,5118.0800,8.31,-285.5400,8.78,3
600423,柳化股份,2009-03-31,7,2726.4200,10.24,-2268.5500,18.76,9
600475,华光股份,2009-03-31,7,2287.1000,8.93,203.7310,8.14,7
600425,青松建化,2009-03-31,9,6978.2350,18.92,516.1070,17.52,8
600029,南方航空,2009-03-31,9,23835.0300,3.63,19013.7290,0.73,6
600546,山煤国际,2009-03-31,7,3134.2550,10.45,3134.2550,0.00,0
600352,浙江龙盛,2009-03-31,3,2716.4380,4.12,-277.3770,4.54,3
600485,中创信测,2009-03-31,5,1499.9640,10.98,-282.9100,13.05,6
600020,中原高速,2009-03-31,3,1062.9500,0.50,-186.8530,0.59,4
600489,中金黄金,2009-03-31,5,1643.6420,4.57,-388.5420,5.66,6
600480,凌云股份,2009-03-31,2,728.7990,2.34,728.7990,0.00,0
600348,阳泉煤业,2009-03-31,9,8161.2930,8.49,-82.4150,8.57,8
600487,亨通光电,2009-03-31,5,1560.0830,9.39,132.3600,8.60,6
600547,山东黄金,2009-03-31,7,1854.9210,5.21,-1088.3460,8.27,8
600449,宁夏建材,2009-03-31,9,3552.8190,18.21,-637.4160,21.47,9
600432,吉恩镍业,2009-03-31,3,761.7140,1.50,453.1669,0.61,3
600015,华夏银行,2009-03-31,6,22174.2700,4.44,599.8400,4.32,6
600478,科力远,2009-03-31,5,1637.2820,5.72,620.3710,3.55,3
600517,置信电气,2009-03-31,5,4353.9920,10.56,-1058.2540,13.12,5
600406,国电南瑞,2009-03-31,3,1629.6520,6.39,211.7960,5.56,3
600469,风神股份,2009-03-31,8,4714.2600,12.57,2523.0980,5.84,5
600021,上海电力,2009-03-31,6,2676.8020,1.25,2043.8720,0.30,2
600184,光电股份,2009-03-31,4,354.4933,3.38,354.4933,0.00,0
600900,长江电力,2009-03-31,5,28860.6200,3.07,0.0000,3.07,5
600527,江南高纤,2009-03-31,4,3381.9590,9.63,2451.9320,2.65,1
600545,新疆城建,2009-03-31,1,419.9920,1.15,0.0000,1.15,1
600446,金证股份,2009-03-31,1,510.3980,3.71,510.3980,0.00,0
600540,新赛股份,2009-03-31,2,704.0100,3.02,104.0100,2.58,1
600354,敦煌种业,2009-03-31,4,862.1470,4.64,-1466.3480,12.52,6
000100,TCL集团,2009-03-31,3,3542.5180,1.37,-543.7900,1.58,3
600325,华发股份,2009-03-31,8,13865.9600,16.97,-1878.4900,19.27,9
600438,通威股份,2009-03-31,3,1072.8810,1.56,1072.8810,0.00,0
600470,六国化工,2009-03-31,3,911.5159,4.03,761.5159,0.66,1
600035,楚天高速,2009-03-31,6,5655.3250,6.07,2477.5720,3.41,5
600479,千金药业,2009-03-31,6,2639.3030,14.55,-1039.8420,20.28,7
600284,浦东建设,2009-03-31,3,1673.0380,4.84,-1042.4140,7.85,5
600463,空港股份,2009-03-31,3,818.8830,3.25,759.9241,0.23,1
600594,益佰制药,2009-03-31,4,2131.3530,9.06,1668.1330,1.97,1
600543,莫高股份,2009-03-31,4,1792.0290,10.05,1469.3140,1.81,2
600405,动力源,2009-03-31,1,311.1120,1.49,311.1120,0.00,0
600467,好当家,2009-03-31,7,1772.8454,2.80,-1642.7976,5.39,9
600960,渤海活塞,2009-03-31,1,329.9790,2.03,329.9790,0.00,0
002181,粤传媒,2009-03-31,1,365.6130,1.04,-61.0840,1.22,1
600969,郴电国际,2009-03-31,6,1395.2023,6.64,1395.2023,0.00,0
600572,康恩贝,2009-03-31,6,1742.0493,5.38,195.6273,4.77,3
600497,驰宏锌锗,2009-03-31,5,1951.9940,2.50,-0.9900,2.50,5
600986,科达股份,2009-03-31,5,944.0190,5.63,650.9450,1.75,1
600410,华胜天成,2009-03-31,1,610.9860,1.46,-468.1240,2.58,1
600985,雷鸣科化,2009-03-31,4,672.7800,7.48,672.7800,0.00,0
600990,四创电子,2009-03-31,1,52.2660,0.89,4.1050,0.82,1
600993,马应龙,2009-03-31,1,110.2800,1.20,-145.3320,2.78,2
600491,龙元建设,2009-03-31,3,1492.1440,3.84,1492.1440,0.00,0
600963,岳阳林纸,2009-03-31,9,14457.0210,22.17,-1044.7730,23.77,9
600495,晋西车轴,2009-03-31,3,186.8649,1.11,-269.0439,4.43,4
600461,洪城水业,2009-03-31,1,148.9440,1.06,148.9440,0.00,0
600997,开滦股份,2009-03-31,7,5637.4140,9.13,-579.7370,10.07,7
600966,博汇纸业,2009-03-31,7,4609.9710,9.14,1676.5060,5.81,5
600995,文山电力,2009-03-31,4,2977.1630,7.47,-483.4050,8.68,5
600420,现代制药,2009-03-31,7,2433.1140,8.46,723.0596,5.94,6
002001,新和成,2009-03-31,10,3542.8050,10.36,1348.1090,6.42,8
002003,伟星股份,2009-03-31,7,2459.1420,12.22,-396.7050,14.19,7
600962,国投中鲁,2009-03-31,4,758.0600,3.76,-52.3810,4.02,3
002004,华邦颖泰,2009-03-31,6,913.0882,6.92,465.0616,3.40,4
002005,德豪润达,2009-03-31,4,1417.7230,4.39,1162.9910,0.79,1
600143,金发科技,2009-03-31,5,5329.6750,3.82,-976.3040,4.52,5
002006,精功科技,2009-03-31,2,311.7130,2.16,191.2810,0.84,1
002007,华兰生物,2009-03-31,6,3452.2350,15.34,-63.7560,15.62,6
002008,大族激光,2009-03-31,6,8935.4240,12.83,-1185.5560,14.54,6
600022,山东钢铁,2009-03-31,8,12727.2890,7.34,1951.4490,6.22,7
002009,天奇股份,2009-03-31,4,1522.1680,6.89,-101.7120,7.35,5
002010,传化股份,2009-03-31,4,1500.0240,7.40,-894.5780,11.81,4
002011,盾安环境,2009-03-31,5,840.2741,2.61,734.7081,0.33,1
002012,凯恩股份,2009-03-31,2,450.4210,2.31,0.0000,2.31,2
002013,中航精机,2009-03-31,2,228.5180,2.13,228.5180,0.00,0
002014,永新股份,2009-03-31,4,722.8950,5.19,94.4770,4.51,4
002015,霞客环保,2009-03-31,1,160.2130,0.94,-34.5000,1.14,1
002017,东信和平,2009-03-31,5,896.6240,5.84,108.9770,5.13,5
002018,华星化工,2009-03-31,4,1212.7530,7.43,452.5850,4.66,3
002019,鑫富药业,2009-03-31,1,134.5820,0.70,-414.6892,2.87,4
600482,风帆股份,2009-03-31,5,2678.1640,5.81,2466.1040,0.46,1
002022,科华生物,2009-03-31,8,6530.1460,20.69,207.1750,20.04,8
002023,海特高新,2009-03-31,5,962.8280,5.12,782.1964,0.96,2
002024,苏宁云商,2009-03-31,7,27616.4900,9.23,-4791.6700,10.84,8
002025,航天电器,2009-03-31,6,3359.0370,10.18,782.9770,7.81,4
600983,合肥三洋,2009-03-31,3,2341.8000,7.03,-912.2740,9.77,6
600973,宝胜股份,2009-03-31,3,836.2830,5.36,319.3821,3.31,3
002027,七喜控股,2009-03-31,1,179.0040,0.59,-35.7800,0.71,1
002028,思源电气,2009-03-31,7,4087.3050,14.87,-1006.1170,18.54,7
002029,七匹狼,2009-03-31,6,4508.3810,15.94,104.4380,15.57,6
002030,达安基因,2009-03-31,4,617.8070,3.08,-459.3380,5.37,5
002031,巨轮股份,2009-03-31,1,245.0000,1.00,100.4030,0.59,1
600971,恒源煤电,2009-03-31,8,2568.5770,13.63,390.2600,11.56,7
002032,苏泊尔,2009-03-31,7,1741.3296,3.92,-204.2514,4.38,9
600978,宜华木业,2009-03-31,2,992.0350,0.99,66.2140,0.92,2
002033,丽江旅游,2009-03-31,2,182.8167,1.84,-754.0207,9.43,5
600961,*ST株冶,2009-03-31,1,169.7270,0.32,-96.7040,0.51,2
002035,华帝股份,2009-03-31,1,120.4370,0.70,-12.2000,0.77,1
002036,宜科科技,2009-03-31,1,77.0893,0.57,-100.6400,1.32,2
002037,久联发展,2009-03-31,4,1027.1910,8.49,-523.9810,12.82,6
002038,双鹭药业,2009-03-31,6,2687.6330,10.82,-393.3630,12.40,6
600027,华电国际,2009-03-31,5,7731.3200,1.28,1496.2200,1.04,3
002040,南京港,2009-03-31,1,96.8738,0.39,96.8738,0.00,0
600970,中材国际,2009-03-31,8,2171.4360,12.93,-26.7420,13.08,7
002041,登海种业,2009-03-31,5,505.0895,2.87,-1057.6845,8.88,6
002042,华孚色纺,2009-03-31,3,258.5124,2.59,258.5124,0.00,0
002045,国光电器,2009-03-31,6,2530.4060,12.38,108.8690,11.84,5
002047,*ST成霖,2009-03-31,1,185.8000,0.66,-534.5790,2.54,2
002048,宁波华翔,2009-03-31,6,2550.5020,5.17,-916.4160,7.02,7
002050,三花股份,2009-03-31,7,1037.6747,3.93,232.9298,3.05,6
601588,北辰实业,2009-03-31,3,3187.5940,0.95,-431.2400,1.08,3
601866,中海集运,2009-03-31,7,13077.2200,1.12,10399.1210,0.23,3
601899,紫金矿业,2009-03-31,9,12811.4300,0.88,2011.8870,0.74,8
002051,中工国际,2009-03-31,4,460.4262,2.42,374.6970,0.45,1
002052,同洲电子,2009-03-31,6,2138.9130,7.28,451.5630,5.75,4
002053,云南盐化,2009-03-31,1,129.4220,0.70,-37.8500,0.90,1
601398,工商银行,2009-03-31,4,75928.0000,0.23,52320.6000,0.07,1
601939,建设银行,2009-03-31,2,19957.5900,0.09,-8783.3100,0.12,2
601169,北京银行,2009-03-31,1,7899.9900,1.27,1899.9900,0.96,1
601988,中国银行,2009-03-31,1,8410.9700,0.03,8410.9700,0.00,0
601009,南京银行,2009-03-31,3,5115.7100,2.79,4164.8420,0.52,1
601628,中国人寿,2009-03-31,3,8155.9000,0.29,-4424.8500,0.45,5
601318,中国平安,2009-03-31,1,3900.0000,0.53,3900.0000,0.00,0
601601,中国太保,2009-03-31,3,10699.9300,1.39,10699.9300,0.00,0
600018,上港集团,2009-03-31,2,7051.2800,0.34,-3191.4100,0.49,3
002110,三钢闽光,2009-03-31,4,1258.8280,2.35,277.0220,1.84,3
601005,重庆钢铁,2009-03-31,4,1803.2640,1.04,1078.9420,0.42,4
601857,中国石油,2009-03-31,6,17521.3900,0.10,2901.2200,0.08,4
002106,莱宝高科,2009-03-31,4,2492.0660,7.55,-316.3650,8.51,6
601600,中国铝业,2009-03-31,4,5215.5530,0.39,1234.6030,0.29,2
601088,中国神华,2009-03-31,8,18999.4600,0.96,-3034.3900,1.11,7
002067,景兴纸业,2009-03-31,3,519.3600,1.32,-1544.4200,5.26,4
002060,粤水电,2009-03-31,6,2358.5600,8.51,170.5740,7.90,5
601333,广深铁路,2009-03-31,4,11256.2200,1.59,-2301.1300,1.91,5
002187,广百股份,2009-03-31,6,1065.0280,6.66,-198.9650,7.90,6
002230,科大讯飞,2009-03-31,8,857.2702,8.00,-15.5509,8.15,7
002088,鲁阳股份,2009-03-31,7,1920.9400,8.94,-527.0420,11.40,8
002267,陕天然气,2009-03-31,6,2672.1912,5.26,-1207.5528,7.63,7
002153,石基信息,2009-03-31,7,1328.1932,11.86,-10.9598,11.96,7
002058,威尔泰,2009-03-31,1,82.9950,1.33,82.9950,0.00,0
002063,远光软件,2009-03-31,4,358.7888,3.27,-104.9582,4.22,3
601111,中国国航,2009-03-31,5,9884.6700,0.81,5845.0730,0.33,3
002205,国统股份,2009-03-31,2,222.7000,2.78,177.0225,0.57,1
002056,横店东磁,2009-03-31,9,4787.5430,11.65,1562.0000,7.85,4
002116,中国海诚,2009-03-31,1,57.5279,0.51,57.5279,0.00,0
002272,川润股份,2009-03-31,1,22.6600,0.25,22.6600,0.00,0
002186,全聚德,2009-03-31,1,38.5050,0.27,-3.0700,0.29,1
002142,宁波银行,2009-03-31,4,5167.6640,2.07,313.2320,1.94,4
601727,上海电气,2009-03-31,1,200.0000,0.02,200.0000,0.00,0
601168,西部矿业,2009-03-31,3,4634.5500,1.94,4634.5500,0.00,0
000338,潍柴动力,2009-03-31,9,5509.7550,6.61,194.1910,6.38,9
002261,拓维信息,2009-03-31,8,652.9894,8.18,-90.9565,9.32,10
002140,东华科技,2009-03-31,5,593.9162,5.54,-14.5156,5.67,5
002080,中材科技,2009-03-31,8,1796.0920,11.97,121.8510,11.16,7
601919,*ST远洋,2009-03-31,1,2034.7500,0.20,-1211.8100,0.32,1
601808,中海油服,2009-03-31,9,6010.6020,1.34,-1077.5550,1.58,9
002182,云海金属,2009-03-31,4,549.2823,2.86,519.4123,0.16,1
601001,大同煤业,2009-03-31,8,7568.5790,9.04,3016.2630,5.44,5
002202,金风科技,2009-03-31,7,7678.0650,7.68,4872.2410,2.81,3
002143,高金食品,2009-03-31,3,778.4330,4.85,308.2280,2.93,2
002054,德美化工,2009-03-31,2,284.8106,2.13,-443.0004,5.43,2
002066,瑞泰科技,2009-03-31,1,208.3490,2.32,208.3490,0.00,0
002146,荣盛发展,2009-03-31,4,1979.5860,2.48,318.7780,2.08,4
002065,东华软件,2009-03-31,7,2297.7750,8.09,1237.2940,3.74,5
600048,保利地产,2009-03-31,8,19200.7600,7.83,-497.8400,8.03,8
601006,大秦铁路,2009-03-31,1,13154.2000,1.01,-8259.4000,1.65,3
601699,潞安环能,2009-03-31,6,6618.8320,5.75,-1683.3500,7.22,6
002082,栋梁新材,2009-03-31,1,62.9980,0.26,-283.8268,1.46,3
002089,新海宜,2009-03-31,2,259.9671,1.70,259.9671,0.00,0
002240,威华股份,2009-03-31,1,246.0000,0.80,-23.8780,0.88,1
002078,太阳纸业,2009-03-31,6,2517.3160,5.01,-817.3960,6.64,5
002091,江苏国泰,2009-03-31,6,2717.5220,11.32,936.2590,7.42,5
601008,连云港,2009-03-31,1,1293.0000,2.41,0.0000,2.41,1
002077,大港股份,2009-03-31,2,192.8622,0.77,45.9312,0.58,1
002062,宏润建设,2009-03-31,4,1051.5354,5.26,397.6110,3.27,2
002064,华峰氨纶,2009-03-31,2,1503.7130,4.07,655.7420,2.30,2
002073,软控股份,2009-03-31,5,1879.0900,6.59,-222.4620,7.38,4
002208,合肥城建,2009-03-31,1,90.0000,0.56,-9.9910,0.63,1
601666,平煤股份,2009-03-31,8,10468.8320,9.74,315.9940,9.45,8
002068,黑猫股份,2009-03-31,2,433.1164,2.70,-174.8416,3.80,3
601898,中煤能源,2009-03-31,8,17335.7000,1.31,1003.9300,1.23,8
002069,獐子岛,2009-03-31,1,99.5636,0.44,-399.9104,2.21,3
601918,国投新集,2009-03-31,4,3619.0200,1.96,3355.7860,0.14,1
002081,金螳螂,2009-03-31,6,1384.1210,9.82,-318.6930,12.08,7
002084,海鸥卫浴,2009-03-31,4,741.2510,3.50,-483.5359,5.78,7
002172,澳洋科技,2009-03-31,1,110.8360,0.32,-13.7200,0.36,1
002154,报喜鸟,2009-03-31,4,928.5418,4.84,-507.4492,7.48,7
600017,日照港,2009-03-31,4,3543.2030,2.81,-1465.5890,3.97,4
002074,东源电器,2009-03-31,7,1825.0710,12.97,164.0940,11.80,6
002092,中泰化学,2009-03-31,4,2523.3630,4.70,-1285.7400,7.10,5
002094,青岛金王,2009-03-31,4,603.0410,2.81,423.7430,0.84,2
601872,招商轮船,2009-03-31,2,2177.7960,0.63,1302.0400,0.26,1
002095,生意宝,2009-03-31,1,118.6500,1.32,-24.3761,1.59,2
002083,孚日股份,2009-03-31,9,3558.2670,3.79,1742.5960,1.94,5
002097,山河智能,2009-03-31,3,467.1210,1.70,-12.1320,1.75,3
002093,国脉科技,2009-03-31,8,2687.2798,10.06,625.7716,7.72,10
002099,海翔药业,2009-03-31,1,214.9570,1.34,214.9570,0.00,0
002100,天康生物,2009-03-31,4,217.9971,1.73,-276.3773,3.92,5
002200,*ST大地,2009-03-31,4,639.1055,7.61,-140.4520,9.29,5
002104,恒宝股份,2009-03-31,5,2738.6630,9.32,64.9380,9.10,5
002109,兴化股份,2009-03-31,1,1200.0000,3.35,-227.9590,3.98,3
601002,晋亿实业,2009-03-31,4,1801.3300,2.44,1801.3300,0.00,0
002111,威海广泰,2009-03-31,2,838.1800,5.82,-252.5870,7.58,4
002107,沃华医药,2009-03-31,3,197.4867,2.41,51.1119,1.79,2
002121,科陆电子,2009-03-31,5,1235.4210,10.30,58.3740,9.81,6
002112,三变科技,2009-03-31,1,99.9889,1.25,-89.9631,2.37,1
002115,三维通信,2009-03-31,7,709.0579,5.91,-510.7064,10.17,6
002113,天润控股,2009-03-31,1,299.9880,2.53,299.9880,0.00,0
002250,联化科技,2009-03-31,1,55.9984,0.43,-100.5287,1.21,2
002207,准油股份,2009-03-31,2,231.1440,2.32,-107.6860,3.41,3
002211,宏达新材,2009-03-31,2,427.8674,1.77,8.8300,1.73,2
002216,三全食品,2009-03-31,5,455.6252,4.87,-209.4444,7.11,8
601003,柳钢股份,2009-03-31,2,490.4220,0.19,-76.6679,0.22,3
002123,荣信股份,2009-03-31,6,1478.2350,11.55,-6.9310,11.60,5
601007,金陵饭店,2009-03-31,1,99.9964,0.33,99.9964,0.00,0
002122,天马股份,2009-03-31,9,2602.2810,8.76,343.0100,8.31,10
002129,中环股份,2009-03-31,5,1066.8160,2.21,-515.1090,3.28,4
002232,启明信息,2009-03-31,4,655.5580,5.16,2.1810,5.14,7
002133,广宇集团,2009-03-31,2,1280.5030,2.57,1056.7330,0.45,1
601958,金钼股份,2009-03-31,8,3709.1640,1.38,615.6140,1.15,8
002128,露天煤业,2009-03-31,6,2556.6070,3.01,859.0730,2.00,5
002248,华东数控,2009-03-31,1,10.0000,0.08,-167.6936,1.48,3
002170,芭田股份,2009-03-31,1,87.7998,0.52,-275.1695,2.15,4
002148,北纬通信,2009-03-31,3,509.5680,6.74,213.4720,3.92,3
002152,广电运通,2009-03-31,5,2319.0360,8.13,584.5960,6.08,4
002149,西部材料,2009-03-31,1,210.7990,2.31,121.2308,0.98,1
002147,方圆支承,2009-03-31,6,1323.4740,7.04,319.7180,5.34,4
002151,北斗星通,2009-03-31,1,13.0000,0.14,-35.5499,0.53,2
002155,辰州矿业,2009-03-31,1,282.1110,0.52,-32.1000,0.57,1
002254,泰和新材,2009-03-31,7,555.0526,4.42,-272.4769,6.59,8
002161,远望谷,2009-03-31,5,921.1812,7.17,166.6345,5.88,5
002169,智光电气,2009-03-31,2,210.0438,2.53,30.2933,2.17,3
002163,中航三鑫,2009-03-31,1,231.0350,1.13,231.0350,0.00,0
002164,东力传动,2009-03-31,3,300.0300,1.67,-24.9589,1.81,4
002165,红宝丽,2009-03-31,5,1033.0866,9.18,603.9026,3.82,3
002192,路翔股份,2009-03-31,1,64.6463,1.07,10.9147,0.89,1
002179,中航光电,2009-03-31,7,1318.7030,7.39,329.8869,5.54,7
002177,御银股份,2009-03-31,1,87.9950,0.59,-535.8450,4.18,4
002183,怡亚通,2009-03-31,9,2300.6041,9.31,-38.6659,9.47,9
601390,中国中铁,2009-03-31,8,34221.8400,1.61,3333.8700,1.45,8
002191,劲嘉股份,2009-03-31,2,959.9400,2.24,198.0260,1.78,3
002194,武汉凡谷,2009-03-31,7,2654.5870,6.21,-1380.0340,9.44,8
002197,证通电子,2009-03-31,3,214.7506,2.46,-185.7402,4.58,4
002210,飞马国际,2009-03-31,2,248.3500,1.83,100.0000,1.09,1
601999,出版传媒,2009-03-31,2,515.5030,0.94,-405.8763,1.67,4
002204,大连重工,2009-03-31,9,1695.6742,7.92,165.6581,7.15,8
002209,达意隆,2009-03-31,1,90.3176,0.79,-125.4920,1.89,3
002220,天宝股份,2009-03-31,2,361.3970,3.69,-160.3663,5.33,4
002212,南洋股份,2009-03-31,1,79.9727,0.53,-58.2069,0.92,4
002215,诺普信,2009-03-31,8,1739.9632,11.15,145.7011,10.22,8
002214,大立科技,2009-03-31,5,751.2910,7.51,-222.6015,9.74,9
002218,拓日新能,2009-03-31,4,281.9021,1.47,-158.9306,2.30,4
601766,中国南车,2009-03-31,8,19675.6700,1.66,-36700.6900,4.76,9
002219,独一味,2009-03-31,4,244.6692,2.62,-151.6285,4.24,5
601186,中国铁建,2009-03-31,7,19471.6400,1.58,-15392.3800,2.83,9
002223,鱼跃医疗,2009-03-31,6,798.3004,7.75,-157.8521,9.28,7
002225,濮耐股份,2009-03-31,1,100.0000,0.25,100.0000,0.00,0
002228,合兴包装,2009-03-31,2,155.6080,1.56,96.0980,0.60,1
002244,滨江集团,2009-03-31,6,2289.4950,2.20,-466.0900,2.65,7
002227,奥特迅,2009-03-31,1,49.0301,0.45,-103.8851,1.41,3
002237,恒邦股份,2009-03-31,1,21.4390,0.22,-18.4300,0.42,2
002235,安妮股份,2009-03-31,2,396.6430,3.97,396.6430,0.00,0
002249,大洋电机,2009-03-31,2,120.0312,0.95,120.0312,0.00,0
002233,塔牌集团,2009-03-31,6,1476.0237,3.69,1276.4520,0.50,2
002243,通产丽星,2009-03-31,2,135.2754,0.84,-1230.0320,8.47,8
002236,大华股份,2009-03-31,4,331.7260,4.97,-16.1303,5.21,7
002252,上海莱士,2009-03-31,7,494.0962,3.09,-986.5114,9.25,10
002238,天威视讯,2009-03-31,5,941.6613,3.53,-1288.6417,8.35,7
002241,歌尔声学,2009-03-31,4,539.7080,4.50,-821.1013,11.34,7
002242,九阳股份,2009-03-31,10,2839.1690,10.63,-672.3500,13.15,10
002251,步步高,2009-03-31,7,954.0055,7.06,-735.5845,12.50,10
002274,华昌化工,2009-03-31,3,62.0384,0.31,-66.3465,0.64,3
002255,海陆重工,2009-03-31,5,299.3502,2.70,-852.3191,10.40,9
002262,恩华药业,2009-03-31,7,541.8532,4.52,232.5556,2.58,4
002258,利尔化学,2009-03-31,8,764.9716,5.67,-61.4705,6.13,8
002264,新华都,2009-03-31,5,651.2704,6.09,-302.6619,8.93,8
002268,卫士通,2009-03-31,4,209.5727,3.12,-373.4063,8.69,7
002269,美邦服饰,2009-03-31,9,2132.9570,3.18,-435.0530,3.83,9
002266,浙富股份,2009-03-31,9,1472.6322,10.29,-169.1268,11.47,10
