600000,浦发银行,2009-09-30,2,16175.3900,1.83,-316.6000,2.08,2
600005,武钢股份,2009-09-30,8,32915.4800,4.20,-6448.6000,5.02,6
600006,东风汽车,2009-09-30,5,3822.6980,1.91,-1236.5060,2.53,6
600007,中国国贸,2009-09-30,5,2010.2040,2.00,-1349.7610,3.34,7
600008,首创股份,2009-09-30,5,2220.5390,1.01,492.1420,0.79,4
600009,上海机场,2009-09-30,5,7875.8100,4.09,-2218.0300,5.24,6
600010,包钢股份,2009-09-30,7,14669.8700,2.28,-1783.7200,2.56,7
600016,民生银行,2009-09-30,1,28230.4000,1.50,-18100.1000,2.46,2
600019,宝钢股份,2009-09-30,5,26987.7300,1.54,-38815.5300,3.76,7
600026,中海发展,2009-09-30,7,6720.7480,1.97,-712.3250,2.18,8
600028,中国石化,2009-09-30,6,26635.4000,0.31,1470.0000,0.29,5
600030,中信证券,2009-09-30,2,8830.8700,1.33,3649.9100,0.78,1
600033,福建高速,2009-09-30,5,2067.1020,1.40,-736.3330,1.90,5
600037,歌华有线,2009-09-30,5,3606.9230,3.40,282.4320,3.14,5
600038,哈飞股份,2009-09-30,3,687.9580,2.04,328.3270,1.07,2
600050,中国联通,2009-09-30,8,54718.9700,2.58,-6571.0700,2.89,9
600052,浙江广厦,2009-09-30,7,7388.9830,8.48,-1099.2380,9.74,8
600053,中江地产,2009-09-30,1,158.9310,0.44,158.9310,0.00,0
600054,黄山旅游,2009-09-30,2,838.3770,1.78,-2023.4570,6.07,4
600055,华润万东,2009-09-30,1,730.0000,3.37,-169.9440,4.16,1
600056,中国医药,2009-09-30,3,192.5563,0.80,-110.7827,1.27,2
600058,五矿发展,2009-09-30,9,7414.6090,6.92,4747.7160,2.49,8
600059,古越龙山,2009-09-30,4,1122.2340,2.01,-197.4230,2.36,3
600060,海信电器,2009-09-30,8,6433.8310,13.03,4078.3660,4.77,5
600062,华润双鹤,2009-09-30,8,4950.3650,8.66,1863.4900,6.48,7
600063,皖维高新,2009-09-30,7,3382.7420,9.19,1054.6860,6.32,2
600064,南京高科,2009-09-30,4,934.6010,2.72,320.1320,1.79,3
600066,宇通客车,2009-09-30,5,7253.5970,13.95,1911.1030,10.28,5
600067,冠城大通,2009-09-30,6,7689.7840,12.55,1331.7180,10.37,6
600068,葛洲坝,2009-09-30,3,2243.3220,1.35,-1915.9500,2.50,6
600072,中船股份,2009-09-30,2,495.0000,1.37,438.4489,0.16,2
600075,新疆天业,2009-09-30,5,1785.3350,4.07,1638.0350,0.34,1
600078,澄星股份,2009-09-30,1,200.0000,0.31,-799.9890,1.54,2
600079,人福医药,2009-09-30,8,6916.0730,14.67,1360.9540,14.28,6
600082,海泰发展,2009-09-30,1,245.0860,0.38,-641.4910,1.37,2
600085,同仁堂,2009-09-30,6,2021.8330,3.88,387.5490,3.14,9
600087,*ST长油,2009-09-30,8,12868.0160,7.99,1314.9200,7.17,9
600088,中视传媒,2009-09-30,3,859.9229,3.63,-186.5430,4.42,5
600089,特变电工,2009-09-30,6,16095.5500,8.96,444.8500,8.71,6
600090,啤酒花,2009-09-30,1,1235.6000,3.36,-2233.3950,9.43,4
600096,云天化,2009-09-30,7,4006.2100,6.79,1529.6370,4.20,7
600097,开创国际,2009-09-30,2,646.5760,3.19,29.3020,3.05,2
600098,广州发展,2009-09-30,7,7046.1980,3.42,1939.1820,2.48,7
600100,同方股份,2009-09-30,3,971.6830,0.99,357.5490,0.63,2
600104,上汽集团,2009-09-30,6,20515.4700,3.13,-38.3500,3.14,7
600106,重庆路桥,2009-09-30,1,49.9920,0.12,49.9920,0.00,0
600108,亚盛集团,2009-09-30,4,1931.8860,1.34,122.5560,1.26,5
600109,国金证券,2009-09-30,2,288.7214,0.29,-380.9796,0.67,3
600110,中科英华,2009-09-30,2,667.1600,0.66,-391.1870,1.04,2
600111,包钢稀土,2009-09-30,7,2128.2470,2.64,134.2060,2.47,7
600112,长征电气,2009-09-30,1,150.1650,0.47,-96.5690,0.76,1
600115,东方航空,2009-09-30,4,2155.0790,0.28,-1500.2780,0.47,4
600117,西宁特钢,2009-09-30,7,6209.3180,8.38,-2098.5080,11.21,8
600118,中国卫星,2009-09-30,5,1618.1390,4.59,-682.0960,6.53,6
600121,郑州煤电,2009-09-30,3,1479.9741,2.35,1324.9821,0.25,1
600122,宏图高科,2009-09-30,2,1433.2240,3.23,1049.0040,0.87,2
600123,兰花科创,2009-09-30,9,9712.4780,17.00,583.0840,15.98,8
600125,铁龙物流,2009-09-30,6,3461.8020,3.45,1946.1570,1.51,3
600126,杭钢股份,2009-09-30,8,2794.9400,3.33,-4501.1190,8.70,8
600127,金健米业,2009-09-30,1,518.9520,0.95,518.9520,0.00,0
600129,太极集团,2009-09-30,3,1464.2168,4.46,-859.5042,7.08,2
600131,岷江水电,2009-09-30,1,310.0000,0.61,-140.0000,0.89,1
600132,重庆啤酒,2009-09-30,6,3340.4740,6.90,-367.5060,7.66,8
600135,乐凯胶片,2009-09-30,2,1830.8710,5.35,190.8710,4.80,1
600138,中青旅,2009-09-30,2,631.2100,1.52,-1994.0450,6.32,4
600139,西部资源,2009-09-30,1,33.6898,0.14,-1265.7492,7.67,6
600141,兴发集团,2009-09-30,6,3533.3870,11.68,459.2560,10.17,5
600150,中国船舶,2009-09-30,7,776.4928,1.17,98.5265,1.02,6
600151,航天机电,2009-09-30,4,936.5090,1.25,-242.9390,1.58,4
600153,建发股份,2009-09-30,9,23499.3400,18.90,4011.5200,15.68,9
600158,中体产业,2009-09-30,3,772.8090,0.96,246.1380,0.66,2
600159,大龙地产,2009-09-30,7,6269.7890,15.11,2537.9340,8.99,4
600160,巨化股份,2009-09-30,4,950.0550,1.71,750.0550,0.36,1
600161,天坛生物,2009-09-30,5,1390.5570,2.85,-667.2170,4.22,4
600162,香江控股,2009-09-30,5,4168.0190,5.43,-2052.1310,8.10,10
600163,福建南纸,2009-09-30,4,2508.0090,3.48,2508.0090,0.00,0
600166,福田汽车,2009-09-30,5,9905.9050,10.81,1846.6300,8.80,5
600169,太原重工,2009-09-30,7,8189.5640,11.46,1830.9880,8.90,6
600170,上海建工,2009-09-30,6,2498.2212,3.47,-585.7218,4.29,6
600175,美都控股,2009-09-30,1,325.4560,0.63,325.4560,0.00,0
600176,中国玻纤,2009-09-30,4,2994.1570,7.01,518.8740,5.79,5
600177,雅戈尔,2009-09-30,3,3892.5200,1.75,-4977.3500,3.98,5
600178,东安动力,2009-09-30,3,1261.4240,2.73,-967.5860,4.82,6
600179,黑化股份,2009-09-30,1,90.0255,0.23,90.0255,0.00,0
600182,S佳通,2009-09-30,1,780.0000,2.29,-472.0100,3.68,1
600183,生益科技,2009-09-30,6,4973.1950,5.20,1315.0450,3.82,5
600185,格力地产,2009-09-30,2,1035.0360,1.79,64.3260,2.88,3
600188,兖州煤业,2009-09-30,7,3662.0100,0.74,1803.3050,0.38,6
600189,吉林森工,2009-09-30,6,1246.0437,4.01,-745.8343,6.42,5
600190,锦州港,2009-09-30,2,1610.7320,1.03,510.7420,0.70,1
600193,创兴资源,2009-09-30,1,390.0000,1.79,390.0000,0.00,0
600195,中牧股份,2009-09-30,9,4390.4700,11.26,-393.0010,12.27,9
600196,复星医药,2009-09-30,4,7815.4000,6.31,-4539.2360,9.98,7
600197,伊力特,2009-09-30,2,1469.5050,3.33,699.5350,1.75,1
600199,金种子酒,2009-09-30,2,755.2000,2.90,755.2000,0.00,0
600201,金宇集团,2009-09-30,3,1570.4740,5.59,-547.3260,7.54,4
600202,哈空调,2009-09-30,6,6324.9540,16.50,-1567.4040,20.59,8
600208,新湖中宝,2009-09-30,6,17435.1900,5.15,6001.4800,4.05,6
600210,紫江企业,2009-09-30,4,2969.6830,2.07,-615.4100,2.50,5
600216,浙江医药,2009-09-30,5,4774.0290,10.61,525.6520,9.44,5
600219,南山铝业,2009-09-30,4,2877.4320,1.74,-45.0270,2.21,7
600220,江苏阳光,2009-09-30,3,1423.6620,0.80,29.9770,0.78,4
600221,海南航空,2009-09-30,4,5179.9600,1.47,-923.4550,1.73,4
600223,鲁商置业,2009-09-30,8,8368.0980,8.36,2764.7500,5.60,6
600227,赤天化,2009-09-30,3,526.7940,1.43,-558.0600,2.94,5
600228,昌九生化,2009-09-30,2,801.8860,3.32,801.8860,0.00,0
600229,青岛碱业,2009-09-30,1,299.9920,0.76,299.9920,0.00,0
600230,沧州大化,2009-09-30,9,3073.0660,11.85,2542.2645,2.05,4
600231,凌钢股份,2009-09-30,8,8381.7870,10.43,-704.9330,11.30,6
600236,桂冠电力,2009-09-30,4,2242.7820,1.52,-3137.2150,3.64,6
600238,海南椰岛,2009-09-30,3,1004.5690,6.05,-67.6420,6.46,4
600239,云南城投,2009-09-30,5,2429.7590,3.84,362.1160,3.27,4
600240,华业地产,2009-09-30,4,2582.3420,4.00,-290.8090,4.45,3
600246,万通地产,2009-09-30,4,2672.2810,2.64,891.8550,1.76,4
600252,中恒集团,2009-09-30,9,5463.1490,20.94,821.0820,17.79,8
600256,广汇能源,2009-09-30,7,5241.5610,5.50,1893.0210,3.52,4
600258,首旅酒店,2009-09-30,3,429.2060,1.85,-217.8979,2.80,5
600261,阳光照明,2009-09-30,7,1457.0660,5.83,-263.6843,6.89,7
600262,北方股份,2009-09-30,1,20.1131,0.12,20.1131,0.00,0
600266,北京城建,2009-09-30,8,8676.5010,11.71,638.2350,10.85,9
600267,海正药业,2009-09-30,8,4800.1260,10.68,1472.4330,7.41,6
600268,国电南自,2009-09-30,2,156.4213,0.83,-362.9187,2.75,3
600269,赣粤高速,2009-09-30,8,7156.2820,3.06,-3301.8250,8.96,8
600270,外运发展,2009-09-30,3,1566.5670,1.73,-51.1520,1.79,4
600276,恒瑞医药,2009-09-30,5,4807.8880,7.75,-940.8120,9.26,5
600279,重庆港九,2009-09-30,1,129.9940,0.57,129.9940,0.00,0
600280,中央商场,2009-09-30,6,2088.5650,14.55,-464.6260,17.79,7
600281,太化股份,2009-09-30,1,336.0570,0.65,-463.9350,1.56,3
600282,南钢股份,2009-09-30,8,18637.8680,11.06,2614.3960,9.51,9
600283,钱江水利,2009-09-30,2,496.7410,1.74,41.1380,1.60,3
600287,江苏舜天,2009-09-30,3,1173.3490,2.69,596.8210,1.32,2
600288,大恒科技,2009-09-30,2,849.9780,1.95,849.9780,0.00,0
600289,亿阳信通,2009-09-30,3,1238.3540,3.52,-1187.3830,6.89,7
600298,安琪酵母,2009-09-30,4,1759.8700,6.48,594.9410,4.29,4
600299,蓝星新材,2009-09-30,5,2592.4720,4.96,798.2070,3.43,6
600300,维维股份,2009-09-30,2,807.5510,0.48,295.3660,0.31,1
600305,恒顺醋业,2009-09-30,1,59.9931,0.47,59.9931,0.00,0
600306,商业城,2009-09-30,2,555.8520,3.12,201.5750,1.99,1
600307,酒钢宏兴,2009-09-30,8,4844.9190,5.55,-1053.7890,6.75,9
600308,华泰股份,2009-09-30,6,6097.0770,11.11,669.7290,9.89,7
600309,万华化学,2009-09-30,8,14583.6900,8.77,4.5710,8.77,9
600310,桂东电力,2009-09-30,3,878.4740,5.60,500.4165,2.41,2
600311,荣华实业,2009-09-30,1,464.9990,0.70,464.9990,0.00,0
600312,平高电气,2009-09-30,5,5479.9460,8.93,1673.3380,6.21,4
600315,上海家化,2009-09-30,7,6144.8500,18.88,-458.9330,20.29,8
600316,洪都航空,2009-09-30,5,1351.0130,3.83,-2633.6170,11.29,8
600318,巢东股份,2009-09-30,1,175.6730,0.73,-144.3230,1.32,2
600322,天房发展,2009-09-30,3,4685.3440,4.24,-774.5860,4.94,3
600323,南海发展,2009-09-30,2,700.1000,2.58,-735.2540,5.30,3
600326,西藏天路,2009-09-30,1,100.0000,0.22,100.0000,0.00,0
600327,大东方,2009-09-30,7,4239.1570,13.00,1520.3650,8.34,5
600329,中新药业,2009-09-30,5,2146.9120,5.81,668.5380,4.00,4
600331,宏达股份,2009-09-30,8,12178.8560,11.80,-2042.7670,13.78,9
600333,长春燃气,2009-09-30,1,395.9070,0.86,175.9090,0.48,2
600337,美克股份,2009-09-30,7,6801.4420,13.32,171.6570,12.98,6
600339,天利高新,2009-09-30,5,3128.7960,5.95,2528.8240,1.14,2
600345,长江通信,2009-09-30,2,543.9545,2.75,543.9545,0.00,0
600350,山东高速,2009-09-30,5,3804.3070,1.13,-3910.9900,2.29,5
600351,亚宝药业,2009-09-30,3,2074.5470,6.56,278.1140,5.68,4
600359,新农开发,2009-09-30,5,1499.5404,4.67,1399.5404,0.31,1
600360,华微电子,2009-09-30,4,2087.7790,4.00,-364.4150,4.70,3
600361,华联综超,2009-09-30,3,1972.0100,4.07,406.6870,3.23,3
600362,江西铜业,2009-09-30,7,2766.4320,0.92,-1160.0020,1.30,6
600366,宁波韵升,2009-09-30,1,100.0000,0.25,-814.8000,2.31,3
600367,红星发展,2009-09-30,1,1067.9200,3.67,-237.0230,4.48,2
600368,五洲交通,2009-09-30,1,621.6060,1.12,-1877.6060,4.50,3
600369,西南证券,2009-09-30,1,96.2306,0.05,-352.9284,0.24,1
600372,中航电子,2009-09-30,2,901.1510,1.86,0.0000,1.86,2
600373,中文传媒,2009-09-30,2,595.3280,3.18,595.3280,0.00,0
600376,首开股份,2009-09-30,7,2649.6900,2.30,-2481.4240,6.34,8
600377,宁沪高速,2009-09-30,3,2082.0950,0.41,2082.0950,0.00,0
600378,天科股份,2009-09-30,4,585.5661,2.38,-721.2809,5.32,2
600379,宝光股份,2009-09-30,2,470.1760,2.19,-19.8110,2.29,1
600380,健康元,2009-09-30,6,4112.1830,3.75,1282.6200,2.58,3
600382,广东明珠,2009-09-30,1,681.0160,1.99,558.5460,0.36,1
600383,金地集团,2009-09-30,6,20239.4000,8.15,-6059.1900,12.05,6
600386,北巴传媒,2009-09-30,7,6154.6820,15.26,-171.8000,15.69,8
600388,龙净环保,2009-09-30,5,1058.7690,5.09,145.2760,4.39,4
600389,江山股份,2009-09-30,3,621.0685,3.14,621.0685,0.00,0
600391,成发科技,2009-09-30,6,1410.4950,10.74,194.6960,9.26,6
600393,东华实业,2009-09-30,1,132.9870,0.44,132.9870,0.00,0
600395,盘江股份,2009-09-30,9,7040.4510,6.38,1724.7730,4.82,7
600396,金山股份,2009-09-30,1,359.9920,1.06,-553.1980,2.68,3
600415,小商品城,2009-09-30,7,6333.7380,9.31,-262.1660,9.70,6
600416,湘电股份,2009-09-30,7,2054.3590,8.74,412.6530,6.99,6
600418,江淮汽车,2009-09-30,7,9590.0260,7.44,1972.3420,5.91,8
600422,昆明制药,2009-09-30,3,1400.5170,4.46,1400.5170,0.00,0
600426,华鲁恒升,2009-09-30,7,5794.2380,11.69,-981.7070,13.67,8
600428,中远航运,2009-09-30,6,7110.2790,5.43,-1363.2940,6.47,7
600456,宝钛股份,2009-09-30,7,3098.5340,7.20,411.6120,6.24,8
600466,迪康药业,2009-09-30,3,868.0350,4.94,-97.1460,5.50,3
600468,百利电气,2009-09-30,6,1597.9963,5.04,1377.9963,0.69,1
600486,扬农化工,2009-09-30,7,1837.7930,13.88,-94.7910,16.52,8
600488,天药股份,2009-09-30,2,1944.1220,3.58,-1044.1810,5.50,5
600496,精工钢构,2009-09-30,7,3467.8860,10.05,-753.5030,12.24,7
600498,烽火通信,2009-09-30,7,2983.1830,7.28,1121.1900,4.54,5
600499,科达机电,2009-09-30,2,890.9290,1.96,-3496.0010,9.82,5
600500,中化国际,2009-09-30,4,3121.3520,2.17,-1979.5980,3.55,5
600501,航天晨光,2009-09-30,1,623.9450,1.92,-652.0680,3.93,2
600503,华丽家族,2009-09-30,3,1007.9140,1.91,311.2030,1.32,3
600505,西昌电力,2009-09-30,1,314.4690,0.86,-487.8580,2.20,2
600508,上海能源,2009-09-30,8,4038.9470,5.59,2875.5790,1.61,5
600509,天富热电,2009-09-30,2,703.4520,1.07,-388.0000,1.67,3
600510,黑牡丹,2009-09-30,2,1023.2560,1.29,-525.4800,1.95,3
600511,国药股份,2009-09-30,8,5338.3180,11.15,-1636.6900,14.57,9
600516,方大炭素,2009-09-30,5,3079.2170,2.41,524.3840,4.00,7
600518,康美药业,2009-09-30,4,22442.6200,13.25,5040.3700,10.27,5
600519,贵州茅台,2009-09-30,8,5724.4460,6.07,767.8220,5.25,6
600522,中天科技,2009-09-30,8,2887.4790,9.00,2099.1740,2.46,3
600523,贵航股份,2009-09-30,4,715.6390,2.48,-358.0800,3.72,5
600525,长园集团,2009-09-30,6,1394.9840,6.46,7.8720,8.33,5
600528,中铁二局,2009-09-30,6,8602.1030,5.90,2406.1250,4.25,6
600529,山东药玻,2009-09-30,7,5701.5330,22.15,1897.1280,14.78,6
600533,栖霞建设,2009-09-30,7,11916.8180,11.35,-991.7320,12.29,7
600535,天士力,2009-09-30,7,5317.3900,10.90,-270.6880,11.45,7
600548,深高速,2009-09-30,1,513.3700,0.24,-86.7570,0.28,1
600549,厦门钨业,2009-09-30,3,1692.0460,2.48,-120.0500,2.66,2
600550,天威保变,2009-09-30,5,4124.7670,3.53,471.8900,3.13,6
600551,时代出版,2009-09-30,6,1781.2550,4.56,731.7030,2.69,5
600552,方兴科技,2009-09-30,2,673.6830,5.76,48.1360,5.35,2
600557,康缘药业,2009-09-30,6,4038.7010,12.63,165.5550,12.11,5
600558,大西洋,2009-09-30,2,180.6224,1.51,180.6224,0.00,0
600559,老白干酒,2009-09-30,7,2712.2470,19.37,1098.3140,11.53,4
600561,江西长运,2009-09-30,1,287.2920,1.55,287.2920,0.00,0
600563,法拉电子,2009-09-30,7,2599.0060,11.55,552.3430,9.10,5
600569,安阳钢铁,2009-09-30,8,17746.5340,7.41,1147.1990,6.93,9
600571,信雅达,2009-09-30,1,120.0000,0.62,-226.9740,1.78,1
600578,京能电力,2009-09-30,2,1049.9900,1.83,1049.9900,0.00,0
600580,卧龙电气,2009-09-30,5,2865.0440,10.11,1241.1440,5.73,3
600581,八一钢铁,2009-09-30,8,8823.3680,11.51,-1066.4540,12.90,7
600582,天地科技,2009-09-30,7,6316.6120,9.37,-143.7410,9.58,7
600583,海油工程,2009-09-30,8,18565.7600,5.73,-1767.7400,6.27,7
600585,海螺水泥,2009-09-30,5,5026.1590,2.85,-91.8710,2.90,5
600586,金晶科技,2009-09-30,9,10199.2150,17.28,2262.2040,13.45,8
600587,新华医疗,2009-09-30,2,323.5870,2.41,323.5870,0.00,0
600588,用友软件,2009-09-30,5,5371.8220,8.85,-44.8680,8.93,4
600589,广东榕泰,2009-09-30,2,705.3120,1.17,705.3120,0.00,0
600590,泰豪科技,2009-09-30,8,4137.3630,10.90,1718.9770,8.21,5
600592,龙溪股份,2009-09-30,1,100.0000,0.33,-211.9310,1.04,2
600595,中孚实业,2009-09-30,4,2166.7230,3.30,1967.7180,0.30,1
600596,新安股份,2009-09-30,8,5567.7730,18.04,463.2960,17.80,8
600597,光明乳业,2009-09-30,5,2623.3830,2.52,2149.9410,0.46,2
600598,北大荒,2009-09-30,7,5248.1390,3.06,2563.2290,1.57,6
600600,青岛啤酒,2009-09-30,3,2792.0500,2.13,-1539.5260,3.31,4
600601,方正科技,2009-09-30,6,2700.7770,1.56,773.3620,1.12,4
600602,仪电电子,2009-09-30,1,500.0000,0.43,500.0000,0.00,0
600606,金丰投资,2009-09-30,3,647.2030,1.66,-1453.7230,5.38,6
600611,大众交通,2009-09-30,1,431.3100,0.27,-1719.4940,1.37,4
600612,老凤祥,2009-09-30,1,195.2630,0.71,-794.6770,3.57,5
600616,金枫酒业,2009-09-30,3,3853.4890,10.54,-1289.8800,14.07,5
600621,华鑫股份,2009-09-30,1,325.1240,0.62,-406.0230,1.40,2
600622,嘉宝集团,2009-09-30,5,5328.6140,10.36,-37.5960,10.43,4
600626,申达股份,2009-09-30,3,1658.7090,3.50,-135.5730,3.79,3
600628,新世界,2009-09-30,5,4995.8440,9.39,-71.4660,9.53,6
600629,棱光实业,2009-09-30,2,774.8320,2.88,-1411.4530,8.13,3
600635,大众公用,2009-09-30,4,1501.0020,1.00,-4864.5270,4.26,6
600636,三爱富,2009-09-30,4,1052.2040,3.03,780.0420,0.78,1
600638,新黄浦,2009-09-30,4,2094.2690,3.73,1622.4120,0.84,2
600639,浦东金桥,2009-09-30,1,236.7240,0.28,-1656.4620,2.24,4
600640,号百控股,2009-09-30,1,172.8080,0.43,-1818.7010,4.96,2
600641,万业企业,2009-09-30,5,2256.5234,2.80,-44.6116,2.85,6
600642,申能股份,2009-09-30,5,10662.3500,3.69,3738.3000,2.40,5
600643,爱建股份,2009-09-30,2,1110.8680,1.35,-85.9310,1.46,2
600644,乐山电力,2009-09-30,4,1049.9923,3.22,-621.8767,5.12,6
600648,外高桥,2009-09-30,5,834.3510,0.83,738.3510,0.10,1
600649,城投控股,2009-09-30,6,11692.4460,5.09,-3853.1140,6.76,8
600651,飞乐音响,2009-09-30,1,250.0000,0.41,-574.9970,1.34,2
600652,爱使股份,2009-09-30,1,441.0420,0.79,441.0420,0.00,0
600653,申华控股,2009-09-30,3,1911.6890,1.09,153.4940,1.21,5
600655,豫园商城,2009-09-30,2,6449.3000,8.08,2768.5700,4.61,2
600657,信达地产,2009-09-30,8,9848.2800,6.46,2587.9500,4.76,7
600658,电子城,2009-09-30,4,1154.6580,6.91,359.7093,4.76,4
600660,福耀玻璃,2009-09-30,7,15929.6800,7.95,-1833.9100,8.87,8
600662,强生控股,2009-09-30,2,496.6970,0.61,-552.8070,1.29,5
600664,哈药股份,2009-09-30,4,15583.1900,12.55,6984.4700,6.92,3
600665,天地源,2009-09-30,3,1277.0000,1.77,248.2870,1.43,3
600673,东阳光铝,2009-09-30,2,1089.9910,1.32,-300.6790,1.68,2
600674,川投能源,2009-09-30,6,1778.1460,2.78,-1126.8600,4.55,5
600675,中华企业,2009-09-30,7,7406.0480,6.81,-517.2170,7.28,7
600676,交运股份,2009-09-30,2,1180.3380,1.61,1180.3380,0.00,0
600682,南京新百,2009-09-30,1,199.9990,0.56,0.0000,0.56,1
600683,京投银泰,2009-09-30,4,1531.8470,3.10,706.1170,1.67,3
600684,珠江实业,2009-09-30,4,1119.5380,5.99,181.9910,5.01,4
600685,广船国际,2009-09-30,6,1663.1560,3.36,680.1336,1.99,6
600686,金龙汽车,2009-09-30,4,3365.6510,7.60,502.0150,6.47,4
600688,上海石化,2009-09-30,7,12824.3780,1.78,-3237.5640,2.23,8
600690,青岛海尔,2009-09-30,6,10112.3000,7.55,723.9200,7.02,6
600692,亚通股份,2009-09-30,1,855.0000,2.43,-424.3700,3.64,2
600693,东百集团,2009-09-30,8,5963.9850,17.38,207.0100,16.77,6
600694,大商股份,2009-09-30,6,3362.6920,11.45,-1588.0300,16.86,8
600697,欧亚集团,2009-09-30,10,4550.4310,28.60,66.5070,28.19,9
600699,均胜电子,2009-09-30,4,731.5950,3.94,334.1740,2.14,2
600702,沱牌舍得,2009-09-30,3,776.9560,2.30,-1168.4600,5.77,4
600703,三安光电,2009-09-30,7,3091.8680,11.13,584.0640,10.19,8
600704,物产中大,2009-09-30,5,4320.6780,9.84,2624.8030,4.53,2
600707,*ST彩虹,2009-09-30,3,849.7240,2.02,-1000.4090,4.39,2
600708,海博股份,2009-09-30,1,239.8440,0.52,239.8440,0.00,0
600710,常林股份,2009-09-30,1,249.9950,0.51,-599.9901,1.75,3
600712,南宁百货,2009-09-30,1,799.9900,4.61,799.9900,0.00,0
600713,南京医药,2009-09-30,8,4420.8630,14.69,1877.5140,8.45,7
600717,天津港,2009-09-30,3,9454.2300,5.65,-3730.5800,7.87,4
600718,东软集团,2009-09-30,8,7461.4040,7.90,401.5900,7.48,9
600720,祁连山,2009-09-30,7,3600.6160,7.58,-873.8170,9.42,6
600723,首商股份,2009-09-30,1,87.0000,0.21,-1506.1430,3.89,6
600724,宁波富达,2009-09-30,4,1994.7390,1.38,780.0120,0.84,3
600725,云维股份,2009-09-30,5,1702.9828,5.87,1491.5148,0.73,1
600729,重庆百货,2009-09-30,7,3272.6600,16.04,-51.9220,16.30,8
600732,上海新梅,2009-09-30,1,128.9850,0.52,0.0000,0.52,1
600734,实达集团,2009-09-30,1,349.9890,1.00,349.9890,0.00,0
600736,苏州高新,2009-09-30,6,7091.8130,8.04,-1358.8000,9.59,8
600737,中粮屯河,2009-09-30,5,7527.1670,7.49,1328.0390,6.17,6
600738,兰州民百,2009-09-30,4,979.9630,3.73,779.9660,0.76,1
600739,辽宁成大,2009-09-30,6,11598.6700,12.86,42.0900,12.82,6
600740,山西焦化,2009-09-30,2,749.9840,1.33,-529.3160,2.26,2
600741,华域汽车,2009-09-30,7,14234.5500,5.51,2823.1500,4.42,8
600742,一汽富维,2009-09-30,5,2622.5500,12.40,-1659.2890,20.24,7
600748,上实发展,2009-09-30,10,12715.4590,11.74,-975.5100,12.64,10
600750,江中药业,2009-09-30,8,4927.1770,16.65,704.9470,14.27,8
600893,航空动力,2009-09-30,8,2488.2490,5.63,779.2758,3.86,6
600894,广日股份,2009-09-30,4,2881.6210,3.78,-544.9140,4.50,7
600895,张江高科,2009-09-30,8,12883.9400,8.32,-3626.5100,10.66,8
600896,中海海盛,2009-09-30,1,120.0000,0.21,-1588.0210,2.94,3
600897,厦门空港,2009-09-30,6,2369.4230,7.96,45.4310,7.80,7
600295,鄂尔多斯,2009-09-30,1,399.9940,0.39,-1162.8040,1.51,3
600320,振华重工,2009-09-30,3,5284.9700,1.20,-1429.9800,1.53,2
600555,*ST九龙,2009-09-30,1,800.9600,0.92,-890.2570,1.95,3
000001,平安银行,2009-09-30,4,15797.8400,5.09,1193.6300,4.70,4
000002,万科A,2009-09-30,4,32922.3200,2.99,-19933.8200,4.81,6
000006,深振业A,2009-09-30,7,7352.7460,14.50,-343.1750,15.17,8
000009,中国宝安,2009-09-30,8,16010.0700,14.68,1439.3300,14.03,8
000012,南玻A,2009-09-30,2,3124.8510,2.55,1162.9730,1.60,3
000014,沙河股份,2009-09-30,7,3050.3770,15.12,343.9810,13.42,6
000016,深康佳A,2009-09-30,2,2342.0880,1.95,275.9600,1.72,2
000021,长城开发,2009-09-30,6,6413.9670,7.29,725.0270,6.47,5
000024,招商地产,2009-09-30,9,10384.3960,6.05,-1401.8740,6.87,9
000026,飞亚达A,2009-09-30,1,585.1880,2.35,-111.2460,2.79,2
000027,深圳能源,2009-09-30,8,5661.2450,2.57,759.4470,2.23,7
000028,国药一致,2009-09-30,8,4790.3330,16.62,-132.9970,17.09,9
000031,中粮地产,2009-09-30,8,9301.4720,5.13,-827.4910,5.59,9
000032,深桑达A,2009-09-30,1,131.3190,0.56,131.3190,0.00,0
000039,中集集团,2009-09-30,1,1550.0000,0.58,70.0400,0.56,1
000042,深长城,2009-09-30,2,472.9870,1.98,-1563.8540,8.51,5
000043,中航地产,2009-09-30,6,1908.8400,8.59,-271.1190,9.80,7
000046,泛海建设,2009-09-30,7,5976.0980,2.64,-5944.9350,5.27,9
000059,辽通化工,2009-09-30,6,7483.7700,6.23,1109.9250,5.31,6
000060,中金岭南,2009-09-30,8,9304.7470,9.09,-2321.5550,11.36,8
000061,农产品,2009-09-30,6,9586.4100,12.47,1571.1180,10.43,5
000063,中兴通讯,2009-09-30,6,11036.0400,6.03,4012.5400,4.02,4
000066,长城电脑,2009-09-30,4,1623.3470,2.95,1623.3470,0.00,0
000069,华侨城A,2009-09-30,9,22253.2400,8.49,-1671.6200,9.13,10
000088,盐田港,2009-09-30,6,5262.2370,4.23,-266.0730,4.44,6
000089,深圳机场,2009-09-30,8,10257.7580,6.07,-4329.7380,8.63,8
000090,深天健,2009-09-30,2,1108.0780,2.43,-19.8930,2.47,2
000099,中信海直,2009-09-30,1,287.7920,0.56,87.7920,0.39,1
000157,中联重科,2009-09-30,6,13635.1300,8.15,2836.9900,7.10,6
000158,常山股份,2009-09-30,1,213.2000,0.30,213.2000,0.00,0
000159,国际实业,2009-09-30,2,948.6770,3.94,261.2003,2.86,3
000301,东方市场,2009-09-30,3,2114.5480,1.74,-1146.2830,2.68,6
000400,许继电气,2009-09-30,10,5976.8280,15.80,-539.9770,17.23,10
000401,冀东水泥,2009-09-30,5,8707.3100,7.18,665.1900,6.63,8
000402,金融街,2009-09-30,8,24799.5800,9.99,-1872.8800,10.75,7
000404,华意压缩,2009-09-30,1,100.0000,0.31,100.0000,0.00,0
000407,胜利股份,2009-09-30,3,1442.0570,2.89,-4335.7560,11.57,6
000410,沈阳机床,2009-09-30,2,1348.6900,2.47,-102.0420,2.66,2
000417,合肥百货,2009-09-30,8,7349.6640,15.32,1300.2160,12.61,6
000418,小天鹅A,2009-09-30,4,5119.5850,9.35,2270.6140,5.20,3
000422,湖北宜化,2009-09-30,8,8415.5610,15.52,2700.9360,10.54,6
000423,东阿阿胶,2009-09-30,7,5546.2750,8.48,437.0120,9.75,7
000425,徐工机械,2009-09-30,9,7559.2450,8.71,-59.9990,13.98,9
000429,粤高速A,2009-09-30,1,438.3820,0.35,-250.1520,0.55,1
600754,锦江股份,2009-09-30,2,503.6410,0.83,-417.7090,1.53,3
600755,厦门国贸,2009-09-30,3,1054.6659,2.12,350.1852,1.42,2
600760,*ST黑豹,2009-09-30,1,58.2500,0.21,-101.7450,0.59,1
600761,安徽合力,2009-09-30,7,3432.2490,9.62,73.8220,9.41,8
600765,中航重机,2009-09-30,3,408.4614,0.79,-15.4886,0.82,2
600770,综艺股份,2009-09-30,6,2334.3980,5.76,429.8210,4.70,5
600776,东方通信,2009-09-30,1,153.6290,0.12,153.6290,0.00,0
600777,新潮实业,2009-09-30,1,700.0000,1.12,-499.9800,1.92,1
600779,水井坊,2009-09-30,6,3728.0710,7.63,-706.2880,9.08,9
600780,通宝能源,2009-09-30,2,693.2030,0.79,237.6550,0.52,2
600782,新钢股份,2009-09-30,4,6437.0890,4.62,1562.3010,3.50,3
600785,新华百货,2009-09-30,7,3091.8730,17.89,323.3640,16.02,7
600787,中储股份,2009-09-30,8,4072.3720,5.53,1719.0270,3.19,5
600790,轻纺城,2009-09-30,2,729.0410,1.18,-1697.9200,3.92,3
600791,京能置业,2009-09-30,1,349.9810,0.77,-1664.0600,4.45,4
600795,国电电力,2009-09-30,6,32230.9000,5.92,5519.1000,4.90,6
600797,浙大网新,2009-09-30,1,1200.0000,1.48,596.9790,0.74,1
600801,华新水泥,2009-09-30,2,868.4480,2.15,-228.0160,2.72,3
600803,威远生化,2009-09-30,4,1480.9010,6.26,1099.4820,1.61,2
600804,鹏博士,2009-09-30,5,4537.1350,3.93,-1452.5210,5.18,4
600806,昆明机床,2009-09-30,5,3129.2880,7.37,20.4350,7.32,5
600808,马钢股份,2009-09-30,7,23278.9900,3.02,-13647.2600,4.80,9
600809,山西汾酒,2009-09-30,8,3270.9040,7.56,603.2840,6.16,8
600810,神马股份,2009-09-30,7,2294.8050,5.19,2294.8050,0.00,0
600811,东方集团,2009-09-30,2,1283.0430,0.77,417.2350,0.68,2
600812,华北制药,2009-09-30,7,4610.2010,4.48,-3347.0200,7.74,7
600814,杭州解百,2009-09-30,5,2282.2870,7.35,-39.9930,7.48,5
600815,厦工股份,2009-09-30,3,1838.4040,2.63,1838.4040,0.00,0
600816,安信信托,2009-09-30,3,798.4160,1.76,-1310.9530,4.65,5
600820,隧道股份,2009-09-30,6,6583.3690,8.98,2517.0530,5.54,5
600824,益民集团,2009-09-30,3,1986.2290,2.71,-2052.9000,5.52,3
600825,新华传媒,2009-09-30,5,3819.5520,4.39,-787.3430,7.94,6
600826,兰生股份,2009-09-30,2,534.4650,1.91,-816.8900,4.82,3
600827,友谊股份,2009-09-30,2,2354.8680,4.99,1042.5400,3.06,2
600828,成商集团,2009-09-30,8,3563.5440,17.54,-293.0150,18.99,8
600829,三精制药,2009-09-30,7,1894.3400,4.90,941.8950,2.46,4
600831,广电网络,2009-09-30,6,4645.1460,10.72,-2137.9480,15.65,8
600832,东方明珠,2009-09-30,2,2593.3600,0.81,-10763.4130,4.19,3
600834,申通地铁,2009-09-30,1,607.0000,1.27,-846.4680,3.05,2
600835,上海机电,2009-09-30,4,6033.7130,5.90,-960.3830,6.84,4
600837,海通证券,2009-09-30,1,6732.0700,0.82,2551.9700,0.51,1
600839,四川长虹,2009-09-30,5,3036.8640,1.60,1641.6270,0.74,2
600844,丹化科技,2009-09-30,2,296.4210,0.76,72.4950,0.58,1
600845,宝信软件,2009-09-30,2,203.8604,0.78,203.8604,0.00,0
601607,上海医药,2009-09-30,6,3323.6190,5.84,0.0000,5.84,6
600856,长百集团,2009-09-30,2,574.8990,2.45,-266.8520,3.59,3
600858,银座股份,2009-09-30,9,4514.3860,19.20,-117.4610,19.70,9
600859,王府井,2009-09-30,9,5609.2360,14.27,511.6160,12.97,9
600860,北人股份,2009-09-30,1,193.2450,0.46,193.2450,0.00,0
600861,北京城乡,2009-09-30,3,2639.9200,8.33,-422.3470,9.67,3
600862,南通科技,2009-09-30,4,990.2090,4.15,910.2156,0.34,1
600863,内蒙华电,2009-09-30,6,5033.9580,2.54,3716.0990,0.67,4
600864,哈投股份,2009-09-30,1,2073.1200,3.79,2073.1200,0.00,0
600866,星湖科技,2009-09-30,8,7762.3210,14.90,7762.3210,0.00,0
600867,通化东宝,2009-09-30,3,1398.3580,2.92,-2119.3220,7.34,6
600869,远东电缆,2009-09-30,3,933.5000,7.78,-146.1580,9.00,4
600871,仪征化纤,2009-09-30,3,846.8250,0.21,444.8400,0.10,1
600872,中炬高新,2009-09-30,3,1922.1970,2.65,-1790.5040,5.13,4
600874,创业环保,2009-09-30,2,574.9670,0.40,377.4500,0.14,1
600875,东方电气,2009-09-30,7,3947.9030,4.48,-880.7140,5.48,7
600879,航天电子,2009-09-30,3,1464.5190,1.81,-1191.5090,4.91,4
600880,博瑞传播,2009-09-30,8,6272.2720,16.71,-1419.9130,20.50,9
600881,亚泰集团,2009-09-30,3,3678.6400,1.94,198.7700,1.84,3
600884,杉杉股份,2009-09-30,2,1486.0200,3.62,-158.1450,4.00,5
600886,国投电力,2009-09-30,4,6750.7390,6.40,1947.7920,4.55,4
600887,伊利股份,2009-09-30,5,8202.5700,10.26,-2469.3800,13.35,7
600888,新疆众和,2009-09-30,4,3528.4210,10.02,510.9390,8.57,3
600889,南京化纤,2009-09-30,1,113.5880,0.44,113.5880,0.00,0
000488,晨鸣纸业,2009-09-30,4,9623.0900,4.67,-646.5200,4.98,5
000501,鄂武商A,2009-09-30,3,2940.3230,5.80,1021.3400,3.78,2
000503,海虹控股,2009-09-30,2,788.3060,1.05,-320.7780,1.48,3
000506,中润资源,2009-09-30,1,176.8140,0.23,176.8140,0.00,0
000511,银基发展,2009-09-30,2,1830.2360,1.58,230.9410,1.39,2
000513,丽珠集团,2009-09-30,4,1957.5690,6.40,91.5210,6.10,4
000514,渝开发,2009-09-30,5,3284.4080,5.18,444.1170,4.48,8
000516,开元投资,2009-09-30,1,1080.0000,3.64,180.0000,3.04,1
000525,红太阳,2009-09-30,3,1871.2290,6.68,-339.7580,7.89,4
000528,柳工,2009-09-30,7,6448.1690,9.92,-453.7300,10.62,8
000530,大冷股份,2009-09-30,2,822.9940,2.35,-910.5160,4.95,5
000531,穗恒运A,2009-09-30,1,200.0000,0.75,200.0000,0.00,0
000532,力合股份,2009-09-30,2,539.5720,1.57,62.5340,1.38,2
000537,广宇发展,2009-09-30,4,3185.4500,6.21,-1940.0560,10.00,6
000538,云南白药,2009-09-30,7,5306.6050,9.94,518.5280,8.97,7
000539,粤电力A,2009-09-30,4,9852.2100,3.70,2871.3100,2.63,3
000540,中天城投,2009-09-30,8,2992.6840,5.24,-3024.9860,10.54,8
000541,佛山照明,2009-09-30,2,1031.4350,1.05,402.7090,0.64,1
000543,皖能电力,2009-09-30,2,473.2500,0.61,286.0150,0.24,1
000548,湖南投资,2009-09-30,3,863.0390,1.73,863.0390,0.00,0
000550,江铃汽车,2009-09-30,6,4646.7130,5.38,919.5420,4.32,5
000558,莱茵置业,2009-09-30,1,299.9910,0.81,-795.5000,2.96,2
000559,万向钱潮,2009-09-30,2,732.9430,0.71,-5214.2600,5.80,5
000560,昆百大A,2009-09-30,6,1627.0540,12.11,212.4935,10.53,5
000562,宏源证券,2009-09-30,4,2389.3760,1.64,203.3320,1.50,4
000563,陕国投A,2009-09-30,3,1096.9648,3.06,913.1908,0.51,2
000564,西安民生,2009-09-30,1,799.9940,2.96,100.0000,2.59,1
000565,渝三峡A,2009-09-30,1,79.9988,0.46,79.9988,0.00,0
000566,海南海药,2009-09-30,7,4128.6370,19.53,1614.1920,11.90,6
000568,泸州老窖,2009-09-30,9,12662.2000,9.08,433.9210,8.77,9
000571,新大洲A,2009-09-30,1,230.0000,0.31,230.0000,0.00,0
000572,海马汽车,2009-09-30,3,3873.0900,3.70,-834.8300,4.50,4
000581,威孚高科,2009-09-30,6,4064.7040,7.17,1516.9160,4.49,5
000584,友利控股,2009-09-30,3,1988.3300,4.86,1988.3300,0.00,0
000589,黔轮胎A,2009-09-30,2,257.2827,1.01,-738.6763,3.92,5
000591,桐君阁,2009-09-30,1,71.6240,0.37,71.6240,0.00,0
000596,古井贡酒,2009-09-30,2,440.2380,1.87,178.3090,1.12,1
000597,东北制药,2009-09-30,3,726.0680,2.18,-1279.2530,6.01,8
000598,兴蓉投资,2009-09-30,5,1363.6990,4.51,-619.1720,6.56,7
000600,建投能源,2009-09-30,3,687.0640,0.75,387.0640,0.33,2
000601,韶能股份,2009-09-30,3,2956.7750,3.19,2656.7830,0.32,1
000606,青海明胶,2009-09-30,1,199.9980,0.49,199.9980,0.00,0
000609,绵世股份,2009-09-30,1,109.4260,0.37,109.4260,0.00,0
000612,焦作万方,2009-09-30,8,3905.1440,8.13,1868.8720,4.24,6
000616,亿城股份,2009-09-30,6,6341.6970,7.02,-7753.0230,15.61,7
000617,*ST济柴,2009-09-30,3,589.9859,2.05,-871.9401,6.10,5
000619,海螺型材,2009-09-30,4,1031.8450,2.87,-691.9910,4.79,4
000623,吉林敖东,2009-09-30,8,7053.4390,12.30,744.1330,11.00,7
000625,长安汽车,2009-09-30,6,11956.7800,5.12,10445.2180,0.65,2
000630,铜陵有色,2009-09-30,7,3680.5590,2.84,-3433.9710,5.50,9
000635,英力特,2009-09-30,4,1634.1340,9.23,57.5790,11.47,5
000637,茂化实华,2009-09-30,1,199.9920,0.44,199.9920,0.00,0
000650,仁和药业,2009-09-30,9,2943.1290,10.51,1937.8080,4.57,5
000651,格力电器,2009-09-30,4,12850.7500,6.84,2387.3500,5.57,3
000652,泰达股份,2009-09-30,3,2592.7460,1.76,326.2220,1.54,3
000655,金岭矿业,2009-09-30,7,2010.7930,3.38,57.8510,5.25,7
000656,金科股份,2009-09-30,3,947.5770,3.79,643.1720,1.22,1
000661,长春高新,2009-09-30,1,71.7190,0.55,-107.5790,1.37,1
000665,湖北广电,2009-09-30,1,100.0000,0.56,100.0000,0.00,0
000666,经纬纺机,2009-09-30,1,908.7600,1.51,-91.2400,1.66,1
000667,名流置业,2009-09-30,5,15762.7600,11.70,1490.0700,10.60,5
000671,阳光城,2009-09-30,5,1082.9183,6.47,-422.4917,8.99,8
000677,恒天海龙,2009-09-30,6,6816.8820,7.89,5332.1610,1.72,2
000679,大连友谊,2009-09-30,6,1911.1270,8.04,-211.3280,8.93,6
000680,山推股份,2009-09-30,9,10459.8950,13.78,1933.1380,11.23,8
000683,远兴能源,2009-09-30,4,4397.5500,8.59,2954.5730,2.82,3
000685,中山公用,2009-09-30,5,3817.6421,6.37,-33.9680,6.43,4
000686,东北证券,2009-09-30,8,2464.3320,3.85,163.1910,3.60,7
000690,宝新能源,2009-09-30,7,4398.5410,3.82,649.3170,3.26,6
001696,宗申动力,2009-09-30,6,8828.6140,14.70,327.9040,14.15,6
000698,沈阳化工,2009-09-30,5,7276.6800,11.01,153.0500,10.78,7
000707,双环科技,2009-09-30,9,7856.0920,16.93,6157.5530,3.66,5
000708,大冶特钢,2009-09-30,6,3911.3560,8.70,-518.1870,9.86,6
000709,河北钢铁,2009-09-30,7,22202.8200,6.12,-382.4100,6.23,7
000712,锦龙股份,2009-09-30,5,2129.9430,6.99,-676.1110,9.21,7
000715,中兴商业,2009-09-30,1,208.6100,0.75,-571.8060,2.80,4
000717,*ST韶钢,2009-09-30,8,17301.6800,10.36,5180.7800,7.26,8
000718,苏宁环球,2009-09-30,9,11720.9830,6.88,-2399.1670,8.29,9
000723,美锦能源,2009-09-30,4,637.4761,4.57,537.4786,0.72,1
000726,鲁泰A,2009-09-30,7,5446.9140,5.47,938.6860,4.53,5
000728,国元证券,2009-09-30,4,903.1060,0.62,-201.1330,0.75,6
000729,燕京啤酒,2009-09-30,8,14800.1400,12.23,879.2400,11.50,8
000731,四川美丰,2009-09-30,3,2206.8820,4.42,1571.3220,1.27,2
000733,振华科技,2009-09-30,1,149.9960,0.42,149.9960,0.00,0
000735,罗牛山,2009-09-30,1,1073.0800,1.22,1073.0800,0.00,0
000739,普洛药业,2009-09-30,2,486.1110,1.89,486.1110,0.00,0
000748,长城信息,2009-09-30,1,285.9690,0.76,-584.2620,2.32,2
000755,山西三维,2009-09-30,6,3339.2570,7.12,1402.9480,4.13,5
000758,中色股份,2009-09-30,6,3540.4120,5.54,-4064.2870,11.90,8
000759,中百集团,2009-09-30,9,11622.6720,20.74,3235.2600,14.96,7
000762,西藏矿业,2009-09-30,4,1968.9950,7.14,-494.2060,8.94,5
000767,漳泽电力,2009-09-30,3,1063.6670,0.80,331.3630,0.55,2
000768,中航飞机,2009-09-30,5,4268.3350,1.72,1276.1190,1.21,4
000776,广发证券,2009-09-30,1,245.7200,1.33,0.0000,1.34,1
000778,新兴铸管,2009-09-30,9,11966.9640,8.12,-1515.3330,11.48,9
000780,平庄能源,2009-09-30,1,264.7210,0.26,-22.0790,0.28,1
000785,武汉中商,2009-09-30,3,790.0040,3.14,247.0840,2.16,3
000786,北新建材,2009-09-30,7,7871.0570,13.69,1295.6460,11.43,7
000788,北大医药,2009-09-30,2,1062.5080,4.08,957.9480,0.40,1
000792,盐湖股份,2009-09-30,7,6139.3780,8.00,-471.8310,8.61,7
000793,华闻传媒,2009-09-30,4,2392.1090,1.76,610.6750,1.31,3
000797,中国武夷,2009-09-30,3,1276.3470,3.28,1276.3470,0.00,0
000799,酒鬼酒,2009-09-30,3,639.1750,2.11,187.9870,1.49,2
000800,一汽轿车,2009-09-30,7,16398.4600,10.08,7.0100,10.07,8
000807,云铝股份,2009-09-30,8,5848.3940,4.94,367.5920,5.20,9
000815,*ST美利,2009-09-30,1,143.4530,0.91,-1035.5240,7.44,3
000816,江淮动力,2009-09-30,5,3102.6550,3.67,-4236.7150,8.68,6
000822,山东海化,2009-09-30,6,5015.8910,5.60,572.0570,4.97,8
000823,超声电子,2009-09-30,3,1765.7470,4.01,1404.1350,0.82,1
000825,太钢不锈,2009-09-30,7,20988.6800,3.68,-9082.2600,5.28,9
000826,桑德环境,2009-09-30,8,4920.4050,11.90,-1241.5500,14.91,9
000828,东莞控股,2009-09-30,1,906.8960,0.87,906.8960,0.00,0
000829,天音控股,2009-09-30,4,3852.3730,4.07,1673.6430,2.30,3
000830,鲁西化工,2009-09-30,1,200.0000,0.19,200.0000,0.00,0
000831,五矿稀土,2009-09-30,2,950.9470,1.46,-88.9920,1.59,3
000837,秦川发展,2009-09-30,7,2815.0150,8.07,-956.6920,10.82,8
000839,中信国安,2009-09-30,4,3084.3870,1.97,-2109.0000,3.33,5
000848,承德露露,2009-09-30,9,4096.4070,21.55,1118.8130,15.66,8
000858,五粮液,2009-09-30,9,12328.3230,3.25,1345.0630,2.89,7
000859,国风塑业,2009-09-30,1,181.9000,0.43,-789.7600,2.31,3
000860,顺鑫农业,2009-09-30,6,3767.1230,8.59,2084.7750,3.84,3
000869,张裕A,2009-09-30,2,928.8770,1.76,-124.2530,2.00,2
000875,吉电股份,2009-09-30,4,3148.1290,3.75,3148.1290,0.00,0
000876,新希望,2009-09-30,5,4164.6700,5.50,712.8040,4.56,4
000877,天山股份,2009-09-30,7,4056.4010,13.00,-1168.8680,16.75,7
000878,云南铜业,2009-09-30,8,5307.7730,4.22,-3180.1260,6.76,9
000882,华联股份,2009-09-30,2,317.6360,0.64,-482.3640,1.62,1
000886,海南高速,2009-09-30,2,1300.0080,1.31,564.3030,0.74,1
000887,中鼎股份,2009-09-30,7,2883.1530,6.78,274.1160,6.13,7
000888,峨眉山A,2009-09-30,6,2519.2880,10.71,-464.7500,12.69,6
000893,东凌粮油,2009-09-30,3,611.0640,2.75,70.6010,2.43,4
000895,双汇发展,2009-09-30,9,10060.9870,16.60,1486.3010,14.15,8
000897,津滨发展,2009-09-30,5,6280.1440,3.88,-148.5930,3.98,5
000898,*ST鞍钢,2009-09-30,4,7565.4900,1.05,-11592.9600,2.65,6
000899,赣能股份,2009-09-30,4,1677.8290,3.06,1377.8460,0.55,1
000900,现代投资,2009-09-30,7,2808.9380,7.04,240.6910,6.44,7
000903,云内动力,2009-09-30,1,127.9570,0.34,-756.6530,2.34,2
000906,物产中拓,2009-09-30,2,521.5530,2.20,521.5530,0.00,0
000909,数源科技,2009-09-30,3,637.7040,3.25,637.7040,0.00,0
000910,大亚科技,2009-09-30,7,6927.8910,13.13,1890.9290,9.55,8
000911,南宁糖业,2009-09-30,3,1269.1600,4.43,-3438.7490,16.42,9
000912,泸天化,2009-09-30,7,2369.2610,4.05,-34.3340,4.11,8
000917,电广传媒,2009-09-30,7,4884.8490,12.02,-1075.0270,14.67,7
000918,嘉凯城,2009-09-30,6,1680.5480,1.16,1095.0720,2.15,2
000919,金陵药业,2009-09-30,9,4709.8500,9.34,3297.4540,2.80,4
000926,福星股份,2009-09-30,8,9762.2150,13.84,-717.4990,14.86,9
000927,一汽夏利,2009-09-30,6,7576.4140,4.75,-558.6660,5.10,8
000930,中粮生化,2009-09-30,3,3174.3160,3.29,1891.9250,1.33,2
000932,华菱钢铁,2009-09-30,7,15472.7200,5.65,1505.1000,5.10,7
000933,神火股份,2009-09-30,5,7719.8900,10.29,-998.1510,11.63,6
000937,冀中能源,2009-09-30,9,7084.5340,8.99,-1914.6930,11.42,9
000948,南天信息,2009-09-30,2,379.9813,1.80,-39.0104,1.99,3
000949,新乡化纤,2009-09-30,1,560.2760,0.95,154.5260,0.69,1
000950,建峰化工,2009-09-30,4,523.9872,1.31,-61.6148,1.88,2
000951,中国重汽,2009-09-30,8,4668.4620,11.13,-680.0910,12.75,10
000952,广济药业,2009-09-30,6,1853.1900,7.36,890.8460,3.82,4
000959,首钢股份,2009-09-30,9,23965.9300,8.08,-5064.9240,9.79,9
000960,锡业股份,2009-09-30,7,4800.8150,7.38,-2133.2470,10.66,9
000961,中南建设,2009-09-30,8,5785.3820,7.43,3567.5390,2.85,5
000962,东方钽业,2009-09-30,1,232.3800,0.65,168.3800,0.18,1
000963,华东医药,2009-09-30,7,6798.9230,15.66,367.5850,14.82,7
000965,天保基建,2009-09-30,3,1302.8096,2.82,952.8096,0.76,2
000966,长源电力,2009-09-30,1,1000.0000,1.80,-168.0100,2.11,1
000968,煤气化,2009-09-30,7,3690.7280,7.18,582.0220,6.05,5
000969,安泰科技,2009-09-30,6,1925.6520,4.36,-1251.5170,7.20,7
000970,中科三环,2009-09-30,1,400.0000,0.79,-1898.3630,4.53,4
000972,新中基,2009-09-30,3,2593.5600,6.19,2593.5600,0.00,0
000973,佛塑科技,2009-09-30,1,126.3850,0.21,-2252.5050,3.88,2
000978,桂林旅游,2009-09-30,2,400.4660,2.26,-792.8250,6.74,4
000983,西山煤电,2009-09-30,6,12899.0000,5.32,-8033.4800,8.64,10
000985,大庆华科,2009-09-30,2,240.0000,1.85,-73.9560,2.42,2
000987,广州友谊,2009-09-30,8,6138.6290,17.10,276.4510,16.33,8
000988,华工科技,2009-09-30,2,189.9990,0.47,-88.1190,0.85,1
000989,九芝堂,2009-09-30,1,199.9930,0.67,0.0000,0.67,1
000990,诚志股份,2009-09-30,3,1387.3260,4.67,-599.9540,6.69,3
000996,中国中期,2009-09-30,5,611.1009,2.66,456.6215,0.67,2
000998,隆平高科,2009-09-30,2,469.3190,1.69,469.3190,0.00,0
000999,华润三九,2009-09-30,8,8349.3230,8.53,1896.1950,6.59,6
600537,亿晶光电,2009-09-30,3,905.4170,3.94,75.4320,3.61,1
600562,国睿科技,2009-09-30,1,95.8782,1.14,0.0000,1.14,1
600408,安泰集团,2009-09-30,4,2725.4060,2.71,1745.4070,1.16,3
600573,惠泉啤酒,2009-09-30,1,500.0000,2.00,0.0000,2.00,1
600521,华海药业,2009-09-30,5,4332.3270,14.48,-227.5570,15.24,6
600375,华菱星马,2009-09-30,2,161.9900,0.86,-550.8190,3.80,3
600343,航天动力,2009-09-30,1,137.8900,0.75,-222.8390,1.95,2
600502,安徽水利,2009-09-30,4,2103.1450,9.43,1992.2360,0.50,1
600481,双良节能,2009-09-30,3,1402.5900,2.08,709.9220,1.03,2
600004,白云机场,2009-09-30,3,1436.9720,1.25,-1320.6480,2.40,4
600459,贵研铂业,2009-09-30,3,199.9972,1.79,199.9972,0.00,0
600570,恒生电子,2009-09-30,5,7876.7900,17.68,2706.1200,11.61,3
600392,盛和资源,2009-09-30,3,1720.5780,10.99,-136.7090,11.86,4
600584,长电科技,2009-09-30,2,1238.2760,1.66,-536.7140,2.38,2
600251,冠农股份,2009-09-30,5,2556.5990,7.06,-380.3990,8.11,5
600436,片仔癀,2009-09-30,6,1810.6370,12.93,1011.8020,5.71,5
600409,三友化工,2009-09-30,8,7416.7230,7.90,6560.2840,0.91,2
600031,三一重工,2009-09-30,9,9563.3070,6.43,237.0350,6.27,9
600435,北方导航,2009-09-30,1,68.5885,0.14,68.5885,0.00,0
600439,瑞贝卡,2009-09-30,6,5043.5770,8.18,-3507.2290,13.87,7
600271,航天信息,2009-09-30,3,4217.1100,4.57,-425.1600,5.03,2
600423,柳化股份,2009-09-30,5,3076.7490,11.56,409.0910,10.02,5
600475,华光股份,2009-09-30,7,2841.9940,11.10,-958.2550,14.85,7
600425,青松建化,2009-09-30,4,2653.0680,7.19,-3363.0320,16.31,7
600029,南方航空,2009-09-30,9,26752.2900,3.34,7394.5200,2.95,9
600546,山煤国际,2009-09-30,9,6228.7440,20.76,210.9020,20.06,9
600352,浙江龙盛,2009-09-30,3,4795.7700,3.64,829.9230,3.01,3
600485,中创信测,2009-09-30,4,1038.7780,7.60,636.4700,2.94,2
600020,中原高速,2009-09-30,2,654.9550,0.31,187.8490,0.22,2
600489,中金黄金,2009-09-30,8,2875.3410,3.64,231.0420,3.35,7
600480,凌云股份,2009-09-30,1,549.9960,1.76,296.9490,0.81,1
600348,阳泉煤业,2009-09-30,9,7815.9480,8.12,-729.9630,8.88,9
600487,亨通光电,2009-09-30,5,2051.8520,12.35,388.5940,10.01,5
600547,山东黄金,2009-09-30,5,1874.4670,2.63,-116.7740,2.80,5
600449,宁夏建材,2009-09-30,3,734.0540,3.76,-1171.0290,9.76,6
600432,吉恩镍业,2009-09-30,4,1808.2410,2.37,337.2650,1.93,4
600429,三元股份,2009-09-30,1,1200.0000,1.89,0.4800,1.89,1
600478,科力远,2009-09-30,4,1799.7880,6.29,-1583.6430,11.82,7
600517,置信电气,2009-09-30,5,6481.3800,10.48,1506.7530,8.04,5
600406,国电南瑞,2009-09-30,5,1681.6150,6.59,-779.5670,9.65,6
600469,风神股份,2009-09-30,6,2367.0830,6.31,-1151.9220,9.39,5
600021,上海电力,2009-09-30,1,312.9600,0.15,-256.6760,0.27,2
600184,光电股份,2009-09-30,2,194.1350,1.85,-10.7080,1.95,3
600900,长江电力,2009-09-30,4,14813.4700,1.57,-9025.8400,2.53,5
600527,江南高纤,2009-09-30,1,1614.4100,4.60,334.3700,3.64,1
600476,湘邮科技,2009-09-30,3,678.7620,4.21,475.5750,1.26,1
600446,金证股份,2009-09-30,1,229.9800,1.67,229.9800,0.00,0
600540,新赛股份,2009-09-30,5,1566.6080,6.73,1032.6602,2.29,2
600354,敦煌种业,2009-09-30,6,2940.6320,15.81,1320.8110,8.71,5
000100,TCL集团,2009-09-30,3,4554.7600,1.55,-331.6700,1.66,3
600444,*ST国通,2009-09-30,1,149.9940,1.43,149.9940,0.00,0
600325,华发股份,2009-09-30,7,14045.6700,17.19,1106.4900,15.84,7
600438,通威股份,2009-09-30,1,550.3450,0.80,550.3450,0.00,0
600470,六国化工,2009-09-30,7,2282.7220,10.10,2057.7320,1.00,1
600035,楚天高速,2009-09-30,2,1494.0770,1.60,-58.1930,1.67,2
600479,千金药业,2009-09-30,5,2409.2250,11.07,-382.7410,12.82,6
600284,浦东建设,2009-09-30,4,1617.8300,4.68,225.5550,4.02,2
600463,空港股份,2009-09-30,1,120.0000,0.48,-552.9810,2.67,3
600594,益佰制药,2009-09-30,4,2452.2470,10.43,258.0390,9.33,4
600543,莫高股份,2009-09-30,5,3273.6700,10.19,2091.9900,6.62,2
600467,好当家,2009-09-30,7,4739.0720,7.48,3828.1573,1.44,4
002181,粤传媒,2009-09-30,2,569.8140,1.63,-1018.3400,4.54,5
600969,郴电国际,2009-09-30,3,1389.6280,6.61,-172.3066,7.43,5
600976,武汉健民,2009-09-30,1,300.0000,1.96,300.0000,0.00,0
600497,驰宏锌锗,2009-09-30,6,3579.8670,4.59,-5.2300,4.60,6
600410,华胜天成,2009-09-30,1,1099.9800,2.39,-172.0920,2.76,2
600990,四创电子,2009-09-30,4,312.0202,5.31,144.7315,2.85,2
600993,马应龙,2009-09-30,1,151.7840,0.92,98.4658,0.32,1
600967,北方创业,2009-09-30,1,100.0000,0.58,100.0000,0.00,0
600491,龙元建设,2009-09-30,2,1267.2570,2.67,131.4180,2.40,3
600963,岳阳林纸,2009-09-30,7,11549.3510,17.71,-796.1390,18.93,9
600997,开滦股份,2009-09-30,7,5115.0620,4.14,-1789.7170,5.59,7
600966,博汇纸业,2009-09-30,5,5998.0650,11.89,2586.8590,6.76,6
600975,新五丰,2009-09-30,1,185.6340,1.03,185.6340,0.00,0
600995,文山电力,2009-09-30,3,2442.0820,5.10,-1236.0130,7.69,4
600420,现代制药,2009-09-30,5,3442.1830,11.96,1265.4540,7.57,5
002001,新和成,2009-09-30,8,4248.0560,12.42,711.8290,10.34,8
002003,伟星股份,2009-09-30,7,3386.1030,16.83,156.9620,16.05,7
600962,国投中鲁,2009-09-30,4,1038.2930,5.15,468.7155,2.82,4
002004,华邦颖泰,2009-09-30,1,372.2880,2.82,-210.4930,4.42,2
002005,德豪润达,2009-09-30,1,209.8600,0.65,-396.2900,1.88,1
600143,金发科技,2009-09-30,6,9896.1410,7.09,2204.2130,5.51,4
002006,精功科技,2009-09-30,5,722.6370,5.02,585.4824,0.95,2
002007,华兰生物,2009-09-30,6,4477.5600,12.43,242.5860,11.76,6
002008,大族激光,2009-09-30,5,4946.1430,7.10,-1041.9650,8.60,5
600022,山东钢铁,2009-09-30,5,6558.3570,2.10,-8015.9720,4.67,8
002009,天奇股份,2009-09-30,3,767.9620,3.47,240.3360,2.39,2
002010,传化股份,2009-09-30,8,1131.4680,5.58,-147.9340,6.31,4
002011,盾安环境,2009-09-30,4,357.5798,0.96,224.9383,0.41,2
002013,中航精机,2009-09-30,5,1151.7050,8.96,294.3140,6.67,3
002014,永新股份,2009-09-30,5,786.9580,5.65,593.9580,1.39,2
002015,霞客环保,2009-09-30,3,683.5990,3.40,544.4260,0.81,1
002017,东信和平,2009-09-30,2,636.8984,4.15,-1246.1356,12.27,7
002018,华星化工,2009-09-30,4,2158.5730,8.81,1663.0100,2.02,2
002019,鑫富药业,2009-09-30,7,1075.3838,5.63,979.0421,0.50,1
600482,风帆股份,2009-09-30,5,2821.8130,6.12,2320.9080,1.09,1
002022,科华生物,2009-09-30,6,5731.6020,13.97,-1918.8100,18.65,8
002023,海特高新,2009-09-30,6,2429.1020,12.91,1583.2620,4.50,3
002024,苏宁云商,2009-09-30,7,41658.1400,9.29,153.0300,9.25,7
002025,航天电器,2009-09-30,6,2620.6770,7.94,-633.3350,9.86,7
600983,合肥三洋,2009-09-30,7,4163.1240,12.50,951.8600,9.64,6
600973,宝胜股份,2009-09-30,3,427.9380,2.74,-602.3390,6.61,5
002027,七喜控股,2009-09-30,1,132.2220,0.44,17.9080,0.38,1
002028,思源电气,2009-09-30,7,4977.9150,11.32,314.1050,10.61,6
002029,七匹狼,2009-09-30,7,4335.6000,15.33,-8.2110,15.35,7
600987,航民股份,2009-09-30,1,149.9050,0.35,-679.0590,1.96,2
002030,达安基因,2009-09-30,1,155.9650,0.65,19.2900,0.57,1
002031,巨轮股份,2009-09-30,3,296.7458,1.12,-158.7242,1.87,2
600971,恒源煤电,2009-09-30,7,1944.7542,8.10,-713.4448,11.27,9
002032,苏泊尔,2009-09-30,6,1787.4530,4.03,-287.7200,4.67,8
600978,宜华木业,2009-09-30,6,5715.3280,5.69,5116.8280,0.60,1
002033,丽江旅游,2009-09-30,6,964.1016,9.71,536.1149,4.31,4
600961,*ST株冶,2009-09-30,4,1865.9130,3.54,637.5090,2.33,2
002035,华帝股份,2009-09-30,1,111.7170,0.65,22.3200,0.52,1
002036,宜科科技,2009-09-30,1,500.0000,2.47,500.0000,0.00,0
002037,久联发展,2009-09-30,5,1374.2743,10.33,809.5260,4.24,3
002038,双鹭药业,2009-09-30,6,2919.4050,11.71,-202.9850,12.57,6
600027,华电国际,2009-09-30,4,4294.9600,0.71,-2540.6680,1.14,5
002039,黔源电力,2009-09-30,1,84.4100,0.60,29.4100,0.39,1
600970,中材国际,2009-09-30,8,4587.6620,10.88,149.6960,10.52,8
002041,登海种业,2009-09-30,5,1577.4950,8.96,-266.9840,10.48,6
002042,华孚色纺,2009-09-30,1,146.0380,0.62,146.0380,0.00,0
002044,江苏三友,2009-09-30,2,498.9090,3.07,498.9090,0.00,0
002045,国光电器,2009-09-30,7,3228.0970,12.88,3228.0970,0.00,0
002047,*ST成霖,2009-09-30,5,1933.7000,6.82,1510.5660,1.49,2
002048,宁波华翔,2009-09-30,7,3959.3520,8.02,1314.3290,5.36,5
002049,同方国芯,2009-09-30,1,249.5130,1.85,249.5130,0.00,0
002050,三花股份,2009-09-30,7,1995.1270,7.56,1040.0352,3.62,6
601588,北辰实业,2009-09-30,2,1535.8140,0.46,-221.4440,0.52,3
601866,中海集运,2009-09-30,8,9883.4330,0.85,-5294.9400,1.30,9
601899,紫金矿业,2009-09-30,4,15146.7400,1.04,4754.1800,0.72,3
002051,中工国际,2009-09-30,1,81.6492,0.43,-56.5100,0.73,2
002052,同洲电子,2009-09-30,1,167.6760,0.49,-692.3580,2.93,2
002053,云南盐化,2009-09-30,3,412.5030,2.22,306.6410,0.57,1
601788,光大证券,2009-09-30,2,292.7640,0.09,292.7640,0.00,0
601398,工商银行,2009-09-30,4,102238.4000,0.31,49561.1000,0.16,2
601939,建设银行,2009-09-30,3,47276.4000,0.20,4862.2100,0.18,3
601166,兴业银行,2009-09-30,1,6000.0000,1.20,-303.0400,1.26,1
601169,北京银行,2009-09-30,1,4605.5500,0.74,-2191.4400,1.09,1
601988,中国银行,2009-09-30,2,27712.3000,0.11,14712.3000,0.05,1
601998,中信银行,2009-09-30,3,11393.5300,0.29,11393.5300,0.00,0
601009,南京银行,2009-09-30,6,14473.7500,7.88,2837.4700,6.34,5
601628,中国人寿,2009-09-30,2,5442.0400,0.19,-2376.2100,0.28,3
601318,中国平安,2009-09-30,2,6539.2500,0.89,2614.2500,0.53,1
601601,中国太保,2009-09-30,5,13183.0600,1.71,-569.0100,1.79,5
600018,上港集团,2009-09-30,3,10031.5900,0.48,-4659.9700,0.70,5
002110,三钢闽光,2009-09-30,6,2251.5090,4.21,-8.5680,4.23,5
002281,光迅科技,2009-09-30,2,294.7927,1.84,294.7927,0.00,0
601005,重庆钢铁,2009-09-30,3,1945.6810,1.12,1406.3100,0.31,3
601857,中国石油,2009-09-30,6,27836.0700,0.15,1091.7500,0.15,7
002106,莱宝高科,2009-09-30,5,3791.6990,11.49,351.6920,10.43,5
601600,中国铝业,2009-09-30,4,6302.7800,0.47,1078.6800,0.39,3
601088,中国神华,2009-09-30,7,18293.5400,0.92,2162.3500,0.81,7
002067,景兴纸业,2009-09-30,1,228.6900,0.58,35.2800,0.49,1
002060,粤水电,2009-09-30,3,511.4930,1.54,-93.7040,1.82,3
002139,拓邦股份,2009-09-30,3,486.5260,3.48,-180.3780,6.67,5
601333,广深铁路,2009-09-30,7,26288.0800,3.71,-1525.4600,3.93,6
002187,广百股份,2009-09-30,6,1559.1200,9.74,74.6250,9.28,6
601107,四川成渝,2009-09-30,1,109.6300,0.04,109.6300,0.00,0
002088,鲁阳股份,2009-09-30,4,1055.1970,4.91,-131.5780,5.53,5
002267,陕天然气,2009-09-30,3,473.4340,0.93,-1058.5622,3.01,4
002153,石基信息,2009-09-30,7,2444.8800,10.91,-192.4470,11.77,7
002063,远光软件,2009-09-30,3,644.7490,3.26,644.7490,0.00,0
601111,中国国航,2009-09-30,4,9669.1900,0.79,-7161.3600,1.37,5
002056,横店东磁,2009-09-30,7,4450.0700,10.83,1613.9900,6.90,7
002272,川润股份,2009-09-30,1,25.7340,0.25,3.6620,0.22,1
002186,全聚德,2009-09-30,1,49.4311,0.35,13.9561,0.25,1
002142,宁波银行,2009-09-30,5,10697.2900,4.28,1507.6900,3.68,5
002185,华天科技,2009-09-30,2,492.1470,1.71,372.1500,0.42,1
601727,上海电气,2009-09-30,5,2825.8920,0.23,1252.8620,0.13,4
002206,海利得,2009-09-30,5,888.3266,7.11,788.3266,0.80,1
002059,云南旅游,2009-09-30,1,30.0000,0.14,30.0000,0.00,0
601168,西部矿业,2009-09-30,4,7495.9400,3.15,574.6000,2.90,4
000338,潍柴动力,2009-09-30,8,4821.3750,5.79,95.4370,5.67,8
002261,拓维信息,2009-09-30,6,471.6589,4.22,-80.0643,4.93,7
002140,东华科技,2009-09-30,6,1345.7870,9.66,139.8680,8.65,6
002080,中材科技,2009-09-30,7,2560.9950,17.07,545.4920,13.44,7
601919,*ST远洋,2009-09-30,2,5167.6800,0.51,-5536.1400,1.05,3
002117,东港股份,2009-09-30,1,40.0501,0.36,40.0501,0.00,0
601808,中海油服,2009-09-30,8,6240.2290,1.39,1205.1510,1.12,8
002182,云海金属,2009-09-30,4,727.8770,3.79,306.7700,2.19,2
601001,大同煤业,2009-09-30,6,4267.3080,5.10,-3507.2810,9.29,8
002202,金风科技,2009-09-30,6,5307.3820,3.79,-116.5280,3.88,5
002143,高金食品,2009-09-30,3,262.9697,1.64,-295.4633,3.48,3
002054,德美化工,2009-09-30,1,124.0710,0.56,124.0710,0.00,0
002055,得润电子,2009-09-30,4,624.5240,5.41,66.3423,4.16,5
002146,荣盛发展,2009-09-30,7,4140.4650,4.62,1373.7210,3.46,5
002065,东华软件,2009-09-30,5,3221.2180,7.56,-285.9230,8.23,6
002057,中钢天源,2009-09-30,2,173.6454,2.07,-32.4346,2.45,2
600048,保利地产,2009-09-30,7,15355.4100,4.36,-6706.7700,6.92,8
601006,大秦铁路,2009-09-30,2,12601.7200,0.97,1001.7200,0.89,1
601699,潞安环能,2009-09-30,5,5355.3460,4.65,-1418.3210,5.89,7
002082,栋梁新材,2009-09-30,2,198.4764,0.83,-265.3536,1.95,3
002089,新海宜,2009-09-30,2,509.9960,2.38,419.9450,0.42,1
002078,太阳纸业,2009-09-30,6,2805.5550,5.58,-189.0860,5.96,6
002091,江苏国泰,2009-09-30,6,2699.3730,11.25,-347.6440,12.70,7
601008,连云港,2009-09-30,1,1293.0000,2.41,0.0000,2.41,1
002062,宏润建设,2009-09-30,4,1667.5836,5.56,58.5186,5.36,3
002064,华峰氨纶,2009-09-30,2,1979.2420,5.36,113.0610,5.05,2
002073,软控股份,2009-09-30,6,3199.1370,6.46,522.0900,8.11,7
002208,合肥城建,2009-09-30,2,956.4970,5.98,596.0720,2.25,2
601666,平煤股份,2009-09-30,8,10565.4620,7.56,-3441.5120,10.03,9
002068,黑猫股份,2009-09-30,6,1754.5770,9.13,1314.8224,2.29,2
601898,中煤能源,2009-09-30,7,13549.4700,1.02,-4457.9300,1.36,8
002069,獐子岛,2009-09-30,3,720.4846,3.19,581.2010,0.62,2
601918,国投新集,2009-09-30,6,4565.3100,2.47,-2018.4240,3.56,7
002081,金螳螂,2009-09-30,6,1642.8050,7.77,-161.2180,8.53,6
002084,海鸥卫浴,2009-09-30,8,1629.2101,6.99,1389.7152,1.03,3
002172,澳洋科技,2009-09-30,3,944.9490,2.72,304.7250,1.84,2
002085,万丰奥威,2009-09-30,1,985.5960,3.47,41.4140,3.32,2
002154,报喜鸟,2009-09-30,8,2397.1960,9.60,960.6000,5.76,6
600017,日照港,2009-09-30,2,3132.8620,2.07,-932.0220,3.22,3
002074,东源电器,2009-09-30,6,1058.0230,7.52,1019.6566,0.27,1
002092,中泰化学,2009-09-30,5,3397.3000,6.33,-17.7280,6.36,5
002094,青岛金王,2009-09-30,2,310.5580,1.45,-366.5540,3.16,3
601872,招商轮船,2009-09-30,1,947.2610,0.28,-2551.3250,1.02,2
002095,生意宝,2009-09-30,2,170.1561,1.89,51.5061,1.32,1
002083,孚日股份,2009-09-30,6,1608.7960,1.71,-723.8760,2.49,5
002097,山河智能,2009-09-30,2,489.0390,1.78,489.0390,0.00,0
002093,国脉科技,2009-09-30,5,1219.9045,4.57,-727.4947,7.29,6
002100,天康生物,2009-09-30,3,297.9321,1.82,215.3821,0.50,1
002200,*ST大地,2009-09-30,5,972.6170,6.44,397.5730,3.81,3
002104,恒宝股份,2009-09-30,5,1511.9630,5.15,-717.8450,7.59,4
002108,沧州明珠,2009-09-30,1,79.9995,0.81,79.9995,0.00,0
002109,兴化股份,2009-09-30,4,2418.8190,6.75,2237.6690,0.51,1
601002,晋亿实业,2009-09-30,2,599.9780,0.81,149.9800,0.61,2
002111,威海广泰,2009-09-30,1,374.0400,2.60,-195.9600,3.96,1
002107,沃华医药,2009-09-30,1,114.9310,0.70,-77.8539,2.35,3
002121,科陆电子,2009-09-30,4,1799.5420,7.50,420.5560,5.75,4
002112,三变科技,2009-09-30,1,100.0000,0.89,0.0000,0.89,1
002115,三维通信,2009-09-30,9,1698.5590,14.15,1265.9403,3.61,5
002113,天润控股,2009-09-30,1,589.9780,4.98,0.0000,4.98,1
002250,联化科技,2009-09-30,3,295.9331,2.29,295.9331,0.00,0
002211,宏达新材,2009-09-30,2,900.0000,3.72,900.0000,0.00,0
002216,三全食品,2009-09-30,3,510.0000,2.73,-427.5498,5.01,5
601003,柳钢股份,2009-09-30,5,4195.3610,1.64,543.9810,1.42,4
002123,荣信股份,2009-09-30,7,2638.4660,11.78,574.6710,10.08,6
002122,天马股份,2009-09-30,9,2196.1390,3.70,-381.6670,4.34,9
002126,银轮股份,2009-09-30,1,127.3950,1.27,127.3950,0.00,0
002129,中环股份,2009-09-30,1,175.7600,0.36,29.2400,0.30,1
002131,利欧股份,2009-09-30,5,307.2842,2.04,307.2842,0.00,0
002132,恒星科技,2009-09-30,3,620.0300,2.53,283.8740,1.37,1
002232,启明信息,2009-09-30,1,720.7620,2.83,0.0000,2.84,1
002133,广宇集团,2009-09-30,5,4222.3340,8.47,697.7850,7.07,4
601958,金钼股份,2009-09-30,7,6778.3520,2.10,-1205.2770,2.47,8
002128,露天煤业,2009-09-30,3,1130.6010,1.02,-526.8440,1.50,4
002138,顺络电子,2009-09-30,3,272.5933,2.23,272.5933,0.00,0
002170,芭田股份,2009-09-30,2,272.6120,0.90,272.6120,0.00,0
002159,三特索道,2009-09-30,2,164.9410,1.37,-23.0410,1.57,2
002148,北纬通信,2009-09-30,4,552.2480,7.30,18.1670,7.06,4
002152,广电运通,2009-09-30,7,3746.1930,10.95,-47.0080,11.09,8
002149,西部材料,2009-09-30,3,919.4010,5.26,608.5990,2.67,2
002147,方圆支承,2009-09-30,3,844.0890,3.74,-1246.6760,9.27,5
002155,辰州矿业,2009-09-30,5,1680.3620,3.07,-219.7440,3.47,5
002254,泰和新材,2009-09-30,6,1097.7050,0.83,569.2670,4.21,4
002161,远望谷,2009-09-30,3,550.8510,2.15,-2050.9380,10.13,6
002169,智光电气,2009-09-30,1,79.9909,0.48,79.9909,0.00,0
002163,中航三鑫,2009-09-30,2,147.1385,0.72,-12.0715,0.78,1
002164,东力传动,2009-09-30,6,926.0650,5.14,549.1481,2.10,5
002175,广陆数测,2009-09-30,1,315.5600,3.70,315.5600,0.00,0
002165,红宝丽,2009-09-30,7,2273.0750,14.43,920.7990,8.59,5
002179,中航光电,2009-09-30,4,1256.3543,4.69,-407.8987,6.22,6
002177,御银股份,2009-09-30,2,268.0640,1.20,268.0640,0.00,0
002183,怡亚通,2009-09-30,5,1959.5170,5.29,1105.4140,2.30,3
002193,山东如意,2009-09-30,2,66.7092,0.42,36.7147,0.19,1
601390,中国中铁,2009-09-30,8,57137.7200,2.68,1924.1200,2.59,7
002191,劲嘉股份,2009-09-30,8,2574.2910,4.01,1481.1090,1.70,4
002194,武汉凡谷,2009-09-30,5,1852.0940,3.33,-360.2850,3.98,6
002197,证通电子,2009-09-30,1,78.3968,0.60,-115.9272,1.48,2
601999,出版传媒,2009-09-30,4,660.8906,1.20,-336.9634,1.81,4
002204,大连重工,2009-09-30,6,895.4370,4.18,-715.5690,7.53,9
002209,达意隆,2009-09-30,2,282.9310,2.48,282.9310,0.00,0
002220,天宝股份,2009-09-30,3,566.9079,5.78,164.2808,4.11,2
002212,南洋股份,2009-09-30,1,29.3862,0.13,0.0000,0.13,1
002215,诺普信,2009-09-30,10,2798.7570,13.80,223.2090,12.70,9
002214,大立科技,2009-09-30,6,830.1877,8.30,-387.3284,12.18,7
002218,拓日新能,2009-09-30,4,348.9155,1.21,279.4729,0.24,2
601766,中国南车,2009-09-30,7,24802.6900,2.09,14461.0800,0.87,4
002219,独一味,2009-09-30,1,200.0000,1.07,-48.0350,2.66,2
601186,中国铁建,2009-09-30,3,8376.5800,0.68,-17511.3700,2.10,7
002297,博云新材,2009-09-30,1,59.9969,0.56,59.9969,0.00,0
002223,鱼跃医疗,2009-09-30,7,1062.0483,6.87,321.3400,4.79,3
002225,濮耐股份,2009-09-30,3,506.7710,0.97,77.7940,0.82,2
002228,合兴包装,2009-09-30,1,24.9994,0.13,24.9994,0.00,0
002244,滨江集团,2009-09-30,4,2742.1380,2.03,1238.2470,1.11,2
002227,奥特迅,2009-09-30,2,109.3286,1.01,109.3286,0.00,0
002237,恒邦股份,2009-09-30,1,66.0098,0.34,28.9518,0.19,1
002235,安妮股份,2009-09-30,2,599.6780,4.00,280.9120,2.13,1
002249,大洋电机,2009-09-30,1,64.7600,0.26,15.0200,0.20,1
002253,川大智胜,2009-09-30,2,168.7530,2.70,108.2591,0.97,1
002233,塔牌集团,2009-09-30,9,3635.2500,9.09,-350.8220,9.97,9
002243,通产丽星,2009-09-30,1,79.9856,0.31,79.9856,0.00,0
002236,大华股份,2009-09-30,3,349.8518,5.24,20.9827,4.92,4
002252,上海莱士,2009-09-30,3,199.4279,1.25,7.5599,1.20,3
002238,天威视讯,2009-09-30,5,1085.8900,4.07,264.9830,3.08,4
002239,金飞达,2009-09-30,4,577.6941,2.87,577.6941,0.00,0
002241,歌尔声学,2009-09-30,8,2021.9897,8.42,635.0075,5.78,8
002242,九阳股份,2009-09-30,9,2489.4550,4.91,-1158.8250,7.19,9
002251,步步高,2009-09-30,7,1779.8446,6.58,480.3308,4.81,4
002274,华昌化工,2009-09-30,1,54.7845,0.27,19.5800,0.18,1
002255,海陆重工,2009-09-30,3,268.2926,2.08,134.6766,1.21,1
002262,恩华药业,2009-09-30,3,435.1652,2.42,317.1781,0.66,2
002258,利尔化学,2009-09-30,3,415.2020,2.05,-235.6110,4.82,6
002264,新华都,2009-09-30,6,784.5567,7.34,236.5096,5.13,5
601668,中国建筑,2009-09-30,6,31800.0900,1.06,31800.0900,0.00,0
002268,卫士通,2009-09-30,1,71.5287,0.89,-17.0040,1.10,2
002269,美邦服饰,2009-09-30,9,3407.1430,3.39,1453.9130,1.94,6
002266,浙富股份,2009-09-30,1,331.0370,2.31,-652.3829,6.87,7
002286,保龄宝,2009-09-30,2,44.5400,0.56,44.5400,0.00,0
002291,星期六,2009-09-30,2,147.3014,0.69,147.3014,0.00,0
002292,奥飞动漫,2009-09-30,3,172.9760,1.08,172.9760,0.00,0
002293,罗莱家纺,2009-09-30,1,14.2299,0.10,14.2299,0.00,0
002294,信立泰,2009-09-30,8,393.3416,3.47,393.3416,0.00,0
601618,中国中冶,2009-09-30,3,3142.7200,0.16,3142.7200,0.00,0
