600000,浦发银行,2009-12-31,2,15675.3900,1.78,-500.0000,1.83,2
600005,武钢股份,2009-12-31,8,31201.3600,3.98,-1714.1200,4.20,8
600006,东风汽车,2009-12-31,6,7046.0520,3.52,3223.3540,1.91,5
600007,中国国贸,2009-12-31,7,4007.6330,3.98,1997.4290,2.00,5
600008,首创股份,2009-12-31,5,2650.4080,1.20,429.8690,1.01,5
600009,上海机场,2009-12-31,6,12659.6400,6.57,4783.8300,4.09,5
600010,包钢股份,2009-12-31,6,7351.3870,1.14,-7318.4830,2.28,7
600012,皖通高速,2009-12-31,2,2300.6790,1.39,2300.6790,0.00,0
600016,民生银行,2009-12-31,1,24958.6000,1.12,-3271.8000,1.50,1
600019,宝钢股份,2009-12-31,5,35692.1600,2.04,8704.4300,1.54,5
600026,中海发展,2009-12-31,7,6368.3050,1.87,-352.4430,1.97,7
600028,中国石化,2009-12-31,6,29013.2000,0.33,2377.8000,0.31,6
600030,中信证券,2009-12-31,2,8848.5300,1.33,17.6600,1.33,2
600033,福建高速,2009-12-31,6,5220.1030,2.85,3153.0010,1.40,5
600037,歌华有线,2009-12-31,7,8002.1410,7.55,4395.2180,3.40,5
600038,哈飞股份,2009-12-31,3,2118.4550,6.28,1430.4970,2.04,3
600050,中国联通,2009-12-31,8,68836.2600,3.25,14117.2900,2.58,8
600052,浙江广厦,2009-12-31,5,5670.0350,6.50,-1718.9480,8.48,7
600054,黄山旅游,2009-12-31,2,928.3860,1.97,90.0090,1.78,2
600055,华润万东,2009-12-31,2,1395.4640,6.45,665.4640,3.37,1
600056,中国医药,2009-12-31,7,1756.8876,7.34,1564.3313,0.80,3
600058,五矿发展,2009-12-31,8,2479.3860,2.31,-4935.2230,6.92,9
600059,古越龙山,2009-12-31,1,138.4190,0.25,-983.8150,2.01,4
600060,海信电器,2009-12-31,7,6334.0390,10.96,-99.7920,13.03,8
600062,华润双鹤,2009-12-31,7,4977.5060,8.71,27.1410,8.66,8
600063,皖维高新,2009-12-31,8,3720.3520,10.11,337.6100,9.19,7
600064,南京高科,2009-12-31,2,235.5098,0.68,-699.0912,2.72,4
600066,宇通客车,2009-12-31,5,6816.8310,13.11,-436.7660,13.95,5
600067,冠城大通,2009-12-31,8,8928.7390,14.57,1238.9550,12.55,6
600068,葛洲坝,2009-12-31,3,3548.5170,1.65,1305.1950,1.35,3
600069,银鸽投资,2009-12-31,3,1859.9210,3.38,1859.9210,0.00,0
600071,凤凰光学,2009-12-31,2,386.5760,1.63,386.5760,0.00,0
600072,中船股份,2009-12-31,2,129.6731,0.36,-365.3269,1.37,2
600073,上海梅林,2009-12-31,2,195.7380,0.55,195.7380,0.00,0
600074,*ST中达,2009-12-31,2,287.5802,0.43,287.5802,0.00,0
600075,新疆天业,2009-12-31,8,2420.1880,5.52,634.8530,4.07,5
600077,宋都股份,2009-12-31,1,119.7420,0.75,119.7420,0.00,0
600078,澄星股份,2009-12-31,3,2757.8340,4.23,2557.8340,0.31,1
600079,人福医药,2009-12-31,9,7872.0270,16.69,955.9540,14.67,8
600081,东风科技,2009-12-31,3,393.7504,1.26,393.7504,0.00,0
600085,同仁堂,2009-12-31,8,2971.3390,5.71,949.5060,3.88,6
600086,东方金钰,2009-12-31,1,73.4240,0.21,73.4240,0.00,0
600087,*ST长油,2009-12-31,8,11815.5530,7.34,-1052.4630,7.99,8
600088,中视传媒,2009-12-31,1,159.9950,0.68,-699.9279,3.63,3
600089,特变电工,2009-12-31,6,14021.1600,7.80,-2074.3900,8.96,6
600090,啤酒花,2009-12-31,5,3257.3570,8.85,2021.7570,3.36,1
600096,云天化,2009-12-31,7,4300.6120,7.29,294.4020,6.79,7
600097,开创国际,2009-12-31,2,775.1390,3.83,128.5630,3.19,2
600098,广州发展,2009-12-31,4,2654.1400,1.29,-4392.0580,3.42,7
600100,同方股份,2009-12-31,7,5138.3500,5.26,4166.6670,0.99,3
600103,青山纸业,2009-12-31,2,461.1510,0.43,461.1510,0.00,0
600104,上汽集团,2009-12-31,6,20208.5400,3.08,-306.9300,3.13,6
600106,重庆路桥,2009-12-31,4,502.2130,1.22,452.2210,0.12,1
600107,美尔雅,2009-12-31,2,165.9990,0.46,165.9990,0.00,0
600108,亚盛集团,2009-12-31,3,1879.7210,1.08,-52.1650,1.34,4
600109,国金证券,2009-12-31,3,628.1900,0.63,339.4686,0.29,2
600110,中科英华,2009-12-31,2,358.6970,0.35,-308.4630,0.66,2
600111,包钢稀土,2009-12-31,7,1483.4980,1.84,-644.7490,2.64,7
600112,长征电气,2009-12-31,4,2436.5050,7.55,2286.3400,0.47,1
600113,浙江东日,2009-12-31,1,349.9950,2.37,349.9950,0.00,0
600115,东方航空,2009-12-31,2,520.8230,0.05,-1634.2560,0.28,4
600117,西宁特钢,2009-12-31,6,5628.5530,7.59,-580.7650,8.38,7
600118,中国卫星,2009-12-31,6,2344.8030,6.65,726.6640,4.59,5
600119,长江投资,2009-12-31,1,329.9960,1.07,329.9960,0.00,0
600120,浙江东方,2009-12-31,1,102.8120,0.20,102.8120,0.00,0
600121,郑州煤电,2009-12-31,2,625.8250,0.99,-854.1491,2.35,3
600122,宏图高科,2009-12-31,4,1989.0610,4.48,555.8370,3.23,2
600123,兰花科创,2009-12-31,9,9395.9340,16.45,-316.5440,17.00,9
600125,铁龙物流,2009-12-31,7,7036.8830,7.01,3575.0810,3.45,6
600126,杭钢股份,2009-12-31,7,4410.9730,5.26,1616.0330,3.33,8
600127,金健米业,2009-12-31,2,684.9640,1.26,166.0120,0.95,1
600128,弘业股份,2009-12-31,2,93.6317,0.38,93.6317,0.00,0
600129,太极集团,2009-12-31,3,1056.7380,3.22,-407.4788,4.46,3
600131,岷江水电,2009-12-31,1,529.9910,1.05,219.9910,0.61,1
600132,重庆啤酒,2009-12-31,7,4838.8350,10.00,1498.3610,6.90,6
600133,东湖高新,2009-12-31,3,1975.1410,7.17,1975.1410,0.00,0
600135,乐凯胶片,2009-12-31,7,4660.3930,13.63,2829.5220,5.35,2
600138,中青旅,2009-12-31,6,3774.9820,9.09,3143.7720,1.52,2
600141,兴发集团,2009-12-31,5,3364.4870,11.13,-168.9000,11.68,6
600150,中国船舶,2009-12-31,6,417.4753,0.63,-359.0175,1.17,7
600151,航天机电,2009-12-31,6,779.9568,1.04,-156.5522,1.25,4
600153,建发股份,2009-12-31,9,24009.7500,19.31,510.4100,18.90,9
600157,永泰能源,2009-12-31,7,2201.8290,8.61,2201.8290,0.00,0
600158,中体产业,2009-12-31,4,1012.0500,1.26,239.2410,0.96,3
600159,大龙地产,2009-12-31,6,6678.6560,16.09,408.8670,15.11,7
600160,巨化股份,2009-12-31,2,465.1900,0.84,-484.8650,1.71,4
600161,天坛生物,2009-12-31,4,610.2920,1.25,-780.2650,2.85,5
600162,香江控股,2009-12-31,9,7547.0270,9.83,3379.0080,5.43,5
600163,福建南纸,2009-12-31,2,533.8630,0.74,-1974.1460,3.48,4
600165,新日恒力,2009-12-31,1,139.8050,0.72,139.8050,0.00,0
600166,福田汽车,2009-12-31,5,9252.9200,10.10,-652.9850,10.81,5
600168,武汉控股,2009-12-31,5,1161.5060,2.63,1161.5060,0.00,0
600169,太原重工,2009-12-31,5,8595.2000,12.02,405.6360,11.46,7
600170,上海建工,2009-12-31,5,611.8420,0.85,-1886.3792,3.47,6
600171,上海贝岭,2009-12-31,1,192.4310,0.29,192.4310,0.00,0
600173,卧龙地产,2009-12-31,8,4753.8700,11.80,4753.8700,0.00,0
600175,美都控股,2009-12-31,1,108.0000,0.21,-217.4560,0.63,1
600176,中国玻纤,2009-12-31,7,3410.9810,7.98,416.8240,7.01,4
600177,雅戈尔,2009-12-31,2,2072.7700,0.93,-1819.7500,1.75,3
600178,东安动力,2009-12-31,8,6644.3510,14.38,5382.9270,2.73,3
600183,生益科技,2009-12-31,6,7158.2270,7.48,2185.0320,5.20,6
600185,格力地产,2009-12-31,3,1724.3540,2.99,689.3180,1.79,2
600186,莲花味精,2009-12-31,4,4825.4720,4.54,4825.4720,0.00,0
600188,兖州煤业,2009-12-31,8,4253.0450,0.86,591.0350,0.74,7
600189,吉林森工,2009-12-31,5,692.8498,2.23,-553.1939,4.01,6
600190,锦州港,2009-12-31,1,610.7320,0.39,-1000.0000,1.03,2
600193,创兴资源,2009-12-31,3,1481.9300,6.79,1091.9300,1.79,1
600195,中牧股份,2009-12-31,8,2679.0530,6.87,-1711.4170,11.26,9
600196,复星医药,2009-12-31,4,7870.1700,6.36,54.7700,6.31,4
600197,伊力特,2009-12-31,4,2326.3530,5.28,856.8480,3.33,2
600198,大唐电信,2009-12-31,1,259.8910,0.59,259.8910,0.00,0
600199,金种子酒,2009-12-31,2,884.9700,3.39,129.7700,2.90,2
600201,金宇集团,2009-12-31,4,1887.3530,6.72,316.8790,5.59,3
600202,哈空调,2009-12-31,7,5829.1730,15.21,-495.7810,16.50,6
600206,有研硅股,2009-12-31,1,62.4739,0.29,62.4739,0.00,0
600208,新湖中宝,2009-12-31,6,11850.2700,3.50,-5584.9200,5.15,6
600210,紫江企业,2009-12-31,5,2697.3110,1.88,-272.3720,2.07,4
600216,浙江医药,2009-12-31,5,3913.9790,8.70,-860.0500,10.61,5
600219,南山铝业,2009-12-31,5,3063.7480,1.86,186.3160,1.74,4
600220,江苏阳光,2009-12-31,5,1903.0260,1.07,479.3640,0.80,3
600221,海南航空,2009-12-31,5,14240.0400,4.03,9060.0800,1.47,4
600222,太龙药业,2009-12-31,1,76.8050,0.24,76.8050,0.00,0
600223,鲁商置业,2009-12-31,8,9610.4280,9.60,1242.3300,8.36,8
600225,天津松江,2009-12-31,1,1034.0200,1.74,1034.0200,0.00,0
600226,升华拜克,2009-12-31,2,531.0756,1.96,531.0756,0.00,0
600227,赤天化,2009-12-31,2,368.5170,1.00,-158.2770,1.43,3
600228,昌九生化,2009-12-31,2,800.8940,3.32,-0.9920,3.32,2
600229,青岛碱业,2009-12-31,1,200.0000,0.51,-99.9920,0.76,1
600230,沧州大化,2009-12-31,7,2050.5790,7.91,-1022.4870,11.85,9
600231,凌钢股份,2009-12-31,8,7651.4760,9.52,-730.3110,10.43,8
600236,桂冠电力,2009-12-31,5,1891.8240,1.28,-350.9580,1.52,4
600238,海南椰岛,2009-12-31,1,439.4840,2.65,-565.0850,6.05,3
600239,云南城投,2009-12-31,4,2606.8960,4.12,177.1370,3.84,5
600240,华业地产,2009-12-31,4,2562.8610,3.97,-19.4810,4.00,4
600246,万通地产,2009-12-31,5,1665.9990,1.64,-1006.2820,2.64,4
600252,中恒集团,2009-12-31,7,4367.1590,16.74,-1095.9900,20.94,9
600255,鑫科材料,2009-12-31,1,139.1300,0.31,139.1300,0.00,0
600256,广汇能源,2009-12-31,7,5947.6010,6.24,706.0400,5.50,7
600257,大湖股份,2009-12-31,1,220.0000,0.52,220.0000,0.00,0
600258,首旅酒店,2009-12-31,7,3278.9150,14.17,2849.7090,1.85,3
600260,凯乐科技,2009-12-31,1,184.3870,0.35,184.3870,0.00,0
600261,阳光照明,2009-12-31,7,3336.0880,13.36,1879.0220,5.83,7
600262,北方股份,2009-12-31,1,20.1131,0.12,0.0000,0.12,1
600266,北京城建,2009-12-31,8,8740.9260,11.80,64.4250,11.71,8
600267,海正药业,2009-12-31,8,5767.8360,11.92,967.7100,10.68,8
600268,国电南自,2009-12-31,2,219.9950,1.16,63.5737,0.83,2
600269,赣粤高速,2009-12-31,8,9817.2440,4.20,2660.9620,3.06,8
600270,外运发展,2009-12-31,5,2893.7330,3.20,1327.1660,1.73,3
600276,恒瑞医药,2009-12-31,5,5006.2940,8.07,198.4060,7.75,5
600277,亿利能源,2009-12-31,2,540.5685,0.90,540.5685,0.00,0
600278,东方创业,2009-12-31,1,53.8471,0.17,53.8471,0.00,0
600279,重庆港九,2009-12-31,1,54.2648,0.24,-75.7292,0.57,1
600280,中央商场,2009-12-31,6,2083.6890,14.52,-4.8760,14.55,6
600281,太化股份,2009-12-31,1,200.0000,0.39,-136.0570,0.65,1
600282,南钢股份,2009-12-31,7,10417.2740,6.18,-8220.5940,11.06,8
600285,羚锐制药,2009-12-31,1,359.2630,1.79,359.2630,0.00,0
600287,江苏舜天,2009-12-31,2,472.8210,1.08,-700.5280,2.69,3
600288,大恒科技,2009-12-31,1,89.2682,0.20,-760.7098,1.95,2
600289,亿阳信通,2009-12-31,4,1491.9530,4.24,253.5990,3.52,3
600290,华仪电气,2009-12-31,1,44.6920,0.16,44.6920,0.00,0
600291,西水股份,2009-12-31,2,768.8610,2.40,768.8610,0.00,0
600298,安琪酵母,2009-12-31,7,2858.3400,10.53,1098.4700,6.48,4
600299,蓝星新材,2009-12-31,3,1646.9100,3.15,-945.5620,4.96,5
600300,维维股份,2009-12-31,3,1238.6550,0.74,431.1040,0.48,2
600303,曙光股份,2009-12-31,3,477.3252,2.15,477.3252,0.00,0
600305,恒顺醋业,2009-12-31,2,420.8680,3.31,360.8749,0.47,1
600306,商业城,2009-12-31,2,365.0890,2.05,-190.7630,3.12,2
600307,酒钢宏兴,2009-12-31,9,5261.3210,2.57,416.4020,5.55,8
600308,华泰股份,2009-12-31,6,3630.6490,5.60,-2466.4280,11.11,6
600309,万华化学,2009-12-31,9,20122.2500,12.10,5538.5600,8.77,8
600310,桂东电力,2009-12-31,3,744.9060,4.75,-133.5680,5.60,3
600312,平高电气,2009-12-31,3,3619.5130,5.30,-1860.4330,8.93,5
600315,上海家化,2009-12-31,8,6394.0150,19.64,249.1650,18.88,7
600316,洪都航空,2009-12-31,4,1411.9830,4.00,60.9700,3.83,5
600317,营口港,2009-12-31,3,709.5440,0.65,709.5440,0.00,0
600322,天房发展,2009-12-31,3,4070.1400,3.68,-615.2040,4.24,3
600323,南海发展,2009-12-31,5,1286.6352,4.75,586.5352,2.58,2
600326,西藏天路,2009-12-31,2,272.7870,0.60,172.7870,0.22,1
600327,大东方,2009-12-31,8,6233.3910,19.12,1994.2340,13.00,7
600328,兰太实业,2009-12-31,3,1266.5303,3.53,1266.5303,0.00,0
600329,中新药业,2009-12-31,5,2299.5960,6.22,152.6840,5.81,5
600331,宏达股份,2009-12-31,7,9823.8990,9.52,-2354.9570,11.80,8
600332,白云山,2009-12-31,1,73.3100,0.09,73.3100,0.00,0
600333,长春燃气,2009-12-31,1,93.3130,0.20,-302.5940,0.86,1
600335,国机汽车,2009-12-31,1,129.9900,0.47,129.9900,0.00,0
600336,澳柯玛,2009-12-31,1,80.2916,0.24,80.2916,0.00,0
600337,美克股份,2009-12-31,6,5145.6550,10.08,-1655.7870,13.32,7
600339,天利高新,2009-12-31,4,1882.9470,3.58,-1245.8490,5.95,5
600346,大橡塑,2009-12-31,2,225.5604,1.07,225.5604,0.00,0
600350,山东高速,2009-12-31,5,2590.0030,0.77,-1214.3040,1.13,5
600351,亚宝药业,2009-12-31,3,2000.0110,6.32,-74.5360,6.56,3
600359,新农开发,2009-12-31,1,120.5440,0.38,-1378.9964,4.67,5
600360,华微电子,2009-12-31,6,4052.0610,7.77,1964.2820,4.00,4
600361,华联综超,2009-12-31,5,5840.1850,12.05,3868.1750,4.07,3
600362,江西铜业,2009-12-31,6,2314.4840,0.77,-451.9480,0.92,7
600363,联创光电,2009-12-31,2,371.4900,1.00,371.4900,0.00,0
600366,宁波韵升,2009-12-31,2,522.9390,1.32,422.9390,0.25,1
600367,红星发展,2009-12-31,2,1126.5029,3.87,58.5829,3.67,1
600368,五洲交通,2009-12-31,3,1181.6040,2.13,559.9980,1.12,1
600369,西南证券,2009-12-31,2,322.2069,0.17,225.9763,0.05,1
600372,中航电子,2009-12-31,2,901.1510,1.86,0.0000,1.86,2
600373,中文传媒,2009-12-31,3,1173.3350,6.26,578.0070,3.18,2
600376,首开股份,2009-12-31,7,2817.6840,2.45,167.9940,2.30,7
600377,宁沪高速,2009-12-31,2,2678.4000,0.53,596.3050,0.41,3
600380,健康元,2009-12-31,6,5273.4880,4.80,1161.3050,3.75,6
600382,广东明珠,2009-12-31,3,1102.5140,3.23,421.4980,1.99,1
600383,金地集团,2009-12-31,5,13040.4700,5.25,-7198.9300,8.15,6
600386,北巴传媒,2009-12-31,7,4151.3000,10.30,-2003.3820,15.26,7
600388,龙净环保,2009-12-31,3,527.5313,2.54,-531.2377,5.09,5
600389,江山股份,2009-12-31,5,1441.2752,7.28,820.2067,3.14,3
600390,金瑞科技,2009-12-31,2,76.1940,0.48,76.1940,0.00,0
600391,成发科技,2009-12-31,7,1499.0600,11.42,88.5650,10.74,6
600393,东华实业,2009-12-31,5,2691.6170,8.97,2558.6300,0.44,1
600395,盘江股份,2009-12-31,7,5218.4570,4.73,-1821.9940,6.38,9
600396,金山股份,2009-12-31,3,505.5263,1.48,145.5343,1.06,1
600398,凯诺科技,2009-12-31,1,213.8530,0.33,213.8530,0.00,0
600399,抚顺特钢,2009-12-31,1,1000.0000,1.92,1000.0000,0.00,0
600400,红豆股份,2009-12-31,1,108.2100,0.25,108.2100,0.00,0
600415,小商品城,2009-12-31,7,5940.3440,8.73,-393.3940,9.31,7
600416,湘电股份,2009-12-31,5,1469.8220,6.25,-584.5370,8.74,7
600418,江淮汽车,2009-12-31,6,11609.2850,9.01,2019.2590,7.44,7
600422,昆明制药,2009-12-31,6,2553.3660,8.13,1152.8490,4.46,3
600426,华鲁恒升,2009-12-31,8,6707.8280,13.53,913.5900,11.69,7
600428,中远航运,2009-12-31,6,6691.2100,5.11,-419.0690,5.43,6
600456,宝钛股份,2009-12-31,4,2269.9090,5.28,-828.6250,7.20,7
600458,时代新材,2009-12-31,2,1052.8350,5.15,1052.8350,0.00,0
600466,迪康药业,2009-12-31,2,693.2640,3.95,-174.7710,4.94,3
600468,百利电气,2009-12-31,4,946.4790,2.99,-651.5173,5.04,6
600486,扬农化工,2009-12-31,8,1873.9520,14.15,36.1590,13.88,7
600488,天药股份,2009-12-31,3,2015.0730,3.71,70.9510,3.58,2
600496,精工钢构,2009-12-31,7,3049.5910,7.88,-418.2950,10.05,7
600498,烽火通信,2009-12-31,7,3173.9320,7.18,190.7490,7.28,7
600499,科达机电,2009-12-31,2,901.4850,1.99,10.5560,1.96,2
600500,中化国际,2009-12-31,4,1853.2300,1.29,-1268.1220,2.17,4
600501,航天晨光,2009-12-31,2,736.9972,2.27,113.0522,1.92,1
600503,华丽家族,2009-12-31,3,847.9130,1.61,-160.0010,1.91,3
600505,西昌电力,2009-12-31,1,203.0670,0.56,-111.4020,0.86,1
600508,上海能源,2009-12-31,7,2781.1040,3.85,-1257.8430,5.59,8
600509,天富热电,2009-12-31,3,498.4180,0.76,-205.0340,1.07,2
600510,黑牡丹,2009-12-31,2,1018.1390,1.28,-5.1170,1.29,2
600511,国药股份,2009-12-31,8,5840.4080,12.20,502.0900,11.15,8
600516,方大炭素,2009-12-31,6,3817.4880,2.98,738.2710,2.41,5
600518,康美药业,2009-12-31,4,20948.9000,12.36,-1493.7200,13.25,4
600519,贵州茅台,2009-12-31,7,4767.6700,5.05,-956.7760,6.07,8
600522,中天科技,2009-12-31,8,2042.6850,6.37,-844.7940,9.00,8
600523,贵航股份,2009-12-31,3,582.4000,2.02,-133.2390,2.48,4
600525,长园集团,2009-12-31,6,2006.2770,9.29,611.2930,6.46,6
600528,中铁二局,2009-12-31,6,6938.0140,4.75,-1664.0890,5.90,6
600529,山东药玻,2009-12-31,8,4990.6250,19.39,-710.9080,22.15,7
600531,豫光金铅,2009-12-31,2,84.6595,0.37,84.6595,0.00,0
600533,栖霞建设,2009-12-31,6,9023.7650,8.59,-2893.0530,11.35,7
600535,天士力,2009-12-31,8,5884.0600,12.06,566.6700,10.90,7
600548,深高速,2009-12-31,1,513.3700,0.24,0.0000,0.24,1
600549,厦门钨业,2009-12-31,3,1739.9840,2.55,47.9380,2.48,3
600550,天威保变,2009-12-31,7,4168.6640,3.57,43.8970,3.53,5
600551,时代出版,2009-12-31,6,1331.6060,3.41,-449.6490,4.56,6
600557,康缘药业,2009-12-31,7,5010.1670,15.67,971.4660,12.63,6
600558,大西洋,2009-12-31,5,661.8726,5.52,481.2502,1.51,2
600559,老白干酒,2009-12-31,7,2239.4210,16.00,-472.8260,19.37,7
600563,法拉电子,2009-12-31,7,2497.8400,11.10,-101.1660,11.55,7
600565,迪马股份,2009-12-31,2,312.9520,0.43,312.9520,0.00,0
600567,山鹰纸业,2009-12-31,4,1847.5550,3.82,1847.5550,0.00,0
600568,中珠控股,2009-12-31,1,588.7810,3.54,588.7810,0.00,0
600569,安阳钢铁,2009-12-31,9,11268.9540,4.71,-6477.5800,7.41,8
600571,信雅达,2009-12-31,5,1936.3350,9.95,1816.3350,0.62,1
600577,精达股份,2009-12-31,1,279.9920,0.95,279.9920,0.00,0
600578,京能电力,2009-12-31,2,872.0700,1.52,-177.9200,1.83,2
600580,卧龙电气,2009-12-31,4,1844.9880,6.47,-1020.0560,10.11,5
600581,八一钢铁,2009-12-31,9,8258.2330,10.77,-565.1350,11.51,8
600582,天地科技,2009-12-31,6,4834.2940,7.17,-1482.3180,9.37,7
600583,海油工程,2009-12-31,7,16777.3300,5.18,-1788.4300,5.73,8
600585,海螺水泥,2009-12-31,5,4802.9370,2.72,-223.2220,2.85,5
600586,金晶科技,2009-12-31,7,6261.1260,10.61,-3938.0890,17.28,9
600587,新华医疗,2009-12-31,2,202.0363,1.50,-121.5507,2.41,2
600588,用友软件,2009-12-31,5,6397.2000,10.19,1025.3780,8.85,5
600589,广东榕泰,2009-12-31,2,714.5580,1.19,9.2460,1.17,2
600590,泰豪科技,2009-12-31,7,4250.5540,11.20,113.1910,10.90,8
600592,龙溪股份,2009-12-31,7,2213.5500,7.38,2113.5500,0.33,1
600593,大连圣亚,2009-12-31,1,99.9953,1.09,99.9953,0.00,0
600595,中孚实业,2009-12-31,7,3962.9040,6.03,1796.1810,3.30,4
600596,新安股份,2009-12-31,8,5599.9270,18.14,32.1540,18.04,8
600597,光明乳业,2009-12-31,5,2753.3510,2.64,129.9680,2.52,5
600598,北大荒,2009-12-31,8,6794.3720,3.96,1546.2330,3.06,7
600600,青岛啤酒,2009-12-31,4,4086.0490,3.02,1293.9990,2.13,3
600601,方正科技,2009-12-31,6,3413.3840,1.98,712.6070,1.56,6
600602,仪电电子,2009-12-31,1,700.0000,0.60,200.0000,0.43,1
600606,金丰投资,2009-12-31,3,673.8120,1.73,26.6090,1.66,3
600611,大众交通,2009-12-31,2,674.2090,0.43,242.8990,0.27,1
600612,老凤祥,2009-12-31,1,195.2630,0.71,0.0000,0.71,1
600616,金枫酒业,2009-12-31,4,4117.0120,11.26,263.5230,10.54,3
600619,海立股份,2009-12-31,2,411.0310,0.75,411.0310,0.00,0
600621,华鑫股份,2009-12-31,1,327.3240,0.62,2.2000,0.62,1
600622,嘉宝集团,2009-12-31,6,4989.0480,9.70,-339.5660,10.36,5
600624,复旦复华,2009-12-31,2,166.3450,0.48,166.3450,0.00,0
600626,申达股份,2009-12-31,3,643.7360,1.36,-1014.9730,3.50,3
600628,新世界,2009-12-31,5,6490.3910,12.20,1494.5470,9.39,5
600629,棱光实业,2009-12-31,2,786.0880,2.92,11.2560,2.88,2
600630,龙头股份,2009-12-31,1,117.7220,0.28,117.7220,0.00,0
600635,大众公用,2009-12-31,4,1887.2830,1.26,386.2810,1.00,4
600636,三爱富,2009-12-31,2,330.0420,0.95,-722.1620,3.03,4
600637,百视通,2009-12-31,1,170.7950,0.24,170.7950,0.00,0
600638,新黄浦,2009-12-31,1,292.1460,0.52,-1802.1230,3.73,4
600639,浦东金桥,2009-12-31,3,2112.5010,2.50,1875.7770,0.28,1
600640,号百控股,2009-12-31,3,315.0357,0.78,142.2277,0.43,1
600641,万业企业,2009-12-31,5,1431.7290,1.78,-824.7944,2.80,5
600642,申能股份,2009-12-31,2,1782.0240,0.62,-8880.3260,3.69,5
600643,爱建股份,2009-12-31,2,981.9020,1.20,-128.9660,1.35,2
600648,外高桥,2009-12-31,1,300.0000,0.30,-534.3510,0.83,5
600649,城投控股,2009-12-31,4,10241.5100,4.46,-1450.9360,5.09,6
600651,飞乐音响,2009-12-31,3,1931.2250,3.14,1681.2250,0.41,1
600652,爱使股份,2009-12-31,2,365.9260,0.66,-75.1160,0.79,1
600653,申华控股,2009-12-31,3,1258.5010,0.72,-653.1880,1.09,3
600654,飞乐股份,2009-12-31,1,302.6210,0.40,302.6210,0.00,0
600655,豫园商城,2009-12-31,3,7351.2000,9.21,901.9000,8.08,2
600657,信达地产,2009-12-31,8,9846.8010,6.46,-1.4790,6.46,8
600658,电子城,2009-12-31,3,971.4700,1.67,-183.1880,6.91,4
600660,福耀玻璃,2009-12-31,7,21259.6300,10.61,5329.9500,7.95,7
600664,哈药股份,2009-12-31,4,13839.4600,11.14,-1743.7300,12.55,4
600665,天地源,2009-12-31,5,1335.2270,1.85,58.2270,1.77,3
600667,太极实业,2009-12-31,1,136.8010,0.29,136.8010,0.00,0
600668,尖峰集团,2009-12-31,1,144.0490,0.42,144.0490,0.00,0
600673,东阳光铝,2009-12-31,3,297.8929,0.36,-792.0981,1.32,2
600674,川投能源,2009-12-31,4,2459.2300,2.64,681.0840,2.78,6
600675,中华企业,2009-12-31,7,5509.3730,5.06,-1896.6750,6.81,7
600676,交运股份,2009-12-31,1,152.5050,0.21,-1027.8330,1.61,2
600677,航天通信,2009-12-31,2,837.3830,2.57,837.3830,0.00,0
600682,南京新百,2009-12-31,3,929.5820,2.59,729.5830,0.56,1
600683,京投银泰,2009-12-31,7,3389.6920,6.86,1857.8450,3.10,4
600684,珠江实业,2009-12-31,5,1086.6480,5.81,-32.8900,5.99,4
600685,广船国际,2009-12-31,6,1387.3276,2.80,-275.8284,3.36,6
600686,金龙汽车,2009-12-31,4,4839.9220,10.94,1474.2710,7.60,4
600688,上海石化,2009-12-31,6,13504.0040,1.88,679.6260,1.78,7
600690,青岛海尔,2009-12-31,7,12066.0100,9.01,1953.7100,7.55,6
600692,亚通股份,2009-12-31,1,254.3490,0.72,-600.6510,2.43,1
600693,东百集团,2009-12-31,7,5124.3090,14.93,-839.6760,17.38,8
600694,大商股份,2009-12-31,4,2025.0750,6.89,-1337.6170,11.45,6
600697,欧亚集团,2009-12-31,9,4104.1240,25.80,-446.3070,28.60,10
600702,沱牌舍得,2009-12-31,2,309.4600,0.92,-467.4960,2.30,3
600703,三安光电,2009-12-31,7,3126.9010,11.26,35.0330,11.13,7
600704,物产中大,2009-12-31,7,4618.2290,10.52,297.5510,9.84,5
600707,*ST彩虹,2009-12-31,6,3325.4000,7.90,2475.6760,2.02,3
600708,海博股份,2009-12-31,1,114.8560,0.25,-124.9880,0.52,1
600710,常林股份,2009-12-31,1,142.5020,0.29,-107.4930,0.51,1
600712,南宁百货,2009-12-31,1,600.0000,3.46,-199.9900,4.61,1
600713,南京医药,2009-12-31,8,5844.9310,19.42,1424.0680,14.69,8
600717,天津港,2009-12-31,3,8937.3570,5.34,-516.8730,5.65,3
600718,东软集团,2009-12-31,8,6989.6320,7.40,-471.7720,7.90,8
600720,祁连山,2009-12-31,9,5986.6260,12.61,2386.0100,7.58,7
600723,首商股份,2009-12-31,4,952.3040,2.32,865.3040,0.21,1
600724,宁波富达,2009-12-31,1,536.0050,0.37,-1458.7340,1.38,4
600725,云维股份,2009-12-31,6,2191.3700,6.40,488.3872,5.87,5
600726,华电能源,2009-12-31,1,295.1220,0.15,295.1220,0.00,0
600729,重庆百货,2009-12-31,7,3595.7920,17.63,323.1320,16.04,7
600732,上海新梅,2009-12-31,2,400.0070,1.61,271.0220,0.52,1
600734,实达集团,2009-12-31,1,100.0000,0.28,-249.9890,1.00,1
600735,新华锦,2009-12-31,1,527.3790,3.41,527.3790,0.00,0
600736,苏州高新,2009-12-31,8,10073.6430,11.43,2981.8300,8.04,6
600737,中粮屯河,2009-12-31,7,9195.2700,9.14,1668.1030,7.49,5
600738,兰州民百,2009-12-31,3,923.3880,3.51,-56.5750,3.73,4
600739,辽宁成大,2009-12-31,6,11070.1800,12.28,-528.4900,12.86,6
600740,山西焦化,2009-12-31,2,638.1613,1.13,-111.8227,1.33,2
600741,华域汽车,2009-12-31,7,15182.3200,5.88,947.7700,5.51,7
600742,一汽富维,2009-12-31,5,2665.1700,12.60,42.6200,12.40,5
600743,华远地产,2009-12-31,1,84.6754,0.11,84.6754,0.00,0
600744,华银电力,2009-12-31,2,373.0000,0.52,373.0000,0.00,0
600747,大连控股,2009-12-31,1,142.0000,0.13,142.0000,0.00,0
600748,上实发展,2009-12-31,8,6527.9310,6.03,-6187.5280,11.74,10
600749,西藏旅游,2009-12-31,1,302.5920,1.83,302.5920,0.00,0
600750,江中药业,2009-12-31,8,5379.5460,18.18,452.3690,16.65,8
600893,航空动力,2009-12-31,7,2544.2950,5.75,56.0460,5.63,8
600894,广日股份,2009-12-31,4,2454.1700,3.22,-427.4510,3.78,4
600895,张江高科,2009-12-31,9,8017.8390,5.18,-4866.1010,8.32,8
600896,中海海盛,2009-12-31,1,181.0190,0.31,61.0190,0.21,1
600897,厦门空港,2009-12-31,5,1785.4390,6.00,-583.9840,7.96,6
600295,鄂尔多斯,2009-12-31,2,566.9050,0.55,166.9110,0.39,1
600320,振华重工,2009-12-31,2,2809.3200,0.64,-2475.6500,1.20,3
600555,*ST九龙,2009-12-31,1,754.0120,0.87,-46.9480,0.92,1
000001,平安银行,2009-12-31,3,12225.3200,3.94,-3572.5200,5.09,4
000002,万科A,2009-12-31,5,41065.5000,3.73,8143.1800,2.99,4
000005,世纪星源,2009-12-31,2,436.8820,0.48,436.8820,0.00,0
000006,深振业A,2009-12-31,6,5253.9620,10.36,-2098.7840,14.50,7
000009,中国宝安,2009-12-31,8,12526.0000,11.48,-3484.0700,14.68,8
000012,南玻A,2009-12-31,4,7432.9700,6.07,4308.1190,2.55,2
000014,沙河股份,2009-12-31,6,2130.9500,10.56,-919.4270,15.12,7
000016,深康佳A,2009-12-31,4,8263.2400,6.86,5921.1520,1.95,2
000021,长城开发,2009-12-31,6,4475.4420,5.09,-1938.5250,7.29,6
000024,招商地产,2009-12-31,7,7880.8770,56.80,-2503.5190,6.05,9
000026,飞亚达A,2009-12-31,5,1395.0998,5.60,809.9118,2.35,1
000027,深圳能源,2009-12-31,6,3637.0360,1.65,-2024.2090,2.57,8
000028,国药一致,2009-12-31,8,4341.4900,15.07,-448.8430,16.62,8
000029,深深房A,2009-12-31,1,133.1180,0.13,133.1180,0.00,0
000031,中粮地产,2009-12-31,6,4953.8000,2.73,-4347.6720,5.13,8
000032,深桑达A,2009-12-31,1,488.4030,2.10,357.0840,0.56,1
000036,华联控股,2009-12-31,1,349.9970,0.31,349.9970,0.00,0
000039,中集集团,2009-12-31,2,3349.8300,1.26,1799.8300,0.58,1
000040,宝安地产,2009-12-31,1,145.8310,0.31,145.8310,0.00,0
000042,深长城,2009-12-31,5,757.1923,3.16,284.2053,1.98,2
000043,中航地产,2009-12-31,5,1455.5340,6.55,-453.3060,8.59,6
000045,深纺织A,2009-12-31,3,312.3571,1.27,312.3571,0.00,0
000046,泛海建设,2009-12-31,7,7136.0880,3.15,1159.9900,2.64,7
000050,深天马A,2009-12-31,2,298.0810,0.52,298.0810,0.00,0
000059,辽通化工,2009-12-31,8,7164.4130,5.97,-319.3570,6.23,6
000060,中金岭南,2009-12-31,7,9142.9170,8.93,-161.8300,9.09,8
000061,农产品,2009-12-31,4,5352.3400,6.96,-4234.0700,12.47,6
000062,深圳华强,2009-12-31,1,410.0000,0.61,410.0000,0.00,0
000063,中兴通讯,2009-12-31,6,10198.0000,5.57,-838.0400,6.03,6
000066,长城电脑,2009-12-31,5,2692.6730,4.89,1069.3260,2.95,4
000069,华侨城A,2009-12-31,9,19692.3600,6.34,-2560.8800,8.49,9
000078,海王生物,2009-12-31,2,263.5420,0.40,263.5420,0.00,0
000088,盐田港,2009-12-31,3,2807.3000,2.25,-2454.9370,4.23,6
000089,深圳机场,2009-12-31,9,7801.4500,4.62,-2456.3080,6.07,8
000090,深天健,2009-12-31,4,3841.1350,8.41,2733.0570,2.43,2
000096,广聚能源,2009-12-31,2,260.0000,0.49,260.0000,0.00,0
000099,中信海直,2009-12-31,1,150.4400,0.29,-137.3520,0.56,1
000151,中成股份,2009-12-31,1,51.6867,0.17,51.6867,0.00,0
000153,丰原药业,2009-12-31,1,1053.7900,4.05,1053.7900,0.00,0
000155,川化股份,2009-12-31,2,268.5249,0.57,268.5249,0.00,0
000157,中联重科,2009-12-31,6,10627.8400,6.35,-3007.2900,8.15,6
000158,常山股份,2009-12-31,3,607.8070,0.85,394.6070,0.30,1
000301,东方市场,2009-12-31,6,5959.1600,4.89,3844.6120,1.74,3
000400,许继电气,2009-12-31,9,5308.2300,14.03,-668.5980,15.80,10
000401,冀东水泥,2009-12-31,5,7960.9200,6.56,-746.3900,7.18,5
000402,金融街,2009-12-31,8,26433.7800,10.65,1634.2000,9.99,8
000404,华意压缩,2009-12-31,4,1457.7270,4.49,1357.7270,0.31,1
000407,胜利股份,2009-12-31,5,4433.0190,8.88,2990.9620,2.89,3
000410,沈阳机床,2009-12-31,3,772.3620,1.42,-576.3280,2.47,2
000415,渤海租赁,2009-12-31,2,399.9883,1.33,399.9883,0.00,0
000416,民生投资,2009-12-31,1,175.2660,0.33,175.2660,0.00,0
000417,合肥百货,2009-12-31,8,7374.6350,15.37,24.9710,15.32,8
000418,小天鹅A,2009-12-31,3,3355.0310,6.13,-1764.5540,9.35,4
000420,吉林化纤,2009-12-31,2,151.6900,0.40,151.6900,0.00,0
000422,湖北宜化,2009-12-31,9,9638.2790,17.77,1222.7180,15.52,8
000423,东阿阿胶,2009-12-31,7,8610.1760,13.16,3063.9010,8.48,7
000425,徐工机械,2009-12-31,9,6761.2910,7.79,-797.9540,8.71,9
000426,兴业矿业,2009-12-31,2,480.4220,1.26,480.4220,0.00,0
600754,锦江股份,2009-12-31,1,195.0670,0.32,-308.5740,0.83,2
600755,厦门国贸,2009-12-31,4,1296.4190,2.03,241.7531,2.12,3
600760,*ST黑豹,2009-12-31,1,78.7469,0.29,20.4969,0.21,1
600761,安徽合力,2009-12-31,6,2909.4130,8.15,-522.8360,9.62,7
600765,中航重机,2009-12-31,6,1366.9460,2.64,958.4846,0.79,3
600770,综艺股份,2009-12-31,3,1291.9450,2.91,-1042.4530,5.76,6
600775,南京熊猫,2009-12-31,1,34.0800,0.05,34.0800,0.00,0
600776,东方通信,2009-12-31,1,159.2290,0.13,5.6000,0.12,1
600777,新潮实业,2009-12-31,5,1236.7310,1.98,536.7310,1.12,1
600778,友好集团,2009-12-31,2,721.5800,2.32,721.5800,0.00,0
600779,水井坊,2009-12-31,8,4964.1840,10.16,1236.1130,7.63,6
600780,通宝能源,2009-12-31,2,693.2030,0.79,0.0000,0.79,2
600782,新钢股份,2009-12-31,3,3835.9180,2.75,-2601.1710,4.62,4
600785,新华百货,2009-12-31,7,3481.6050,20.14,389.7320,17.89,7
600787,中储股份,2009-12-31,3,1724.9430,2.05,-2347.4290,5.53,8
600789,鲁抗医药,2009-12-31,1,152.7240,0.26,152.7240,0.00,0
600790,轻纺城,2009-12-31,2,606.7370,0.98,-122.3040,1.18,2
600792,云煤能源,2009-12-31,1,119.9990,0.95,119.9990,0.00,0
600794,保税科技,2009-12-31,1,58.7532,0.33,58.7532,0.00,0
600795,国电电力,2009-12-31,7,34829.6900,6.39,2598.7900,5.92,6
600797,浙大网新,2009-12-31,4,5281.6330,6.50,4081.6330,1.48,1
600798,宁波海运,2009-12-31,2,252.7586,0.29,252.7586,0.00,0
600801,华新水泥,2009-12-31,1,369.0970,0.91,-499.3510,2.15,2
600802,福建水泥,2009-12-31,2,915.2520,2.40,915.2520,0.00,0
600803,威远生化,2009-12-31,2,810.4680,3.43,-670.4330,6.26,4
600804,鹏博士,2009-12-31,6,4503.0930,3.90,-34.0420,3.93,5
600805,悦达投资,2009-12-31,7,5726.6320,10.50,5726.6320,0.00,0
600806,昆明机床,2009-12-31,5,3299.7240,7.77,170.4360,7.37,5
600808,马钢股份,2009-12-31,8,31325.6700,4.07,8046.6800,3.02,7
600809,山西汾酒,2009-12-31,7,2940.2610,6.79,-330.6430,7.56,8
600810,神马股份,2009-12-31,4,2119.5910,4.79,-175.2140,5.19,7
600811,东方集团,2009-12-31,3,1630.6810,0.98,347.6380,0.77,2
600812,华北制药,2009-12-31,7,8604.2640,8.37,3994.0630,4.48,7
600814,杭州解百,2009-12-31,2,1174.9580,3.79,-1107.3290,7.35,5
600815,厦工股份,2009-12-31,5,4911.7380,7.02,3073.3340,2.63,3
600816,安信信托,2009-12-31,4,1100.3890,2.42,301.9730,1.76,3
600820,隧道股份,2009-12-31,6,5124.0600,6.99,-1459.3090,8.98,6
600823,世茂股份,2009-12-31,1,690.7030,0.59,690.7030,0.00,0
600824,益民集团,2009-12-31,3,6553.0160,8.95,4566.7870,2.71,3
600825,新华传媒,2009-12-31,5,3364.2320,3.86,-455.3200,4.39,5
600826,兰生股份,2009-12-31,1,161.7850,0.58,-372.6800,1.91,2
600827,友谊股份,2009-12-31,2,3469.2400,7.35,1114.3720,4.99,2
600828,成商集团,2009-12-31,6,2586.4330,12.73,-977.1110,17.54,8
600829,三精制药,2009-12-31,6,1331.5565,3.44,-562.7835,4.90,7
600831,广电网络,2009-12-31,6,5197.2290,11.99,552.0830,10.72,6
600832,东方明珠,2009-12-31,2,1576.4460,0.49,-1016.9140,0.81,2
600834,申通地铁,2009-12-31,1,60.8719,0.13,-546.1281,1.27,1
600835,上海机电,2009-12-31,4,8044.7710,7.87,2011.0580,5.90,4
600836,界龙实业,2009-12-31,2,150.9880,0.48,150.9880,0.00,0
600837,海通证券,2009-12-31,3,19418.2700,2.36,12686.2000,0.82,1
600838,上海九百,2009-12-31,1,167.5110,0.42,167.5110,0.00,0
600839,四川长虹,2009-12-31,5,6527.7660,3.44,3490.9020,1.60,5
600844,丹化科技,2009-12-31,2,368.7270,0.95,72.3060,0.76,2
600845,宝信软件,2009-12-31,2,188.0803,0.72,-15.7801,0.78,2
600846,同济科技,2009-12-31,1,100.4540,0.29,100.4540,0.00,0
601607,上海医药,2009-12-31,8,10436.7290,18.34,7113.1100,5.84,6
600851,海欣股份,2009-12-31,1,242.4790,0.20,242.4790,0.00,0
600854,春兰股份,2009-12-31,1,217.9710,0.42,217.9710,0.00,0
600855,航天长峰,2009-12-31,1,95.9661,0.33,95.9661,0.00,0
600856,长百集团,2009-12-31,1,423.1390,1.80,-151.7600,2.45,2
600858,银座股份,2009-12-31,9,4819.3690,20.50,304.9830,19.20,9
600859,王府井,2009-12-31,6,4657.4310,11.85,-951.8050,14.27,9
600861,北京城乡,2009-12-31,4,2193.3100,6.92,-446.6100,8.33,3
600862,南通科技,2009-12-31,5,1606.4830,6.74,616.2740,4.15,4
600863,内蒙华电,2009-12-31,5,3658.0990,1.85,-1375.8590,2.54,6
600864,哈投股份,2009-12-31,3,2371.6980,4.34,298.5780,3.79,1
600865,百大集团,2009-12-31,1,656.9880,1.75,656.9880,0.00,0
600866,星湖科技,2009-12-31,7,7125.4800,13.67,-636.8410,14.90,8
600867,通化东宝,2009-12-31,3,784.3360,1.64,-614.0220,2.92,3
600869,远东电缆,2009-12-31,3,835.6090,6.96,-97.8910,7.78,3
600871,仪征化纤,2009-12-31,1,96.8134,0.02,-750.0116,0.21,3
600872,中炬高新,2009-12-31,3,3140.4360,4.34,1218.2390,2.65,3
600874,创业环保,2009-12-31,2,362.2570,0.25,-212.7100,0.40,2
600875,东方电气,2009-12-31,7,3280.8900,3.27,-667.0130,4.48,7
600877,中国嘉陵,2009-12-31,2,631.4280,0.92,631.4280,0.00,0
600879,航天电子,2009-12-31,4,2096.4450,2.58,631.9260,1.81,3
600880,博瑞传播,2009-12-31,8,5573.8750,14.85,-698.3970,16.71,8
600881,亚泰集团,2009-12-31,3,5263.5600,2.78,1584.9200,1.94,3
600883,博闻科技,2009-12-31,1,387.4940,1.64,387.4940,0.00,0
600884,杉杉股份,2009-12-31,1,141.0750,0.34,-1344.9450,3.62,2
600886,国投电力,2009-12-31,3,5018.5030,2.52,-1732.2360,6.40,4
600887,伊利股份,2009-12-31,6,9008.3600,11.27,805.7900,10.26,5
600888,新疆众和,2009-12-31,3,2079.4610,5.91,-1448.9600,10.02,4
600889,南京化纤,2009-12-31,1,90.1700,0.35,-23.4180,0.44,1
000488,晨鸣纸业,2009-12-31,4,9291.1400,4.51,-331.9500,4.67,4
000501,鄂武商A,2009-12-31,3,3620.6810,7.14,680.3580,5.80,3
000503,海虹控股,2009-12-31,3,1460.5940,1.95,672.2880,1.05,2
000506,中润资源,2009-12-31,5,1237.1280,1.60,1060.3140,0.23,1
000507,珠海港,2009-12-31,1,105.3140,0.31,105.3140,0.00,0
000510,金路集团,2009-12-31,1,271.1510,0.45,271.1510,0.00,0
000511,银基发展,2009-12-31,5,3467.7570,3.00,1637.5210,1.58,2
000513,丽珠集团,2009-12-31,4,2164.4660,7.32,206.8970,6.40,4
000514,渝开发,2009-12-31,7,3220.2630,5.08,-64.1450,5.18,5
000516,开元投资,2009-12-31,4,1938.3370,5.16,858.3370,3.64,1
000519,江南红箭,2009-12-31,1,200.6680,1.05,200.6680,0.00,0
000520,*ST凤凰,2009-12-31,1,218.3270,0.32,218.3270,0.00,0
000521,美菱电器,2009-12-31,4,2881.7340,6.97,2881.7340,0.00,0
000524,东方宾馆,2009-12-31,1,493.1720,1.83,493.1720,0.00,0
000525,红太阳,2009-12-31,3,1948.1220,6.95,76.8930,6.68,3
000526,银润投资,2009-12-31,2,377.0810,3.92,377.0810,0.00,0
000528,柳工,2009-12-31,7,7134.3620,10.97,686.1930,9.92,7
000530,大冷股份,2009-12-31,2,239.1080,0.68,-583.8860,2.35,2
000531,穗恒运A,2009-12-31,4,1130.2550,4.24,930.2550,0.75,1
000532,力合股份,2009-12-31,3,703.8920,2.04,164.3200,1.57,2
000533,万家乐,2009-12-31,3,1387.3260,2.41,1387.3260,0.00,0
000536,华映科技,2009-12-31,4,1064.8430,7.36,1064.8430,0.00,0
000537,广宇发展,2009-12-31,4,2787.0600,5.44,-398.3900,6.21,4
000538,云南白药,2009-12-31,6,4262.1550,7.98,-1044.4500,9.94,7
000539,粤电力A,2009-12-31,2,5543.7300,2.08,-4308.4800,3.70,4
000540,中天城投,2009-12-31,9,5173.0860,9.06,2180.4020,5.24,8
000541,佛山照明,2009-12-31,3,2605.4990,2.66,1574.0640,1.05,2
000543,皖能电力,2009-12-31,1,153.2100,0.20,-320.0400,0.61,2
000547,闽福发A,2009-12-31,2,1044.9390,4.27,1044.9390,0.00,0
000548,湖南投资,2009-12-31,1,146.0020,0.29,-717.0370,1.73,3
000550,江铃汽车,2009-12-31,4,3166.2200,3.67,-1480.4930,5.38,6
000553,沙隆达A,2009-12-31,1,461.9580,0.78,461.9580,0.00,0
000554,泰山石油,2009-12-31,1,178.0520,0.37,178.0520,0.00,0
000558,莱茵置业,2009-12-31,2,254.6990,0.69,-45.2920,0.81,1
000559,万向钱潮,2009-12-31,4,2538.0190,2.47,1805.0760,0.71,2
000560,昆百大A,2009-12-31,6,1853.1640,13.79,226.1100,12.11,6
000562,宏源证券,2009-12-31,4,1916.5030,1.31,-472.8730,1.64,4
000563,陕国投A,2009-12-31,3,536.7288,1.50,-560.2360,3.06,3
000564,西安民生,2009-12-31,2,918.2310,3.40,118.2370,2.96,1
000565,渝三峡A,2009-12-31,3,909.6610,5.24,829.6622,0.46,1
000566,海南海药,2009-12-31,7,3265.8280,15.45,-862.8090,19.53,7
000568,泸州老窖,2009-12-31,9,14502.1700,10.40,1839.9700,9.08,9
000571,新大洲A,2009-12-31,2,432.6480,0.59,202.6480,0.31,1
000572,海马汽车,2009-12-31,4,1931.0860,1.85,-1942.0040,3.70,3
000573,粤宏远A,2009-12-31,2,388.2750,0.62,388.2750,0.00,0
000581,威孚高科,2009-12-31,7,5715.1650,10.07,1650.4610,7.17,6
000582,北海港,2009-12-31,2,665.0330,4.68,665.0330,0.00,0
000584,友利控股,2009-12-31,5,3374.4580,8.25,1386.1280,4.86,3
000589,黔轮胎A,2009-12-31,3,725.1374,2.85,467.8547,1.01,2
000594,*ST国恒,2009-12-31,2,325.8620,0.26,325.8620,0.00,0
000596,古井贡酒,2009-12-31,2,599.2130,2.55,158.9750,1.87,2
000597,东北制药,2009-12-31,5,784.5560,2.35,58.4880,2.18,3
000598,兴蓉投资,2009-12-31,4,1000.2400,3.31,-363.4590,4.51,5
000599,青岛双星,2009-12-31,2,291.9230,0.56,291.9230,0.00,0
000600,建投能源,2009-12-31,4,456.5250,0.50,-230.5390,0.75,3
000601,韶能股份,2009-12-31,3,2963.3250,3.20,6.5500,3.19,3
000607,华智控股,2009-12-31,2,1166.1930,2.39,1166.1930,0.00,0
000608,阳光股份,2009-12-31,1,349.9920,0.65,349.9920,0.00,0
000612,焦作万方,2009-12-31,6,3406.6650,7.09,-498.4790,8.13,8
000616,亿城股份,2009-12-31,6,7495.9590,8.30,1154.2620,7.02,6
000617,*ST济柴,2009-12-31,4,887.7807,3.09,297.7948,2.05,3
000619,海螺型材,2009-12-31,2,379.7125,1.05,-652.1325,2.87,4
000623,吉林敖东,2009-12-31,7,7430.5610,12.96,377.1220,12.30,8
000625,长安汽车,2009-12-31,3,5980.9700,2.56,-5975.8100,5.12,6
000627,天茂集团,2009-12-31,1,193.1400,0.29,193.1400,0.00,0
000630,铜陵有色,2009-12-31,10,6759.1430,5.22,3078.5840,2.84,7
000631,顺发恒业,2009-12-31,2,339.9940,0.33,339.9940,0.00,0
000635,英力特,2009-12-31,6,2223.9910,12.56,589.8570,9.23,4
000650,仁和药业,2009-12-31,9,3304.2440,11.80,361.1150,10.51,9
000651,格力电器,2009-12-31,4,13205.6800,7.03,354.9300,6.84,4
000652,泰达股份,2009-12-31,5,3703.4180,2.51,1110.6720,1.76,3
000655,金岭矿业,2009-12-31,7,3361.0310,5.65,1350.2380,3.38,7
000656,金科股份,2009-12-31,7,3147.7790,12.59,2200.2020,3.79,3
000659,珠海中富,2009-12-31,2,619.5450,0.90,619.5450,0.00,0
000661,长春高新,2009-12-31,2,208.1700,1.59,136.4510,0.55,1
000667,名流置业,2009-12-31,6,11712.7200,8.69,-4050.0400,11.70,5
000671,阳光城,2009-12-31,5,987.6780,5.90,-95.2403,6.47,5
000677,恒天海龙,2009-12-31,6,5760.9540,6.67,-1055.9280,7.89,6
000679,大连友谊,2009-12-31,4,599.4770,2.52,-1311.6500,8.04,6
000680,山推股份,2009-12-31,9,9001.9350,11.86,-1457.9600,13.78,9
000682,东方电子,2009-12-31,2,505.7710,0.52,505.7710,0.00,0
000683,远兴能源,2009-12-31,3,1438.8680,2.81,-2958.6820,8.59,4
000685,中山公用,2009-12-31,4,4574.5690,7.64,756.9269,6.37,5
000686,东北证券,2009-12-31,6,974.2380,1.52,-1490.0940,3.85,8
000687,恒天天鹅,2009-12-31,2,205.7260,0.32,205.7260,0.00,0
000690,宝新能源,2009-12-31,7,3257.8780,2.83,-1140.6630,3.82,7
001696,宗申动力,2009-12-31,6,8252.3180,13.74,-576.2960,14.70,6
000698,沈阳化工,2009-12-31,4,4099.9600,6.20,-3176.7200,11.01,5
000707,双环科技,2009-12-31,9,6379.5070,13.74,-1476.5850,16.93,9
000708,大冶特钢,2009-12-31,6,4570.9690,10.17,659.6130,8.70,6
000709,河北钢铁,2009-12-31,5,10436.7300,2.88,-11766.0900,6.12,7
000712,锦龙股份,2009-12-31,1,660.9710,2.17,-1468.9720,6.99,5
000713,丰乐种业,2009-12-31,6,980.1220,4.36,980.1220,0.00,0
000715,中兴商业,2009-12-31,3,744.7180,2.67,536.1080,0.75,1
000717,*ST韶钢,2009-12-31,8,19047.9200,11.41,1746.2400,10.36,8
000718,苏宁环球,2009-12-31,6,8134.8080,4.78,-3586.1750,6.88,9
000720,新能泰山,2009-12-31,1,307.0500,0.36,307.0500,0.00,0
000723,美锦能源,2009-12-31,2,396.3400,2.84,-241.1361,4.57,4
000726,鲁泰A,2009-12-31,6,4236.9410,4.26,-1209.9730,5.47,7
000727,华东科技,2009-12-31,2,535.6440,1.49,535.6440,0.00,0
000728,国元证券,2009-12-31,6,7917.7570,4.03,7014.6510,0.62,4
000729,燕京啤酒,2009-12-31,7,14448.1440,11.94,-351.9960,12.23,8
000731,四川美丰,2009-12-31,2,1206.6680,2.41,-1000.2140,4.42,3
000735,罗牛山,2009-12-31,1,1276.5500,1.45,203.4700,1.22,1
000737,南风化工,2009-12-31,1,138.0210,0.25,138.0210,0.00,0
000739,普洛药业,2009-12-31,1,72.1299,0.28,-413.9811,1.89,2
000755,山西三维,2009-12-31,6,3433.3090,7.32,94.0520,7.12,6
000756,新华制药,2009-12-31,2,284.5230,0.62,284.5230,0.00,0
000758,中色股份,2009-12-31,7,4050.1120,6.34,509.7000,5.54,6
000759,中百集团,2009-12-31,9,13209.9780,23.57,1587.3060,20.74,9
000762,西藏矿业,2009-12-31,4,1317.3810,4.78,-651.6140,7.14,4
000766,通化金马,2009-12-31,2,605.1700,1.35,605.1700,0.00,0
000767,漳泽电力,2009-12-31,4,2677.5580,2.02,1613.8910,0.80,3
000768,中航飞机,2009-12-31,5,4085.9440,1.65,-182.3910,1.72,5
000776,广发证券,2009-12-31,1,245.7200,1.33,0.0000,1.33,1
000777,中核科技,2009-12-31,1,48.4392,0.24,48.4392,0.00,0
000778,新兴铸管,2009-12-31,9,10474.1230,7.10,-1492.8410,8.12,9
000780,平庄能源,2009-12-31,4,1067.7630,1.05,803.0420,0.26,1
000782,美达股份,2009-12-31,1,605.1500,1.50,605.1500,0.00,0
000783,长江证券,2009-12-31,1,1373.5600,0.63,1373.5600,0.00,0
000785,武汉中商,2009-12-31,3,728.3210,2.90,-61.6830,3.14,3
000786,北新建材,2009-12-31,7,8233.3720,14.32,362.3150,13.69,7
000788,北大医药,2009-12-31,4,2417.3570,9.29,1354.8490,4.08,2
000789,江西水泥,2009-12-31,1,99.9968,0.25,99.9968,0.00,0
000792,盐湖股份,2009-12-31,5,5403.9810,7.04,-735.3970,8.00,7
000793,华闻传媒,2009-12-31,3,2191.1490,1.61,-200.9600,1.76,4
000797,中国武夷,2009-12-31,1,310.4670,0.80,-965.8800,3.28,3
000799,酒鬼酒,2009-12-31,2,489.9730,1.62,-149.2020,2.11,3
000800,一汽轿车,2009-12-31,6,14563.3900,8.95,-1835.0700,10.08,7
000807,云铝股份,2009-12-31,4,3086.8120,2.61,-2761.5820,4.94,8
000811,烟台冰轮,2009-12-31,7,1534.0965,8.75,1534.0965,0.00,0
000812,陕西金叶,2009-12-31,2,1133.5800,3.04,1133.5800,0.00,0
000815,*ST美利,2009-12-31,1,143.4530,0.91,0.0000,0.91,1
000816,江淮动力,2009-12-31,3,1389.9030,1.64,-1712.7520,3.67,5
000819,岳阳兴长,2009-12-31,2,260.5392,1.34,260.5392,0.00,0
000822,山东海化,2009-12-31,8,7284.1240,8.14,2268.2330,5.60,6
000823,超声电子,2009-12-31,3,1941.5880,4.41,175.8410,4.01,3
000825,太钢不锈,2009-12-31,8,22791.4500,4.00,1802.7700,3.68,7
000826,桑德环境,2009-12-31,5,2807.6720,6.79,-2112.7330,11.90,8
000828,东莞控股,2009-12-31,2,543.8710,0.52,-363.0250,0.87,1
000829,天音控股,2009-12-31,4,4077.5320,4.31,225.1590,4.07,4
000830,鲁西化工,2009-12-31,6,3105.3330,2.97,2905.3330,0.19,1
000831,五矿稀土,2009-12-31,2,268.9060,0.41,-682.0410,1.46,2
000837,秦川发展,2009-12-31,8,4724.5940,13.55,1909.5790,8.07,7
000839,中信国安,2009-12-31,6,5113.9100,3.26,2029.5230,1.97,4
000848,承德露露,2009-12-31,9,3528.5880,18.56,-567.8190,21.55,9
000852,江钻股份,2009-12-31,2,346.8385,0.87,346.8385,0.00,0
000858,五粮液,2009-12-31,9,15843.7600,4.17,3515.4370,3.25,9
000859,国风塑业,2009-12-31,1,136.9300,0.33,-44.9700,0.43,1
000860,顺鑫农业,2009-12-31,5,2966.8290,6.77,-800.2940,8.59,6
000861,海印股份,2009-12-31,3,1085.1941,2.20,1085.1941,0.00,0
000862,银星能源,2009-12-31,4,890.8020,3.78,890.8020,0.00,0
000869,张裕A,2009-12-31,2,916.8480,1.74,-12.0290,1.76,2
000875,吉电股份,2009-12-31,3,1437.7980,1.71,-1710.3310,3.75,4
000876,新希望,2009-12-31,6,3754.1560,4.96,-410.5140,5.50,5
000877,天山股份,2009-12-31,6,4229.0080,13.55,172.6070,13.00,7
000878,云南铜业,2009-12-31,8,5697.1730,4.53,389.4000,4.22,8
000880,潍柴重机,2009-12-31,1,433.9210,1.57,433.9210,0.00,0
000881,大连国际,2009-12-31,1,119.0580,0.39,119.0580,0.00,0
000885,同力水泥,2009-12-31,1,57.1406,0.23,57.1406,0.00,0
000886,海南高速,2009-12-31,2,917.2810,0.93,-382.7270,1.31,2
000887,中鼎股份,2009-12-31,9,4612.8980,10.84,1729.7450,6.78,7
000888,峨眉山A,2009-12-31,6,3639.7770,15.48,1120.4890,10.71,6
000889,茂业物流,2009-12-31,1,305.4270,0.90,305.4270,0.00,0
000893,东凌粮油,2009-12-31,5,988.8620,4.45,377.7980,2.75,3
000895,双汇发展,2009-12-31,9,9247.2750,15.26,-813.7120,16.60,9
000897,津滨发展,2009-12-31,7,7437.2640,4.60,1157.1200,3.88,5
000898,*ST鞍钢,2009-12-31,8,17328.6100,2.40,9763.1200,1.05,4
000899,赣能股份,2009-12-31,1,106.7080,0.19,-1571.1210,3.06,4
000900,现代投资,2009-12-31,8,2101.0960,5.26,-707.8420,7.04,7
000903,云内动力,2009-12-31,4,2229.7180,5.90,2101.7610,0.34,1
000905,厦门港务,2009-12-31,1,90.2173,0.17,90.2173,0.00,0
000906,物产中拓,2009-12-31,2,521.5530,2.20,0.0000,2.20,2
000910,大亚科技,2009-12-31,4,3441.9170,6.52,-3485.9740,13.13,7
000911,南宁糖业,2009-12-31,4,1719.2890,6.00,450.1290,4.43,3
000912,泸天化,2009-12-31,8,2792.8790,4.77,423.6180,4.05,7
000916,华北高速,2009-12-31,2,282.0750,0.26,282.0750,0.00,0
000917,电广传媒,2009-12-31,6,3280.4530,8.07,-1604.3960,12.02,7
000918,嘉凯城,2009-12-31,9,2263.4350,1.57,582.8870,1.16,6
000919,金陵药业,2009-12-31,8,4002.8470,7.94,-707.0030,9.34,9
000926,福星股份,2009-12-31,10,13300.1120,18.73,3537.8970,13.84,8
000927,一汽夏利,2009-12-31,7,9993.4150,6.26,2417.0010,4.75,6
000930,中粮生化,2009-12-31,5,4060.8040,4.21,886.4880,3.29,3
000931,中关村,2009-12-31,1,187.2860,0.28,187.2860,0.00,0
000932,华菱钢铁,2009-12-31,7,17553.9400,6.41,2081.2200,5.65,7
000933,神火股份,2009-12-31,5,7195.9850,9.59,-523.9050,10.29,5
000937,冀中能源,2009-12-31,9,6374.5540,5.51,-709.9800,8.99,9
000938,紫光股份,2009-12-31,1,60.6491,0.29,60.6491,0.00,0
000939,凯迪电力,2009-12-31,2,971.1640,2.64,971.1640,0.00,0
000948,南天信息,2009-12-31,6,2108.2680,10.01,1728.2867,1.80,2
000949,新乡化纤,2009-12-31,3,830.9270,1.41,270.6510,0.95,1
000950,建峰化工,2009-12-31,5,651.2351,1.63,127.2479,1.31,4
000951,中国重汽,2009-12-31,8,4477.9410,10.68,-190.5210,11.13,8
000952,广济药业,2009-12-31,6,1672.0735,6.64,-181.1165,7.36,6
000957,中通客车,2009-12-31,1,143.3940,0.60,143.3940,0.00,0
000959,首钢股份,2009-12-31,8,21084.1600,7.11,-2881.7700,8.08,9
000960,锡业股份,2009-12-31,8,5294.6430,8.14,493.8280,7.38,7
000961,中南建设,2009-12-31,9,6449.6300,8.28,664.2480,7.43,8
000962,东方钽业,2009-12-31,1,85.7015,0.24,-146.6785,0.65,1
000963,华东医药,2009-12-31,7,6708.9650,15.46,-89.9580,15.66,7
000965,天保基建,2009-12-31,4,2279.8720,4.94,977.0624,2.82,3
000966,长源电力,2009-12-31,1,177.2740,0.32,-822.7260,1.80,1
000967,上风高科,2009-12-31,1,119.9990,0.58,119.9990,0.00,0
000968,煤气化,2009-12-31,6,2568.7740,5.00,-1121.9540,7.18,7
000969,安泰科技,2009-12-31,5,2000.8930,4.53,75.2410,4.36,6
000970,中科三环,2009-12-31,3,720.9600,1.42,320.9600,0.79,1
000972,新中基,2009-12-31,1,1832.2100,4.37,-761.3500,6.19,3
000976,春晖股份,2009-12-31,1,95.5200,0.16,95.5200,0.00,0
000978,桂林旅游,2009-12-31,3,748.4950,4.23,348.0290,2.26,2
000983,西山煤电,2009-12-31,6,12037.4000,4.97,-861.6000,5.32,6
000985,大庆华科,2009-12-31,1,322.9630,2.49,82.9630,1.85,2
000987,广州友谊,2009-12-31,8,5934.4280,16.53,-204.2010,17.10,8
000988,华工科技,2009-12-31,1,521.8690,1.28,331.8700,0.47,2
000989,九芝堂,2009-12-31,8,3148.6030,10.58,2948.6100,0.67,1
000990,诚志股份,2009-12-31,7,3377.6400,11.37,1990.3140,4.67,3
000996,中国中期,2009-12-31,3,401.9419,1.75,-209.1590,2.66,5
000998,隆平高科,2009-12-31,4,1447.1850,5.22,977.8660,1.69,2
000999,华润三九,2009-12-31,8,5323.8240,5.44,-3025.4990,8.53,8
600537,亿晶光电,2009-12-31,3,2013.0050,8.75,1107.5880,3.94,3
600562,国睿科技,2009-12-31,1,136.3040,1.62,40.4258,1.14,1
600408,安泰集团,2009-12-31,3,1299.6030,1.29,-1425.8030,2.71,4
600576,万好万家,2009-12-31,1,114.2100,0.52,114.2100,0.00,0
600573,惠泉啤酒,2009-12-31,2,752.9910,3.01,252.9910,2.00,1
600521,华海药业,2009-12-31,7,5885.6690,19.67,1553.3420,14.48,5
600460,士兰微,2009-12-31,3,1311.3170,3.25,1311.3170,0.00,0
600039,四川路桥,2009-12-31,1,87.9599,0.29,87.9599,0.00,0
600575,芜湖港,2009-12-31,2,486.2560,1.37,486.2560,0.00,0
600375,华菱星马,2009-12-31,1,83.1452,0.44,-78.8448,0.86,2
600343,航天动力,2009-12-31,1,38.6298,0.21,-99.2602,0.75,1
600502,安徽水利,2009-12-31,6,2179.0110,9.77,75.8660,9.43,4
600481,双良节能,2009-12-31,2,1651.1600,2.45,248.5700,2.08,3
600004,白云机场,2009-12-31,4,2893.2840,2.52,1456.3120,1.25,3
600570,恒生电子,2009-12-31,4,6264.7600,14.06,-1612.0300,17.68,5
600392,盛和资源,2009-12-31,4,2073.8110,13.24,353.2330,10.99,3
600584,长电科技,2009-12-31,6,7015.7910,9.41,5777.5150,1.66,2
600251,冠农股份,2009-12-31,5,2828.2680,7.81,271.6690,7.06,5
600436,片仔癀,2009-12-31,5,1528.2520,10.92,-282.3850,12.93,6
600409,三友化工,2009-12-31,8,8055.6870,8.58,638.9640,7.90,8
600031,三一重工,2009-12-31,9,8850.2560,5.95,-713.0510,6.43,9
600435,北方导航,2009-12-31,1,53.4721,0.11,-15.1164,0.14,1
600439,瑞贝卡,2009-12-31,6,5962.1950,9.67,918.6180,8.18,6
600271,航天信息,2009-12-31,4,6024.2400,6.52,1807.1300,4.57,3
600423,柳化股份,2009-12-31,8,4173.7250,15.68,1096.9760,11.56,5
600475,华光股份,2009-12-31,7,2019.1930,7.89,-822.8010,11.10,7
600425,青松建化,2009-12-31,5,5545.3200,15.03,2892.2520,7.19,4
600029,南方航空,2009-12-31,7,25260.4900,3.16,-1491.8000,3.34,9
600546,山煤国际,2009-12-31,9,6347.7710,8.46,119.0270,20.76,9
600352,浙江龙盛,2009-12-31,3,4600.0000,3.49,-195.7700,3.64,3
600485,中创信测,2009-12-31,4,1085.5380,7.94,46.7600,7.60,4
600020,中原高速,2009-12-31,2,538.4610,0.25,-116.4940,0.31,2
600489,中金黄金,2009-12-31,8,3471.1050,4.39,595.7640,3.64,8
600480,凌云股份,2009-12-31,4,2146.8770,6.88,1596.8810,1.76,1
600348,阳泉煤业,2009-12-31,9,7246.0710,7.53,-569.8770,8.12,9
600487,亨通光电,2009-12-31,5,1712.9550,10.31,-338.8970,12.35,5
600547,山东黄金,2009-12-31,6,3537.2550,4.97,1662.7880,2.63,5
600449,宁夏建材,2009-12-31,2,174.4570,0.89,-559.5970,3.76,3
600432,吉恩镍业,2009-12-31,3,1453.2100,1.90,-355.0310,2.37,4
600429,三元股份,2009-12-31,1,1000.0000,1.13,-200.0000,1.89,1
600478,科力远,2009-12-31,9,3582.0820,12.51,1782.2940,6.29,4
600507,方大特钢,2009-12-31,2,447.7030,0.65,447.7030,0.00,0
600517,置信电气,2009-12-31,5,5793.9950,9.36,-687.3850,10.48,5
600406,国电南瑞,2009-12-31,6,2870.7350,11.26,1189.1200,6.59,5
600469,风神股份,2009-12-31,3,2349.5300,6.27,-17.5530,6.31,6
600021,上海电力,2009-12-31,2,851.2510,0.40,538.2910,0.15,1
600184,光电股份,2009-12-31,7,1285.2175,12.24,1091.0825,1.85,2
600900,长江电力,2009-12-31,4,15522.8800,1.41,709.4100,1.57,4
600545,新疆城建,2009-12-31,5,3232.6740,4.78,3232.6740,0.00,0
600446,金证股份,2009-12-31,3,786.5890,5.72,556.6090,1.67,1
600540,新赛股份,2009-12-31,5,2031.9793,8.73,465.3713,6.73,5
600354,敦煌种业,2009-12-31,7,3723.8140,20.02,783.1820,15.81,6
600249,两面针,2009-12-31,1,150.9570,0.34,150.9570,0.00,0
000100,TCL集团,2009-12-31,5,9417.9800,3.21,4863.2200,1.55,3
600387,海越股份,2009-12-31,1,408.8350,1.38,408.8350,0.00,0
600325,华发股份,2009-12-31,7,12464.1120,15.26,-1581.5580,17.19,7
600438,通威股份,2009-12-31,1,640.6360,0.93,90.2910,0.80,1
600470,六国化工,2009-12-31,6,1710.2950,7.57,-572.4270,10.10,7
600035,楚天高速,2009-12-31,4,2408.0230,2.58,913.9460,1.60,2
600479,千金药业,2009-12-31,5,2779.8600,12.77,370.6350,11.07,5
600284,浦东建设,2009-12-31,2,269.7770,0.78,-1348.0530,4.68,4
600594,益佰制药,2009-12-31,5,2936.1660,12.49,483.9190,10.43,4
600543,莫高股份,2009-12-31,5,2248.9090,7.00,-1024.7610,10.19,5
600467,好当家,2009-12-31,7,4114.6450,6.49,-624.4270,7.48,7
002181,粤传媒,2009-12-31,1,236.9000,0.68,-332.9140,1.63,2
600969,郴电国际,2009-12-31,3,1170.7250,5.57,-218.9030,6.61,3
600572,康恩贝,2009-12-31,2,163.8760,0.51,163.8760,0.00,0
600976,武汉健民,2009-12-31,5,1042.1750,6.79,742.1750,1.96,1
600497,驰宏锌锗,2009-12-31,7,5629.1910,5.59,2049.3240,4.59,6
600410,华胜天成,2009-12-31,2,2778.4330,6.03,1678.4530,2.39,1
600990,四创电子,2009-12-31,3,318.0532,5.41,6.0330,5.31,4
600993,马应龙,2009-12-31,3,1023.2250,6.17,871.4410,0.92,1
600491,龙元建设,2009-12-31,1,1031.1400,2.18,-236.1170,2.67,2
600963,岳阳林纸,2009-12-31,7,9976.7600,15.30,-1572.5910,17.71,7
600495,晋西车轴,2009-12-31,1,137.6140,0.82,137.6140,0.00,0
600997,开滦股份,2009-12-31,8,5623.7970,4.56,508.7350,4.14,7
600966,博汇纸业,2009-12-31,6,6163.3110,12.21,165.2460,11.89,5
600975,新五丰,2009-12-31,3,184.7996,1.03,-0.8344,1.03,1
600995,文山电力,2009-12-31,4,2300.1180,4.81,-141.9640,5.10,3
600420,现代制药,2009-12-31,5,3633.8110,12.63,191.6280,11.96,5
002001,新和成,2009-12-31,9,4250.0420,12.42,1.9860,12.42,8
002002,鸿达兴业,2009-12-31,2,945.9910,5.67,945.9910,0.00,0
002003,伟星股份,2009-12-31,8,3815.6040,18.96,429.5010,16.83,7
600962,国投中鲁,2009-12-31,5,1400.9940,6.95,362.7010,5.15,4
002004,华邦颖泰,2009-12-31,2,634.7560,4.81,262.4680,2.82,1
002005,德豪润达,2009-12-31,1,203.6800,0.63,-6.1800,0.65,1
600143,金发科技,2009-12-31,7,9143.9230,6.55,-752.2180,7.09,6
002006,精功科技,2009-12-31,1,93.8546,0.65,-628.7824,5.02,5
002007,华兰生物,2009-12-31,5,2632.2700,7.31,-1845.2900,12.43,6
002008,大族激光,2009-12-31,6,5424.1590,7.79,478.0160,7.10,5
600022,山东钢铁,2009-12-31,7,6883.9030,2.21,325.5460,2.10,5
002009,天奇股份,2009-12-31,5,1738.5990,7.87,970.6370,3.47,3
002010,传化股份,2009-12-31,7,1326.1120,6.54,194.6440,5.58,8
600981,汇鸿股份,2009-12-31,1,86.2941,0.17,86.2941,0.00,0
002011,盾安环境,2009-12-31,1,101.9960,0.27,-255.5838,0.96,4
002012,凯恩股份,2009-12-31,2,356.2920,1.83,356.2920,0.00,0
002013,中航精机,2009-12-31,6,1723.0390,13.41,571.3340,8.96,5
002014,永新股份,2009-12-31,4,531.1769,3.82,-255.7811,5.65,5
002015,霞客环保,2009-12-31,2,818.9090,4.07,135.3100,3.40,3
002017,东信和平,2009-12-31,4,1721.6290,8.67,1084.7306,4.15,2
002018,华星化工,2009-12-31,4,1058.0330,4.32,-1100.5400,8.81,4
002019,鑫富药业,2009-12-31,5,1431.9170,6.50,356.5332,5.63,7
600965,福成五丰,2009-12-31,2,359.9910,1.29,359.9910,0.00,0
600482,风帆股份,2009-12-31,4,1183.8950,2.57,-1637.9180,6.12,5
002022,科华生物,2009-12-31,5,4611.9650,11.24,-1119.6370,13.97,6
002023,海特高新,2009-12-31,5,2094.7700,11.13,-334.3320,12.91,6
002024,苏宁云商,2009-12-31,6,32783.9700,7.03,-8874.1700,9.29,7
002025,航天电器,2009-12-31,8,4750.4430,14.40,2129.7660,7.94,6
600983,合肥三洋,2009-12-31,6,4387.4230,13.18,224.2990,12.50,7
600973,宝胜股份,2009-12-31,1,651.0010,4.17,223.0630,2.74,3
002028,思源电气,2009-12-31,7,4530.5150,10.30,-447.4000,11.32,7
002029,七匹狼,2009-12-31,7,4963.9510,17.55,628.3510,15.33,7
600987,航民股份,2009-12-31,3,673.2940,1.59,523.3890,0.35,1
002030,达安基因,2009-12-31,1,152.2850,0.63,-3.6800,0.65,1
600971,恒源煤电,2009-12-31,6,1979.6280,5.02,34.8738,8.10,7
002032,苏泊尔,2009-12-31,5,1501.8650,3.38,-285.5880,4.03,6
600978,宜华木业,2009-12-31,4,4099.2070,4.08,-1616.1210,5.69,6
002033,丽江旅游,2009-12-31,5,922.7936,9.29,-41.3080,9.71,6
600961,*ST株冶,2009-12-31,2,605.0000,1.15,-1260.9130,3.54,4
002035,华帝股份,2009-12-31,6,1931.4630,11.24,1819.7460,0.65,1
002037,久联发展,2009-12-31,2,783.9270,5.89,-590.3473,10.33,5
002038,双鹭药业,2009-12-31,5,2044.0020,8.13,-875.4030,11.71,6
600027,华电国际,2009-12-31,4,2271.6200,0.34,-2023.3400,0.71,4
002039,黔源电力,2009-12-31,1,79.0000,0.56,-5.4100,0.60,1
600970,中材国际,2009-12-31,6,3562.6250,8.45,-1025.0370,10.88,8
002041,登海种业,2009-12-31,7,1877.6080,10.67,300.1130,8.96,5
002042,华孚色纺,2009-12-31,3,579.7720,2.47,433.7340,0.62,1
002045,国光电器,2009-12-31,8,3677.5740,14.36,449.4770,12.88,7
002046,轴研科技,2009-12-31,1,80.2022,0.74,80.2022,0.00,0
002047,*ST成霖,2009-12-31,5,1398.7610,4.93,-534.9390,6.82,5
002048,宁波华翔,2009-12-31,6,4653.4600,9.42,694.1080,8.02,7
002049,同方国芯,2009-12-31,1,159.5130,1.18,-90.0000,1.85,1
002050,三花股份,2009-12-31,7,1304.8630,4.94,-690.2640,7.56,7
601588,北辰实业,2009-12-31,3,2196.3080,0.65,660.4940,0.46,2
601866,中海集运,2009-12-31,7,6166.9040,0.53,-3716.5290,0.85,8
601899,紫金矿业,2009-12-31,3,12551.8200,0.86,-2594.9200,1.04,4
002051,中工国际,2009-12-31,1,74.8289,0.39,-6.8203,0.43,1
002052,同洲电子,2009-12-31,1,167.5360,0.49,-0.1400,0.49,1
002053,云南盐化,2009-12-31,4,646.1020,3.48,233.5990,2.22,3
600999,招商证券,2009-12-31,1,133.5090,0.04,133.5090,0.00,0
601788,光大证券,2009-12-31,7,4528.5520,1.32,4235.7880,0.09,2
601398,工商银行,2009-12-31,2,50699.9000,0.15,-51538.5000,0.31,4
601939,建设银行,2009-12-31,2,31254.4000,0.13,-16022.0000,0.20,3
601166,兴业银行,2009-12-31,2,11302.6100,2.26,5302.6100,1.20,1
601169,北京银行,2009-12-31,1,4600.0000,0.74,-5.5500,0.74,1
601988,中国银行,2009-12-31,2,20198.7000,0.08,-7513.6000,0.11,2
601998,中信银行,2009-12-31,1,3511.5600,0.09,-7881.9700,0.29,3
601009,南京银行,2009-12-31,6,13709.4800,7.46,-764.2700,7.88,6
601628,中国人寿,2009-12-31,2,4747.5500,0.17,-694.4900,0.19,2
601318,中国平安,2009-12-31,1,3975.0000,0.54,-2564.2500,0.89,2
601601,中国太保,2009-12-31,3,8587.8600,1.01,-4595.2000,1.71,5
002307,北新路桥,2009-12-31,1,270.2220,1.43,270.2220,0.00,0
600018,上港集团,2009-12-31,3,9901.5500,0.47,-130.0400,0.48,3
002110,三钢闽光,2009-12-31,7,3416.0540,6.39,1164.5450,4.21,6
002281,光迅科技,2009-12-31,1,29.7170,0.19,-265.0757,1.84,2
601005,重庆钢铁,2009-12-31,2,896.0401,0.52,-1049.6409,1.12,3
601857,中国石油,2009-12-31,6,22192.8700,0.12,-5643.2000,0.15,6
002106,莱宝高科,2009-12-31,6,4705.5000,14.26,913.8010,11.49,5
601600,中国铝业,2009-12-31,3,5240.6400,0.39,-1062.1400,0.47,4
601088,中国神华,2009-12-31,7,16080.2000,0.81,-2213.3400,0.92,7
002067,景兴纸业,2009-12-31,1,229.8700,0.59,1.1800,0.58,1
002060,粤水电,2009-12-31,1,221.5880,0.67,-289.9050,1.54,3
002306,湘鄂情,2009-12-31,2,300.0210,1.50,300.0210,0.00,0
002139,拓邦股份,2009-12-31,2,424.5401,3.03,-61.9859,3.48,3
601333,广深铁路,2009-12-31,5,14121.7700,1.99,-12166.3100,3.71,7
002187,广百股份,2009-12-31,6,1455.2949,9.10,-103.8251,9.74,6
002230,科大讯飞,2009-12-31,1,119.9850,0.75,119.9850,0.00,0
601107,四川成渝,2009-12-31,2,467.4850,0.15,357.8550,0.04,1
002088,鲁阳股份,2009-12-31,6,1491.3340,6.37,436.1370,4.91,4
002267,陕天然气,2009-12-31,6,967.8377,1.90,494.4037,0.93,3
002153,石基信息,2009-12-31,8,2219.3030,9.91,-225.5770,10.91,7
002275,桂林三金,2009-12-31,3,88.9424,0.20,88.9424,0.00,0
002063,远光软件,2009-12-31,4,926.0100,4.68,281.2610,3.26,3
601111,中国国航,2009-12-31,4,11660.2100,0.95,1991.0200,0.79,4
002205,国统股份,2009-12-31,2,586.2740,5.86,586.2740,0.00,0
002056,横店东磁,2009-12-31,7,3639.6460,8.86,-810.4240,10.83,7
002186,全聚德,2009-12-31,3,168.4695,1.19,119.0384,0.35,1
002142,宁波银行,2009-12-31,6,13508.8000,5.40,2811.5100,4.28,5
002185,华天科技,2009-12-31,6,2382.4030,8.30,1890.2560,1.71,2
601727,上海电气,2009-12-31,4,1616.6010,0.13,-1209.2910,0.23,5
601099,太平洋,2009-12-31,1,195.6600,0.13,195.6600,0.00,0
002101,广东鸿图,2009-12-31,1,30.0000,0.45,30.0000,0.00,0
002206,海利得,2009-12-31,7,769.8750,6.16,-118.4516,7.11,5
002059,云南旅游,2009-12-31,2,209.3610,0.97,179.3610,0.14,1
601168,西部矿业,2009-12-31,4,7900.1700,3.32,404.2300,3.15,4
002203,海亮股份,2009-12-31,2,118.7626,0.30,118.7626,0.00,0
000338,潍柴动力,2009-12-31,8,5305.0760,6.37,483.7010,5.79,8
002119,康强电子,2009-12-31,1,50.0000,0.26,50.0000,0.00,0
002261,拓维信息,2009-12-31,6,1002.5069,8.97,530.8480,4.22,6
002140,东华科技,2009-12-31,6,954.7634,6.85,-391.0236,9.66,6
002080,中材科技,2009-12-31,7,2779.2670,18.53,218.2720,17.07,7
601919,*ST远洋,2009-12-31,4,9473.0000,0.93,4305.3200,0.51,2
002217,联合化工,2009-12-31,2,974.3710,4.37,974.3710,0.00,0
601808,中海油服,2009-12-31,7,4786.8260,1.06,-1453.4030,1.39,8
002182,云海金属,2009-12-31,4,518.1970,2.70,-209.6800,3.79,4
601001,大同煤业,2009-12-31,8,6419.6060,7.67,2152.2980,5.10,6
002202,金风科技,2009-12-31,6,4687.5270,3.35,-619.8550,3.79,6
002143,高金食品,2009-12-31,2,190.2052,1.19,-72.7645,1.64,3
002055,得润电子,2009-12-31,4,855.5184,6.37,230.9944,5.41,4
002066,瑞泰科技,2009-12-31,1,80.0000,0.69,80.0000,0.00,0
002146,荣盛发展,2009-12-31,7,4191.7830,4.68,51.3180,4.62,7
002065,东华软件,2009-12-31,6,3702.6160,8.69,481.3980,7.56,5
600048,保利地产,2009-12-31,7,14561.8900,4.14,-793.5200,4.36,7
601006,大秦铁路,2009-12-31,2,11683.4700,0.90,-918.2500,0.97,2
601699,潞安环能,2009-12-31,6,6911.6550,6.01,1556.3090,4.65,5
002082,栋梁新材,2009-12-31,3,521.4230,2.19,322.9466,0.83,2
002089,新海宜,2009-12-31,6,1864.9880,8.71,1354.9920,2.38,2
002234,民和股份,2009-12-31,3,481.0990,4.48,481.0990,0.00,0
002078,太阳纸业,2009-12-31,6,3214.4700,6.40,408.9150,5.58,6
002091,江苏国泰,2009-12-31,8,3202.2340,13.34,502.8610,11.25,6
601008,连云港,2009-12-31,1,1293.0000,2.41,0.0000,2.41,1
002096,南岭民爆,2009-12-31,1,46.7565,0.35,46.7565,0.00,0
002118,紫鑫药业,2009-12-31,1,18.8200,0.15,18.8200,0.00,0
002062,宏润建设,2009-12-31,2,1007.0300,3.36,-660.5536,5.56,4
002064,华峰氨纶,2009-12-31,5,3458.3170,9.37,1479.0750,5.36,2
002070,众和股份,2009-12-31,2,447.6890,1.97,447.6890,0.00,0
002073,软控股份,2009-12-31,8,6205.1020,12.54,3005.9650,6.46,6
002208,合肥城建,2009-12-31,5,1446.2470,9.04,489.7500,5.98,2
601666,平煤股份,2009-12-31,7,8856.5030,6.34,-1708.9590,7.56,8
002068,黑猫股份,2009-12-31,7,2024.9150,10.53,270.3380,9.13,6
601898,中煤能源,2009-12-31,7,12153.1100,0.92,-1396.3600,1.02,7
002069,獐子岛,2009-12-31,1,68.3701,0.30,-652.1145,3.19,3
601918,国投新集,2009-12-31,4,2868.7390,1.55,-1696.5710,2.47,6
002081,金螳螂,2009-12-31,5,1110.6480,5.22,-532.1570,7.77,6
002084,海鸥卫浴,2009-12-31,1,220.0000,0.94,-1409.2101,6.99,8
002172,澳洋科技,2009-12-31,2,282.2510,0.81,-662.6980,2.72,3
002154,报喜鸟,2009-12-31,9,3936.3760,13.59,1539.1800,9.60,8
600017,日照港,2009-12-31,4,4422.8490,2.93,1289.9870,2.07,2
002092,中泰化学,2009-12-31,4,3657.2050,6.81,259.9050,6.33,5
002094,青岛金王,2009-12-31,1,100.0000,0.47,-210.5580,1.45,2
601872,招商轮船,2009-12-31,1,1000.0000,0.29,52.7390,0.28,1
002095,生意宝,2009-12-31,3,532.1585,5.91,362.0024,1.89,2
002083,孚日股份,2009-12-31,5,1296.4050,1.38,-312.3910,1.71,6
002098,浔兴股份,2009-12-31,1,299.0370,1.93,299.0370,0.00,0
002097,山河智能,2009-12-31,1,175.8830,0.64,-313.1560,1.78,2
002093,国脉科技,2009-12-31,6,2139.5302,8.01,919.6257,4.57,5
002099,海翔药业,2009-12-31,2,669.7640,4.17,669.7640,0.00,0
002100,天康生物,2009-12-31,5,784.2023,4.79,486.2702,1.82,3
002200,*ST大地,2009-12-31,5,1023.6970,6.78,51.0800,6.44,5
002105,信隆实业,2009-12-31,1,90.4809,0.34,90.4809,0.00,0
002104,恒宝股份,2009-12-31,3,1023.0630,3.48,-488.9000,5.15,5
002109,兴化股份,2009-12-31,5,2056.7030,5.74,-362.1160,6.75,4
601002,晋亿实业,2009-12-31,4,614.3990,0.83,14.4210,0.81,2
002107,沃华医药,2009-12-31,1,120.7340,0.74,5.8030,0.70,1
002121,科陆电子,2009-12-31,5,1271.2140,5.30,-528.3280,7.50,4
002112,三变科技,2009-12-31,1,100.0000,0.89,0.0000,0.89,1
002115,三维通信,2009-12-31,9,1620.7840,12.09,-77.7750,14.15,9
002114,罗平锌电,2009-12-31,2,287.5830,1.56,287.5830,0.00,0
002113,天润控股,2009-12-31,1,339.9780,2.87,-250.0000,4.98,1
002250,联化科技,2009-12-31,2,230.0000,1.78,-65.9331,2.29,3
002216,三全食品,2009-12-31,3,651.1627,3.48,141.1627,2.73,3
002124,天邦股份,2009-12-31,1,262.9650,1.92,262.9650,0.00,0
601003,柳钢股份,2009-12-31,7,4652.0700,1.82,456.7090,1.64,5
002123,荣信股份,2009-12-31,7,2425.2540,10.83,-213.2120,11.78,7
002122,天马股份,2009-12-31,9,1966.1960,3.31,-229.9430,3.70,9
002129,中环股份,2009-12-31,2,323.6640,0.67,147.9040,0.36,1
002131,利欧股份,2009-12-31,2,113.8290,0.76,-193.4552,2.04,5
002132,恒星科技,2009-12-31,1,220.0000,0.90,-400.0300,2.53,3
002232,启明信息,2009-12-31,2,785.7620,3.09,65.0000,2.83,1
002133,广宇集团,2009-12-31,4,3488.5800,7.00,-733.7540,8.47,5
601958,金钼股份,2009-12-31,8,6643.9700,2.06,-134.3820,2.10,7
002128,露天煤业,2009-12-31,3,1218.9580,1.10,88.3570,1.02,3
300016,北陆药业,2009-12-31,1,6.2284,0.09,6.2284,0.00,0
002248,华东数控,2009-12-31,1,31.3955,0.26,31.3955,0.00,0
002137,实益达,2009-12-31,1,99.4704,0.38,99.4704,0.00,0
002138,顺络电子,2009-12-31,4,445.7095,3.65,173.1162,2.23,3
002170,芭田股份,2009-12-31,4,714.7800,2.35,442.1680,0.90,2
002159,三特索道,2009-12-31,7,1678.6180,13.99,1513.6770,1.37,2
002148,北纬通信,2009-12-31,4,663.1760,8.77,110.9280,7.30,4
002152,广电运通,2009-12-31,7,3878.4550,11.34,132.2620,10.95,7
002296,辉煌科技,2009-12-31,8,318.1045,5.17,318.1045,0.00,0
002149,西部材料,2009-12-31,3,919.4010,5.26,0.0000,5.26,3
002157,正邦科技,2009-12-31,2,163.2365,0.72,163.2365,0.00,0
002147,方圆支承,2009-12-31,2,436.0780,1.93,-408.0110,3.74,3
002156,通富微电,2009-12-31,6,1283.3580,3.70,1283.3580,0.00,0
002155,辰州矿业,2009-12-31,6,1921.0390,3.51,240.6770,3.07,5
002158,汉钟精机,2009-12-31,5,839.0576,5.31,839.0576,0.00,0
002254,泰和新材,2009-12-31,8,1991.5620,12.21,893.8570,0.83,6
002161,远望谷,2009-12-31,3,216.3525,0.84,-334.4985,2.15,3
002164,东力传动,2009-12-31,5,682.3670,3.79,-243.6980,5.14,6
002175,广陆数测,2009-12-31,1,315.5600,3.70,0.0000,3.70,1
002165,红宝丽,2009-12-31,7,2150.8360,13.66,-122.2390,14.43,7
002179,中航光电,2009-12-31,7,1739.0416,6.49,482.6873,4.69,4
002177,御银股份,2009-12-31,2,350.0640,1.32,82.0000,1.20,2
002183,怡亚通,2009-12-31,4,1382.1773,3.73,-577.3397,5.29,5
002304,洋河股份,2009-12-31,6,601.9393,1.34,601.9393,0.00,0
601390,中国中铁,2009-12-31,7,44651.6500,2.10,-12486.0700,2.68,8
002191,劲嘉股份,2009-12-31,5,1486.7680,2.32,-1087.5230,4.01,8
002194,武汉凡谷,2009-12-31,6,2639.5880,4.75,787.4940,3.33,5
002197,证通电子,2009-12-31,3,177.6376,1.35,99.2408,0.60,1
601999,出版传媒,2009-12-31,5,683.6988,1.24,22.8082,1.20,4
002204,大连重工,2009-12-31,7,965.6133,4.51,70.1763,4.18,6
002209,达意隆,2009-12-31,2,165.7973,1.27,-117.1337,2.48,2
002220,天宝股份,2009-12-31,1,467.8260,4.77,-99.0819,5.78,3
002212,南洋股份,2009-12-31,2,69.0074,0.30,39.6212,0.13,1
002215,诺普信,2009-12-31,10,2430.7210,11.99,-368.0360,13.80,10
002214,大立科技,2009-12-31,8,1030.2922,10.30,200.1045,8.30,6
002226,江南化工,2009-12-31,1,49.3663,0.71,49.3663,0.00,0
002218,拓日新能,2009-12-31,5,369.8972,1.28,20.9817,1.21,4
601766,中国南车,2009-12-31,6,28538.5400,2.41,3735.8500,2.09,7
002221,东华能源,2009-12-31,2,1064.1491,4.79,1064.1491,0.00,0
002219,独一味,2009-12-31,1,200.0000,1.07,0.0000,1.07,1
601186,中国铁建,2009-12-31,7,18798.3700,1.52,10421.7900,0.68,3
002273,水晶光电,2009-12-31,3,303.0249,3.49,303.0249,0.00,0
002223,鱼跃医疗,2009-12-31,8,1205.0843,7.80,143.0360,6.87,7
002225,濮耐股份,2009-12-31,4,525.1763,1.01,18.4053,0.97,3
002228,合兴包装,2009-12-31,1,122.1430,0.64,97.1436,0.13,1
002244,滨江集团,2009-12-31,4,2102.8330,1.56,-639.3050,2.03,4
002227,奥特迅,2009-12-31,2,85.9045,0.79,-23.4241,1.01,2
002237,恒邦股份,2009-12-31,3,246.8970,1.29,180.8872,0.34,1
002235,安妮股份,2009-12-31,3,772.7723,5.15,173.0943,4.00,2
002249,大洋电机,2009-12-31,4,484.9240,1.92,420.1640,0.26,1
002229,鸿博股份,2009-12-31,1,46.2981,0.34,46.2981,0.00,0
002253,川大智胜,2009-12-31,3,236.2813,3.79,67.5283,2.70,2
002233,塔牌集团,2009-12-31,9,2921.6710,7.30,-713.5790,9.09,9
002243,通产丽星,2009-12-31,2,279.8770,1.08,199.8914,0.31,1
002236,大华股份,2009-12-31,3,204.1504,3.06,-145.7014,5.24,3
002252,上海莱士,2009-12-31,5,399.3530,2.50,199.9251,1.25,3
002238,天威视讯,2009-12-31,4,1087.6950,4.07,1.8050,4.07,5
002239,金飞达,2009-12-31,4,980.3430,4.88,402.6489,2.87,4
002241,歌尔声学,2009-12-31,10,2570.3340,10.71,548.3443,8.42,8
002242,九阳股份,2009-12-31,6,1053.9573,2.08,-1435.4977,4.91,9
002251,步步高,2009-12-31,7,1799.0606,6.65,19.2160,6.58,7
002274,华昌化工,2009-12-31,3,266.0164,1.32,211.2319,0.27,1
002255,海陆重工,2009-12-31,1,30.3718,0.24,-237.9208,2.08,3
002262,恩华药业,2009-12-31,4,654.9080,3.64,219.7428,2.42,3
002258,利尔化学,2009-12-31,2,310.2020,1.53,-105.0000,2.05,3
002264,新华都,2009-12-31,7,1031.8490,9.65,247.2923,7.34,6
300028,金亚科技,2009-12-31,1,17.1750,0.12,17.1750,0.00,0
002322,理工监测,2009-12-31,2,88.2316,1.32,88.2316,0.00,0
601668,中国建筑,2009-12-31,3,41462.0000,1.38,9661.9100,1.06,6
002271,东方雨虹,2009-12-31,3,149.7144,1.89,149.7144,0.00,0
002268,卫士通,2009-12-31,1,99.9915,1.24,28.4628,0.89,1
002269,美邦服饰,2009-12-31,9,3932.1070,3.91,524.9640,3.39,9
002270,法因数控,2009-12-31,2,165.0963,1.13,165.0963,0.00,0
002266,浙富股份,2009-12-31,4,1008.1680,7.04,677.1310,2.31,1
002299,圣农发展,2009-12-31,1,29.6925,0.07,29.6925,0.00,0
002277,友阿股份,2009-12-31,2,72.1099,0.37,72.1099,0.00,0
300002,神州泰岳,2009-12-31,5,76.7256,0.61,76.7256,0.00,0
002278,神开股份,2009-12-31,2,64.1667,0.35,64.1667,0.00,0
002286,保龄宝,2009-12-31,3,154.1760,1.93,109.6360,0.56,2
002291,星期六,2009-12-31,5,816.9640,3.80,669.6626,0.69,2
002292,奥飞动漫,2009-12-31,3,98.3396,0.61,-74.6364,1.08,3
002293,罗莱家纺,2009-12-31,3,139.4281,0.99,125.1982,0.10,1
002294,信立泰,2009-12-31,8,353.1899,3.11,-40.1517,3.47,8
601299,中国北车,2009-12-31,2,8399.9900,1.01,8399.9900,0.00,0
601618,中国中冶,2009-12-31,2,5213.5100,0.27,2070.7900,0.16,3
601888,中国国旅,2009-12-31,9,3925.6750,4.46,3925.6750,0.00,0
002301,齐心文具,2009-12-31,3,478.8224,3.84,478.8224,0.00,0
601989,中国重工,2009-12-31,7,6800.6360,1.02,6800.6360,0.00,0
002315,焦点科技,2009-12-31,9,549.8986,4.68,549.8986,0.00,0
002310,东方园林,2009-12-31,6,149.8000,2.99,149.8000,0.00,0
002325,洪涛股份,2009-12-31,3,102.2061,0.85,102.2061,0.00,0
002326,永太科技,2009-12-31,2,64.3337,0.48,64.3337,0.00,0
002330,得利斯,2009-12-31,20,214.0180,0.85,214.0180,0.00,0
