600000,浦发银行,2009-06-30,2,16491.9900,2.08,-2329.1100,3.32,3
600005,武钢股份,2009-06-30,6,39364.0800,5.02,-10045.4200,6.31,8
600006,东风汽车,2009-06-30,6,5059.2040,2.53,-11.4940,2.54,8
600007,中国国贸,2009-06-30,7,3359.9650,3.34,1912.0680,1.44,4
600008,首创股份,2009-06-30,4,1728.3970,0.79,-1446.7830,1.44,7
600009,上海机场,2009-06-30,6,10093.8400,5.24,-3563.0700,7.09,6
600010,包钢股份,2009-06-30,7,16453.5900,2.56,3095.9400,2.08,7
600016,民生银行,2009-06-30,2,46330.5000,2.46,46330.5000,0.00,0
600019,宝钢股份,2009-06-30,7,65803.2600,3.76,20537.1300,2.58,7
600026,中海发展,2009-06-30,8,7433.0730,2.18,2901.6990,1.33,6
600028,中国石化,2009-06-30,5,25165.4000,0.29,1915.0000,0.27,5
600030,中信证券,2009-06-30,1,5180.9600,0.78,-6159.3000,1.71,2
600033,福建高速,2009-06-30,5,2803.4350,1.90,-3177.2160,4.04,7
600037,歌华有线,2009-06-30,5,3324.4910,3.14,-3661.3460,6.59,6
600038,哈飞股份,2009-06-30,2,359.6310,1.07,-55.0820,1.23,2
600050,中国联通,2009-06-30,9,61290.0400,2.89,-14436.3700,3.57,8
600052,浙江广厦,2009-06-30,8,8488.2210,9.74,8038.2210,0.52,1
600054,黄山旅游,2009-06-30,4,2861.8340,6.07,-252.6630,6.61,4
600055,华润万东,2009-06-30,1,899.9440,4.16,899.9440,0.00,0
600056,中国医药,2009-06-30,2,303.3390,1.27,-290.0000,2.48,2
600058,五矿发展,2009-06-30,8,2666.8930,2.49,-422.4550,2.88,9
600059,古越龙山,2009-06-30,3,1319.6570,2.36,212.6920,2.97,4
600060,海信电器,2009-06-30,5,2355.4650,4.77,-2718.9140,10.28,8
600062,华润双鹤,2009-06-30,7,3086.8750,6.48,-391.0800,7.30,9
600063,皖维高新,2009-06-30,2,2328.0560,6.32,2328.0560,0.00,0
600064,南京高科,2009-06-30,3,614.4690,1.79,-1239.3700,5.39,6
600066,宇通客车,2009-06-30,5,5342.4940,10.28,-2433.7520,14.96,7
600067,冠城大通,2009-06-30,6,6358.0660,10.37,2161.8840,6.85,5
600068,葛洲坝,2009-06-30,6,4159.2720,2.50,-2434.7330,3.96,8
600072,中船股份,2009-06-30,2,56.5511,0.16,26.0000,0.08,1
600074,*ST中达,2009-06-30,1,100.0000,0.15,100.0000,0.00,0
600075,新疆天业,2009-06-30,1,147.3000,0.34,67.3000,0.18,1
600078,澄星股份,2009-06-30,2,999.9890,1.54,-680.4920,2.58,3
600079,人福医药,2009-06-30,6,5555.1190,14.28,524.8750,12.93,7
600082,海泰发展,2009-06-30,2,886.5770,1.37,886.5770,0.00,0
600085,同仁堂,2009-06-30,9,1634.2840,3.14,-3982.5710,10.78,9
600087,*ST长油,2009-06-30,9,11553.0960,7.17,853.3790,6.64,6
600088,中视传媒,2009-06-30,5,1046.4659,4.42,484.1659,2.38,1
600089,特变电工,2009-06-30,6,15650.7000,8.71,-517.7500,13.49,8
600090,啤酒花,2009-06-30,4,3468.9950,9.43,3468.9950,0.00,0
600096,云天化,2009-06-30,7,2476.5730,4.20,-234.4120,4.59,8
600097,开创国际,2009-06-30,2,617.2740,3.05,-284.3660,4.45,3
600098,广州发展,2009-06-30,7,5107.0160,2.48,-662.1690,2.80,6
600100,同方股份,2009-06-30,2,614.1340,0.63,-2714.1080,3.41,6
600101,明星电力,2009-06-30,1,100.0000,0.31,-50.6300,0.46,1
600104,上汽集团,2009-06-30,7,20553.8200,3.14,3306.0500,2.63,7
600108,亚盛集团,2009-06-30,5,1809.3300,1.26,427.8840,0.96,2
600109,国金证券,2009-06-30,3,669.7010,0.67,-148.8564,1.64,5
600110,中科英华,2009-06-30,2,1058.3470,1.04,504.6920,0.82,3
600111,包钢稀土,2009-06-30,7,1994.0410,2.47,1193.4530,0.99,3
600112,长征电气,2009-06-30,1,246.7340,0.76,246.7340,0.00,0
600115,东方航空,2009-06-30,4,3655.3570,0.47,330.6160,0.68,5
600117,西宁特钢,2009-06-30,8,8307.8260,11.21,3439.0350,6.57,7
600118,中国卫星,2009-06-30,6,2300.2350,6.53,-1057.9600,11.43,7
600119,长江投资,2009-06-30,2,828.7200,2.70,753.7100,0.24,1
600121,郑州煤电,2009-06-30,1,154.9920,0.25,-100.0000,0.41,2
600122,宏图高科,2009-06-30,2,384.2200,0.87,-677.4210,2.39,2
600123,兰花科创,2009-06-30,8,9129.3940,15.98,1127.0020,14.01,8
600125,铁龙物流,2009-06-30,3,1515.6450,1.51,-2563.7630,4.06,5
600126,杭钢股份,2009-06-30,8,7296.0590,8.70,5572.0160,2.06,3
600129,太极集团,2009-06-30,2,2323.7210,7.08,1029.5060,3.94,5
600131,岷江水电,2009-06-30,1,450.0000,0.89,-863.0400,2.60,3
600132,重庆啤酒,2009-06-30,8,3707.9800,7.66,-522.8530,8.74,8
600135,乐凯胶片,2009-06-30,1,1640.0000,4.80,-85.0000,5.04,2
600138,中青旅,2009-06-30,4,2625.2550,6.32,-1840.4610,10.75,4
600139,西部资源,2009-06-30,6,1299.4390,7.67,1299.4390,0.00,0
600141,兴发集团,2009-06-30,5,3074.1310,10.17,717.8900,9.35,4
600150,中国船舶,2009-06-30,6,677.9663,1.02,-906.1719,2.39,8
600151,航天机电,2009-06-30,4,1179.4480,1.58,-273.3170,1.94,4
600153,建发股份,2009-06-30,9,19487.8200,15.68,4858.6900,11.77,8
600157,永泰能源,2009-06-30,1,99.9981,0.39,99.9981,0.00,0
600158,中体产业,2009-06-30,2,526.6710,0.66,-2.0990,0.66,2
600159,大龙地产,2009-06-30,4,3731.8550,8.99,2337.8550,3.36,1
600160,巨化股份,2009-06-30,1,200.0000,0.36,100.0000,0.18,1
600161,天坛生物,2009-06-30,4,2057.7740,4.22,-896.7200,6.05,7
600162,香江控股,2009-06-30,10,6220.1500,8.10,3381.7540,3.70,6
600166,福田汽车,2009-06-30,5,8059.2750,8.80,3134.0440,5.37,5
600169,太原重工,2009-06-30,6,6358.5760,8.90,636.9970,12.81,6
600170,上海建工,2009-06-30,6,3083.9430,4.29,191.2040,4.02,8
600176,中国玻纤,2009-06-30,5,2475.2830,5.79,-632.0210,7.27,5
600177,雅戈尔,2009-06-30,5,8869.8700,3.98,1938.6200,3.11,4
600178,东安动力,2009-06-30,6,2229.0100,4.82,-145.1405,5.14,7
600182,S佳通,2009-06-30,1,1252.0100,3.68,0.0000,3.68,1
600183,生益科技,2009-06-30,5,3658.1500,3.82,-176.3860,4.01,7
600185,格力地产,2009-06-30,3,970.7100,2.88,0.0000,2.88,3
600188,兖州煤业,2009-06-30,6,1858.7050,0.38,-937.4220,0.57,8
600189,吉林森工,2009-06-30,5,1991.8780,6.42,657.8910,4.30,4
600190,锦州港,2009-06-30,1,1099.9900,0.70,-22.6350,0.86,3
600192,长城电工,2009-06-30,1,446.0970,1.57,33.4535,1.45,3
600195,中牧股份,2009-06-30,9,4783.4710,12.27,893.1990,9.98,8
600196,复星医药,2009-06-30,7,12354.6360,9.98,4897.6210,6.02,7
600197,伊力特,2009-06-30,1,769.9700,1.75,-616.5210,3.14,4
600201,金宇集团,2009-06-30,4,2117.8000,7.54,-2605.9910,16.82,6
600202,哈空调,2009-06-30,8,7892.3580,20.59,1109.6290,21.23,9
600208,新湖中宝,2009-06-30,6,11433.7100,4.05,4074.0900,2.61,5
600210,紫江企业,2009-06-30,5,3585.0930,2.50,1986.4590,1.11,3
600216,浙江医药,2009-06-30,5,4248.3770,9.44,1106.4010,6.98,6
600219,南山铝业,2009-06-30,7,2922.4590,2.21,-54.3110,2.26,5
600220,江苏阳光,2009-06-30,4,1393.6850,0.78,186.4180,0.68,2
600221,海南航空,2009-06-30,4,6103.4150,1.73,4671.3150,0.41,1
600223,鲁商置业,2009-06-30,6,5603.3480,5.60,3791.0780,1.81,4
600226,升华拜克,2009-06-30,1,300.6040,1.11,0.0000,1.11,1
600227,赤天化,2009-06-30,5,1084.8540,2.94,-102.0490,3.63,6
600230,沧州大化,2009-06-30,4,530.8015,2.05,31.2385,1.93,4
600231,凌钢股份,2009-06-30,6,9086.7200,11.30,2519.6150,8.17,10
600232,金鹰股份,2009-06-30,2,171.8627,0.47,-651.6613,2.46,4
600233,大杨创世,2009-06-30,3,487.0580,2.95,487.0580,0.00,0
600236,桂冠电力,2009-06-30,6,5379.9970,3.64,-3371.2630,5.91,5
600238,海南椰岛,2009-06-30,4,1072.2110,6.46,692.7550,2.29,1
600239,云南城投,2009-06-30,4,2067.6430,3.27,1324.0350,2.56,3
600240,华业地产,2009-06-30,3,2873.1510,4.45,-530.8380,5.28,4
600246,万通地产,2009-06-30,4,1780.4260,1.76,1649.7050,0.26,1
600252,中恒集团,2009-06-30,8,4642.0670,17.79,366.9340,19.66,8
600255,鑫科材料,2009-06-30,1,360.0030,0.80,52.0030,0.69,1
600256,广汇能源,2009-06-30,4,3348.5400,3.52,-472.0420,4.41,5
600258,首旅酒店,2009-06-30,5,647.1039,2.80,220.5139,1.84,2
600259,广晟有色,2009-06-30,1,223.8140,0.90,3.5040,0.88,1
600261,阳光照明,2009-06-30,7,1720.7503,6.89,-679.0237,9.61,7
600266,北京城建,2009-06-30,9,8038.2660,10.85,-181.9730,11.09,9
600267,海正药业,2009-06-30,6,3327.6930,7.41,-2185.1940,12.27,8
600268,国电南自,2009-06-30,3,519.3400,2.75,-1064.5920,8.37,5
600269,赣粤高速,2009-06-30,8,10458.1070,8.96,-1019.9650,9.83,7
600270,外运发展,2009-06-30,4,1617.7190,1.79,-873.7230,2.75,6
600276,恒瑞医药,2009-06-30,5,5748.7000,9.26,318.0830,10.50,6
600280,中央商场,2009-06-30,7,2553.1910,17.79,1020.5940,10.68,4
600281,太化股份,2009-06-30,3,799.9920,1.56,799.9920,0.00,0
600282,南钢股份,2009-06-30,9,16023.4720,9.51,7069.5250,5.31,9
600283,钱江水利,2009-06-30,3,455.6030,1.60,20.6030,1.52,2
600287,江苏舜天,2009-06-30,2,576.5280,1.32,576.5280,0.00,0
600289,亿阳信通,2009-06-30,7,2425.7370,6.89,-1315.6170,10.63,7
600298,安琪酵母,2009-06-30,4,1164.9290,4.29,480.9850,2.52,3
600299,蓝星新材,2009-06-30,6,1794.2650,3.43,-549.9550,4.49,6
600300,维维股份,2009-06-30,1,512.1850,0.31,-1837.9090,3.09,4
600303,曙光股份,2009-06-30,4,823.0911,3.71,-1589.5777,10.87,5
600306,商业城,2009-06-30,1,354.2770,1.99,83.1370,1.52,1
600307,酒钢宏兴,2009-06-30,9,5898.7080,6.75,709.6660,5.94,9
600308,华泰股份,2009-06-30,7,5427.3480,9.89,2612.5040,5.13,6
600309,万华化学,2009-06-30,9,14579.1190,8.77,504.5590,8.46,8
600310,桂东电力,2009-06-30,2,378.0575,2.41,99.5625,1.78,1
600312,平高电气,2009-06-30,4,3806.6080,6.21,-705.7450,8.83,7
600315,上海家化,2009-06-30,8,6603.7830,20.29,2300.0720,19.83,7
600316,洪都航空,2009-06-30,8,3984.6300,11.29,1153.8150,8.02,7
600317,营口港,2009-06-30,1,174.5180,0.32,-125.4820,0.55,2
600318,巢东股份,2009-06-30,2,319.9960,1.32,319.9960,0.00,0
600322,天房发展,2009-06-30,3,5459.9300,4.94,638.8800,4.36,4
600323,南海发展,2009-06-30,3,1435.3540,5.30,-1007.2460,9.01,5
600327,大东方,2009-06-30,5,2718.7920,8.34,-572.1410,10.09,6
600329,中新药业,2009-06-30,4,1478.3740,4.00,1179.5930,0.81,1
600331,宏达股份,2009-06-30,9,14221.6230,13.78,2331.4450,11.52,9
600333,长春燃气,2009-06-30,2,219.9980,0.48,219.9980,0.00,0
600337,美克股份,2009-06-30,6,6629.7850,12.98,-272.5940,13.52,7
600339,天利高新,2009-06-30,2,599.9720,1.14,599.9720,0.00,0
600350,山东高速,2009-06-30,5,7715.2970,2.29,654.7070,2.10,5
600351,亚宝药业,2009-06-30,4,1796.4330,5.68,770.5500,6.48,4
600356,恒丰纸业,2009-06-30,1,490.6110,2.54,-89.4740,3.01,2
600359,新农开发,2009-06-30,1,100.0000,0.31,-211.7070,0.97,3
600360,华微电子,2009-06-30,3,2452.1940,4.70,-2865.8040,10.20,7
600361,华联综超,2009-06-30,3,1565.3230,3.23,-324.4320,3.90,3
600362,江西铜业,2009-06-30,6,3926.4340,1.30,868.9060,1.01,6
600366,宁波韵升,2009-06-30,3,914.8000,2.31,-263.9390,2.98,5
600367,红星发展,2009-06-30,2,1304.9430,4.48,-538.5010,6.33,6
600368,五洲交通,2009-06-30,3,2499.2120,4.50,1266.3781,2.58,3
600369,西南证券,2009-06-30,1,449.1590,0.24,449.1590,0.00,0
600372,中航电子,2009-06-30,2,901.1510,1.86,282.4920,1.51,2
600376,首开股份,2009-06-30,8,5131.1140,6.34,1833.2780,4.07,7
600378,天科股份,2009-06-30,2,1306.8470,5.32,908.3340,1.62,1
600379,宝光股份,2009-06-30,1,489.9870,2.29,9.4091,2.69,4
600380,健康元,2009-06-30,3,2829.5630,2.58,-4044.6980,6.26,8
600382,广东明珠,2009-06-30,1,122.4700,0.36,122.4700,0.00,0
600383,金地集团,2009-06-30,6,26298.5900,12.05,4695.7000,12.87,6
600386,北巴传媒,2009-06-30,8,6326.4820,15.69,402.4730,14.69,8
600388,龙净环保,2009-06-30,4,913.4930,4.39,-363.1570,7.64,7
600391,成发科技,2009-06-30,6,1215.7990,9.26,-620.1478,13.98,7
600395,盘江股份,2009-06-30,7,5315.6780,4.82,-1239.0930,11.03,7
600396,金山股份,2009-06-30,3,913.1900,2.68,-3973.3730,14.35,7
600399,抚顺特钢,2009-06-30,3,2416.1900,4.65,249.2760,4.17,3
600415,小商品城,2009-06-30,6,6595.9040,9.70,2865.9530,10.96,6
600416,湘电股份,2009-06-30,6,1641.7060,6.99,505.1320,4.84,4
600418,江淮汽车,2009-06-30,8,7617.6840,5.91,1082.2050,5.07,6
600426,华鲁恒升,2009-06-30,8,6775.9450,13.67,20.9040,13.63,8
600428,中远航运,2009-06-30,7,8473.5730,6.47,-1748.3900,7.80,6
600456,宝钛股份,2009-06-30,8,2686.9220,6.24,-476.1800,7.35,9
600466,迪康药业,2009-06-30,3,965.1810,5.50,965.1810,0.00,0
600468,百利电气,2009-06-30,1,220.0000,0.69,-39.5128,0.82,2
600486,扬农化工,2009-06-30,8,1932.5840,16.52,1.2780,16.51,7
600488,天药股份,2009-06-30,5,2988.3030,5.50,-734.4590,6.86,7
600496,精工钢构,2009-06-30,7,4221.3890,12.24,-791.4150,14.53,8
600498,烽火通信,2009-06-30,5,1861.9930,4.54,-109.0590,4.81,5
600499,科达机电,2009-06-30,5,4386.9300,9.82,1435.2330,8.59,5
600500,中化国际,2009-06-30,5,5100.9500,3.55,2169.1690,2.04,4
600501,航天晨光,2009-06-30,2,1276.0130,3.93,1276.0130,0.00,0
600503,华丽家族,2009-06-30,3,696.7110,1.32,696.7110,0.00,0
600505,西昌电力,2009-06-30,2,802.3270,2.20,629.3330,0.47,1
600508,上海能源,2009-06-30,5,1163.3680,1.61,95.1816,1.48,5
600509,天富热电,2009-06-30,3,1091.4520,1.67,-1403.4520,3.80,6
600510,黑牡丹,2009-06-30,3,1548.7360,1.95,1548.7360,0.00,0
600511,国药股份,2009-06-30,9,6975.0080,14.57,3143.6890,16.00,9
600516,方大炭素,2009-06-30,7,2554.8330,4.00,-1376.6960,6.15,8
600518,康美药业,2009-06-30,5,17402.2500,10.27,13175.3200,5.53,4
600519,贵州茅台,2009-06-30,6,4956.6240,5.25,256.8110,4.98,6
600522,中天科技,2009-06-30,3,788.3050,2.46,-1079.8550,5.82,7
600523,贵航股份,2009-06-30,5,1073.7190,3.72,-985.6970,7.13,6
600525,长园集团,2009-06-30,5,1387.1120,8.33,-899.1540,13.72,7
600528,中铁二局,2009-06-30,6,6195.9780,4.25,1434.4710,3.26,4
600529,山东药玻,2009-06-30,6,3804.4050,14.78,324.2870,13.52,6
600531,豫光金铅,2009-06-30,1,116.0550,0.51,0.0000,0.51,1
600533,栖霞建设,2009-06-30,7,12908.5500,12.29,4463.3870,8.04,5
600535,天士力,2009-06-30,7,5588.0780,11.45,226.8230,10.99,8
600536,中国软件,2009-06-30,1,100.0000,0.44,-12.0090,0.69,1
600548,深高速,2009-06-30,1,600.1270,0.28,-1213.3700,0.83,2
600549,厦门钨业,2009-06-30,2,1812.0960,2.66,852.1130,1.41,2
600550,天威保变,2009-06-30,6,3652.8770,3.13,-2059.8220,4.89,7
600551,时代出版,2009-06-30,5,1049.5520,2.69,-4.7120,5.40,6
600552,方兴科技,2009-06-30,2,625.5470,5.35,-83.2069,6.06,3
600557,康缘药业,2009-06-30,5,3873.1460,12.11,-390.8260,16.00,7
600559,老白干酒,2009-06-30,4,1613.9330,11.53,195.5730,10.13,5
600563,法拉电子,2009-06-30,5,2046.6630,9.10,-1028.4020,13.67,6
600569,安阳钢铁,2009-06-30,9,16599.3350,6.93,2743.2710,5.79,8
600571,信雅达,2009-06-30,1,346.9740,1.78,-239.1130,3.01,2
600580,卧龙电气,2009-06-30,3,1623.9000,5.73,-596.1300,7.84,4
600581,八一钢铁,2009-06-30,7,9889.8220,12.90,3137.0980,8.81,7
600582,天地科技,2009-06-30,7,6460.3530,9.58,-304.9920,10.03,7
600583,海油工程,2009-06-30,7,20333.5000,6.27,4213.7200,7.46,8
600585,海螺水泥,2009-06-30,5,5118.0300,2.90,-730.3770,3.31,6
600586,金晶科技,2009-06-30,8,7937.0110,13.45,-175.0430,13.75,9
600588,用友软件,2009-06-30,4,5416.6900,8.93,-1297.7390,14.39,9
600590,泰豪科技,2009-06-30,5,2418.3860,8.21,1410.3950,3.42,5
600592,龙溪股份,2009-06-30,2,311.9310,1.04,-854.8270,3.89,3
600595,中孚实业,2009-06-30,1,199.0050,0.30,-122.9710,0.49,2
600596,新安股份,2009-06-30,8,5104.4770,17.80,-127.4590,18.24,9
600597,光明乳业,2009-06-30,2,473.4420,0.46,-2268.5830,2.63,7
600598,北大荒,2009-06-30,6,2684.9100,1.57,-2591.5040,3.08,8
600600,青岛啤酒,2009-06-30,4,4331.5760,3.31,-637.0800,3.80,5
600601,方正科技,2009-06-30,4,1927.4150,1.12,37.9540,1.09,3
600606,金丰投资,2009-06-30,6,2100.9260,5.38,-190.4030,5.87,5
600611,大众交通,2009-06-30,4,2150.8040,1.37,1748.3480,0.26,1
600612,老凤祥,2009-06-30,5,989.9400,3.57,-397.5190,5.01,6
600615,丰华股份,2009-06-30,1,340.9120,1.81,277.9178,0.34,1
600616,金枫酒业,2009-06-30,5,5143.3690,14.07,1205.4360,10.77,6
600621,华鑫股份,2009-06-30,2,731.1470,1.40,437.8130,0.56,1
600622,嘉宝集团,2009-06-30,4,5366.2100,10.43,5366.2100,0.00,0
600624,复旦复华,2009-06-30,1,45.8210,0.13,0.0000,0.13,1
600626,申达股份,2009-06-30,3,1794.2820,3.79,1562.1740,0.49,1
600628,新世界,2009-06-30,6,5067.3100,9.53,-318.1690,10.13,6
600629,棱光实业,2009-06-30,3,2186.2850,8.13,-281.8760,9.18,4
600635,大众公用,2009-06-30,6,6365.5290,4.26,4443.5910,1.29,4
600636,三爱富,2009-06-30,1,272.1620,0.78,-1809.5190,6.00,6
600638,新黄浦,2009-06-30,2,471.8570,0.84,-473.4120,1.68,3
600639,浦东金桥,2009-06-30,4,1893.1860,2.24,-1718.7100,4.28,5
600640,号百控股,2009-06-30,2,1991.5090,4.96,155.2600,4.57,2
600641,万业企业,2009-06-30,6,2301.1350,2.85,-1767.4620,9.08,8
600642,申能股份,2009-06-30,5,6924.0500,2.40,744.8000,2.14,4
600643,爱建股份,2009-06-30,2,1196.7990,1.46,774.3980,0.51,1
600644,乐山电力,2009-06-30,6,1671.8690,5.12,-1631.6200,10.12,6
600648,外高桥,2009-06-30,1,96.0000,0.10,96.0000,0.00,0
600649,城投控股,2009-06-30,8,15545.5600,6.76,5303.0150,4.46,7
600650,锦江投资,2009-06-30,2,1014.0670,1.84,618.7690,0.72,1
600651,飞乐音响,2009-06-30,2,824.9970,1.34,824.9970,0.00,0
600653,申华控股,2009-06-30,5,1758.1950,1.21,433.5710,0.91,3
600655,豫园商城,2009-06-30,2,3680.7300,4.61,-311.8600,5.50,3
600657,信达地产,2009-06-30,7,7260.3300,4.76,6840.3300,0.28,1
600658,电子城,2009-06-30,4,794.9487,4.76,677.4407,0.70,1
600660,福耀玻璃,2009-06-30,8,17763.5900,8.87,-1457.7600,9.60,8
600662,强生控股,2009-06-30,5,1049.5040,1.29,49.5040,1.23,1
600664,哈药股份,2009-06-30,3,8598.7200,6.92,3303.7600,4.26,2
600665,天地源,2009-06-30,3,1028.7130,1.43,-1460.5270,3.46,5
600673,东阳光铝,2009-06-30,2,1390.6700,1.68,1207.1490,0.22,1
600674,川投能源,2009-06-30,5,2905.0060,4.55,-2110.5740,7.85,6
600675,中华企业,2009-06-30,7,7923.2650,7.28,-1988.1690,9.11,8
600682,南京新百,2009-06-30,1,199.9990,0.56,199.9990,0.00,0
600683,京投银泰,2009-06-30,3,825.7300,1.67,225.7300,2.13,2
600684,珠江实业,2009-06-30,4,937.5470,5.01,-1017.0880,10.45,7
600685,广船国际,2009-06-30,6,983.0224,1.99,395.9376,1.19,4
600686,金龙汽车,2009-06-30,4,2863.6360,6.47,-324.9320,7.20,4
600687,刚泰控股,2009-06-30,1,179.1800,1.41,179.1800,0.00,0
600688,上海石化,2009-06-30,8,16061.9420,2.23,-138.3600,2.25,6
600690,青岛海尔,2009-06-30,6,9388.3800,7.02,-1698.2910,8.28,7
600692,亚通股份,2009-06-30,2,1279.3700,3.64,-1355.7300,8.24,2
600693,东百集团,2009-06-30,6,5756.9750,16.77,2626.7390,11.86,5
600694,大商股份,2009-06-30,8,4950.7220,16.86,-168.6580,17.43,7
600697,欧亚集团,2009-06-30,9,4483.9240,28.19,428.9000,25.49,9
600699,均胜电子,2009-06-30,2,397.4210,2.14,397.4210,0.00,0
600702,沱牌舍得,2009-06-30,4,1945.4160,5.77,-1536.8390,10.32,7
600703,三安光电,2009-06-30,8,2507.8040,10.19,989.3622,6.17,8
600704,物产中大,2009-06-30,2,1695.8750,4.53,-822.1980,6.72,7
600707,*ST彩虹,2009-06-30,2,1850.1330,4.39,1850.1330,0.00,0
600710,常林股份,2009-06-30,3,849.9851,1.75,849.9851,0.00,0
600713,南京医药,2009-06-30,7,2543.3490,8.45,460.9380,8.30,6
600716,凤凰股份,2009-06-30,2,330.0000,0.59,330.0000,0.00,0
600717,天津港,2009-06-30,4,13184.8100,7.87,-2819.2300,9.56,5
600718,东软集团,2009-06-30,9,7059.8140,7.48,-1075.2440,8.61,8
600720,祁连山,2009-06-30,6,4474.4330,9.42,-2625.3000,17.93,9
600723,首商股份,2009-06-30,6,1593.1430,3.89,1593.1430,0.00,0
600724,宁波富达,2009-06-30,3,1214.7270,0.84,1214.7270,0.00,0
600725,云维股份,2009-06-30,1,211.4680,0.73,-1239.0394,5.00,6
600729,重庆百货,2009-06-30,8,3324.5820,16.30,411.3430,14.28,7
600732,上海新梅,2009-06-30,1,128.9850,0.52,-46.9900,0.71,1
600736,苏州高新,2009-06-30,8,8450.6130,9.59,1176.5550,8.25,8
600737,中粮屯河,2009-06-30,6,6199.1280,6.17,-5201.9250,11.34,8
600738,兰州民百,2009-06-30,1,199.9970,0.76,-991.4730,4.53,4
600739,辽宁成大,2009-06-30,6,11556.5800,12.82,-2471.2400,15.58,8
600740,山西焦化,2009-06-30,2,1279.3000,2.26,1279.3000,0.00,0
600741,华域汽车,2009-06-30,8,11411.4000,4.42,4735.8100,2.58,5
600742,一汽富维,2009-06-30,7,4281.8390,20.24,2214.1341,9.78,5
600748,上实发展,2009-06-30,10,13690.9690,12.64,5045.0260,7.98,7
600750,江中药业,2009-06-30,8,4222.2300,14.27,-439.2150,15.75,8
600893,航空动力,2009-06-30,6,1708.9732,3.86,206.6031,3.40,8
600894,广日股份,2009-06-30,7,3426.5350,4.50,2311.0000,1.46,5
600895,张江高科,2009-06-30,8,16510.4500,10.66,-743.1470,11.14,9
600896,中海海盛,2009-06-30,3,1708.0210,2.94,1478.0210,0.40,1
600897,厦门空港,2009-06-30,7,2323.9920,7.80,-713.0830,10.20,9
600295,鄂尔多斯,2009-06-30,3,1562.7980,1.51,-137.1940,1.65,2
600320,振华重工,2009-06-30,2,6714.9500,1.53,-102.1200,2.02,3
600555,*ST九龙,2009-06-30,3,1691.2170,1.95,1271.2170,0.48,1
000001,平安银行,2009-06-30,4,14604.2100,4.70,-9163.6700,7.65,6
000002,万科A,2009-06-30,6,52856.1400,4.81,-3507.1300,5.13,6
000006,深振业A,2009-06-30,8,7695.9210,15.17,3652.4380,7.97,7
000009,中国宝安,2009-06-30,8,14570.7400,14.03,1746.8070,12.34,9
000012,南玻A,2009-06-30,3,1961.8780,1.60,-6546.5440,6.88,6
000014,沙河股份,2009-06-30,6,2706.3960,13.42,1254.2770,7.20,4
000016,深康佳A,2009-06-30,2,2066.1280,1.72,-8167.2120,8.50,5
000021,长城开发,2009-06-30,5,5688.9400,6.47,5069.6450,0.70,4
000022,深赤湾A,2009-06-30,1,472.3490,0.73,472.3490,0.00,0
000024,招商地产,2009-06-30,9,11786.2700,6.87,-1217.1300,7.57,10
000026,飞亚达A,2009-06-30,2,696.4340,2.79,-109.9590,3.23,3
000027,深圳能源,2009-06-30,7,4901.7980,2.23,-4613.7570,4.32,9
000028,国药一致,2009-06-30,9,4923.3300,17.09,-44.9480,17.24,9
000031,中粮地产,2009-06-30,9,10128.9630,5.59,-4328.2070,7.97,9
000039,中集集团,2009-06-30,1,1479.9600,0.56,-320.0400,0.68,1
000042,深长城,2009-06-30,5,2036.8410,8.51,825.9570,5.06,5
000043,中航地产,2009-06-30,7,2179.9590,9.80,313.4780,8.40,6
000046,泛海建设,2009-06-30,9,11921.0330,5.27,994.2350,4.83,9
000059,辽通化工,2009-06-30,6,6373.8450,5.31,656.3350,4.76,4
000060,中金岭南,2009-06-30,8,11626.3020,11.36,4335.7630,7.12,7
000061,农产品,2009-06-30,5,8015.2920,10.43,2997.3460,11.10,6
000063,中兴通讯,2009-06-30,4,7023.5000,4.02,-539.8800,5.63,5
000068,华控赛格,2009-06-30,1,868.0000,0.97,-1707.1500,2.87,1
000069,华侨城A,2009-06-30,10,23924.8600,9.13,67.9100,9.10,10
000088,盐田港,2009-06-30,6,5528.3100,4.44,-869.8620,5.14,8
000089,深圳机场,2009-06-30,8,14587.4960,8.63,3691.7450,6.45,7
000090,深天健,2009-06-30,2,1127.9710,2.47,198.1020,3.05,3
000099,中信海直,2009-06-30,1,200.0000,0.39,-776.7460,1.90,4
000155,川化股份,2009-06-30,1,50.0000,0.11,-394.9930,0.95,2
000157,中联重科,2009-06-30,6,10798.1400,7.10,-4329.6300,9.95,9
000159,国际实业,2009-06-30,3,687.4767,2.86,-414.7023,4.58,6
000301,东方市场,2009-06-30,6,3260.8310,2.68,1268.6020,1.64,4
000400,许继电气,2009-06-30,10,6516.8050,17.23,796.7330,15.12,9
000401,冀东水泥,2009-06-30,8,8042.1200,6.63,-1325.5910,7.72,8
000402,金融街,2009-06-30,7,26672.4600,10.75,-1580.4800,11.39,7
000407,胜利股份,2009-06-30,6,5777.8130,11.57,4105.4260,4.69,4
000410,沈阳机床,2009-06-30,2,1450.7320,2.66,-1787.5590,5.94,7
000415,渤海租赁,2009-06-30,1,419.5310,1.40,419.5310,0.00,0
000417,合肥百货,2009-06-30,6,6049.4480,12.61,1059.7290,13.52,7
000418,小天鹅A,2009-06-30,3,2848.9710,5.20,-287.8380,5.73,4
000421,南京中北,2009-06-30,1,500.3410,1.42,500.3410,0.00,0
000422,湖北宜化,2009-06-30,6,5714.6250,10.54,-2103.2160,14.42,8
000423,东阿阿胶,2009-06-30,7,5109.2630,9.75,-995.8530,11.66,7
000425,徐工机械,2009-06-30,9,7619.2440,13.98,448.2570,13.16,8
000429,粤高速A,2009-06-30,1,688.5340,0.55,-22.6290,0.57,1
600754,锦江股份,2009-06-30,3,921.3500,1.53,14.9470,1.50,4
600755,厦门国贸,2009-06-30,2,704.4807,1.42,-581.4843,2.59,4
600760,*ST黑豹,2009-06-30,1,159.9950,0.59,159.9950,0.00,0
600761,安徽合力,2009-06-30,8,3358.4270,9.41,111.6050,9.10,6
600765,中航重机,2009-06-30,2,423.9500,0.82,-909.7350,2.57,6
600770,综艺股份,2009-06-30,5,1904.5770,4.70,-290.9410,5.42,6
600775,南京熊猫,2009-06-30,2,451.5120,0.69,451.5120,0.00,0
600777,新潮实业,2009-06-30,1,1199.9800,1.92,1199.9800,0.00,0
600779,水井坊,2009-06-30,9,4434.3590,9.08,1534.2630,5.94,5
600780,通宝能源,2009-06-30,2,455.5480,0.52,-1992.0120,2.80,5
600782,新钢股份,2009-06-30,3,4874.7880,3.50,3936.8280,0.67,2
600785,新华百货,2009-06-30,7,2768.5090,16.02,284.6480,14.37,6
600787,中储股份,2009-06-30,5,2353.3450,3.19,-387.8200,3.72,6
600790,轻纺城,2009-06-30,3,2426.9610,3.92,845.9340,2.56,2
600791,京能置业,2009-06-30,4,2014.0410,4.45,2014.0410,0.00,0
600795,国电电力,2009-06-30,6,26711.8000,4.90,6056.9600,3.79,6
600797,浙大网新,2009-06-30,1,603.0210,0.74,-500.0000,1.36,2
600801,华新水泥,2009-06-30,3,1096.4640,2.72,79.4430,2.52,3
600803,威远生化,2009-06-30,2,381.4190,1.61,-124.0710,2.14,3
600804,鹏博士,2009-06-30,4,5989.6560,5.18,640.4700,8.33,6
600805,悦达投资,2009-06-30,1,386.2570,0.71,-131.5950,0.95,1
600806,昆明机床,2009-06-30,5,3108.8530,7.32,-1979.5080,11.98,8
600808,马钢股份,2009-06-30,9,36926.2500,4.80,12519.3700,3.17,9
600809,山西汾酒,2009-06-30,8,2667.6200,6.16,-1208.4250,8.95,7
600811,东方集团,2009-06-30,2,865.8080,0.68,-109.3680,0.76,2
600812,华北制药,2009-06-30,7,7957.2210,7.74,-6712.5200,14.26,9
600814,杭州解百,2009-06-30,5,2322.2800,7.48,540.1470,5.74,4
600816,安信信托,2009-06-30,5,2109.3690,4.65,-2414.8340,9.96,9
600820,隧道股份,2009-06-30,5,4066.3160,5.54,-354.2800,6.03,5
600824,益民集团,2009-06-30,3,4039.1290,5.52,-1821.9650,9.61,4
600825,新华传媒,2009-06-30,6,4606.8950,7.94,-1396.8510,10.34,7
600826,兰生股份,2009-06-30,3,1351.3550,4.82,-228.6480,5.63,5
600827,友谊股份,2009-06-30,2,1312.3280,3.06,-300.3220,3.76,4
600828,成商集团,2009-06-30,8,3856.5590,18.99,244.4840,17.78,8
600829,三精制药,2009-06-30,4,952.4450,2.46,-1536.2160,6.44,8
600830,香溢融通,2009-06-30,1,1056.4100,2.33,1056.4100,0.00,0
600831,广电网络,2009-06-30,8,6783.0940,15.65,1335.1490,16.34,7
600832,东方明珠,2009-06-30,3,13356.7730,4.19,7003.1330,1.99,3
600834,申通地铁,2009-06-30,2,1453.4680,3.05,-350.1420,3.78,2
600835,上海机电,2009-06-30,4,6994.0960,6.84,-2756.1270,9.53,7
600837,海通证券,2009-06-30,1,4180.1000,0.51,4180.1000,0.00,0
600838,上海九百,2009-06-30,1,100.0000,0.25,-347.9380,1.12,2
600839,四川长虹,2009-06-30,2,1395.2370,0.74,-2856.7020,2.24,5
600844,丹化科技,2009-06-30,1,223.9260,0.58,92.8800,0.43,1
600848,自仪股份,2009-06-30,2,630.8120,1.58,550.4220,0.20,1
601607,上海医药,2009-06-30,6,3323.6190,5.84,-3986.4080,12.84,7
600855,航天长峰,2009-06-30,1,285.0000,0.97,-440.6910,2.48,1
600856,长百集团,2009-06-30,3,841.7510,3.59,29.9920,3.46,3
600858,银座股份,2009-06-30,9,4631.8470,19.70,-1071.1100,24.26,9
600859,王府井,2009-06-30,9,5097.6200,12.97,153.2110,12.58,9
600861,北京城乡,2009-06-30,3,3062.2670,9.67,-35.4200,9.78,3
600862,南通科技,2009-06-30,1,79.9934,0.34,79.9934,0.00,0
600863,内蒙华电,2009-06-30,4,1317.8590,0.67,-3226.2130,2.29,7
600865,百大集团,2009-06-30,2,1445.0620,3.84,1445.0620,0.00,0
600867,通化东宝,2009-06-30,6,3517.6800,7.34,-2.9460,9.55,8
600869,远东电缆,2009-06-30,4,1079.6580,9.00,412.8440,5.56,3
600871,仪征化纤,2009-06-30,1,401.9850,0.10,0.0000,0.10,1
600872,中炬高新,2009-06-30,4,3712.7010,5.13,-97.9830,5.26,4
600874,创业环保,2009-06-30,1,197.5170,0.14,-540.4320,0.52,2
600875,东方电气,2009-06-30,7,4828.6170,5.48,-3195.7510,9.10,7
600879,航天电子,2009-06-30,4,2656.0280,4.91,-3632.2170,11.63,7
600880,博瑞传播,2009-06-30,9,7692.1850,20.50,1172.2210,17.37,7
600881,亚泰集团,2009-06-30,3,3479.8700,1.84,-1525.0800,3.96,3
600884,杉杉股份,2009-06-30,5,1644.1650,4.00,468.0920,2.86,5
600886,国投电力,2009-06-30,4,4802.9470,4.55,-104.0890,4.65,4
600887,伊利股份,2009-06-30,7,10671.9500,13.35,1663.0690,11.27,7
600888,新疆众和,2009-06-30,3,3017.4820,8.57,-69.7700,8.77,4
000488,晨鸣纸业,2009-06-30,5,10269.6100,4.98,-1593.8800,5.75,6
000501,鄂武商A,2009-06-30,2,1918.9830,3.78,-1742.5240,7.22,4
000503,海虹控股,2009-06-30,3,1109.0840,1.48,146.4710,1.29,3
000511,银基发展,2009-06-30,2,1599.2950,1.39,-258.1400,1.61,3
000513,丽珠集团,2009-06-30,4,1866.0480,6.10,-258.7390,6.94,4
000514,渝开发,2009-06-30,8,2840.2910,4.48,1736.9760,1.74,4
000516,开元投资,2009-06-30,1,900.0000,3.04,440.0000,3.10,1
000525,红太阳,2009-06-30,4,2210.9870,7.89,-287.1630,8.91,4
000528,柳工,2009-06-30,8,6901.8990,10.62,3577.3620,7.01,5
000530,大冷股份,2009-06-30,5,1733.5100,4.95,1733.5100,0.00,0
000532,力合股份,2009-06-30,2,477.0380,1.38,-77.3130,1.61,3
000533,万家乐,2009-06-30,1,302.3200,0.53,302.3200,0.00,0
000536,华映科技,2009-06-30,1,585.2200,4.05,585.2200,0.00,0
000537,广宇发展,2009-06-30,6,5125.5060,10.00,2219.3620,5.67,4
000538,云南白药,2009-06-30,7,4788.0770,8.97,263.2420,8.47,8
000539,粤电力A,2009-06-30,3,6980.9000,2.63,243.5300,2.53,3
000540,中天城投,2009-06-30,8,6017.6700,10.54,3551.9170,4.32,5
000541,佛山照明,2009-06-30,1,628.7260,0.64,198.3840,0.62,1
000543,皖能电力,2009-06-30,1,187.2350,0.24,-405.5090,0.77,2
000550,江铃汽车,2009-06-30,5,3727.1710,4.32,-921.9680,5.39,5
000552,靖远煤电,2009-06-30,2,440.2610,2.48,246.3282,1.09,3
000553,沙隆达A,2009-06-30,1,246.1910,0.42,-2127.2980,4.00,6
000558,莱茵置业,2009-06-30,2,1095.4910,2.96,1095.4910,0.00,0
000559,万向钱潮,2009-06-30,5,5947.2030,5.80,-987.2370,6.76,4
000560,昆百大A,2009-06-30,5,1414.5605,10.53,-1266.5805,19.95,8
000562,宏源证券,2009-06-30,4,2186.0440,1.50,-70.4510,1.54,5
000563,陕国投A,2009-06-30,2,183.7740,0.51,-2064.8260,6.27,5
000564,西安民生,2009-06-30,1,699.9940,2.59,699.9940,0.00,0
000566,海南海药,2009-06-30,6,2514.4450,11.90,433.4490,9.92,4
000568,泸州老窖,2009-06-30,9,12228.2790,8.77,1275.5160,7.86,8
000570,苏常柴A,2009-06-30,1,129.9930,0.35,-69.9980,0.53,1
000572,海马汽车,2009-06-30,4,4707.9200,4.50,2034.1320,3.02,8
000581,威孚高科,2009-06-30,5,2547.7880,4.49,-594.5010,5.54,5
000582,北海港,2009-06-30,1,503.6910,3.54,-269.9990,5.44,3
000589,黔轮胎A,2009-06-30,5,995.9590,3.92,875.9590,0.47,1
000596,古井贡酒,2009-06-30,1,261.9290,1.12,261.9290,0.00,0
000597,东北制药,2009-06-30,8,2005.3210,6.01,-2331.5180,12.99,8
000598,兴蓉投资,2009-06-30,7,1982.8710,6.56,1435.9650,1.81,2
000599,青岛双星,2009-06-30,4,2327.3570,4.43,2042.3620,0.54,1
000600,建投能源,2009-06-30,2,300.0000,0.33,-707.9840,1.10,3
000601,韶能股份,2009-06-30,1,299.9920,0.32,299.9920,0.00,0
000608,阳光股份,2009-06-30,5,3604.3310,6.73,1581.8737,3.78,4
000612,焦作万方,2009-06-30,6,2036.2720,4.24,887.5270,2.39,5
000616,亿城股份,2009-06-30,7,14094.7200,15.61,4955.0000,15.18,7
000617,*ST济柴,2009-06-30,5,1461.9260,6.10,670.0990,3.30,2
000619,海螺型材,2009-06-30,4,1723.8360,4.79,-1833.2220,9.88,6
000623,吉林敖东,2009-06-30,7,6309.3060,11.00,-731.1930,12.28,7
000625,长安汽车,2009-06-30,2,1511.5620,0.65,-1424.2270,1.26,3
000627,天茂集团,2009-06-30,1,250.5100,0.37,-372.1300,0.92,2
000630,铜陵有色,2009-06-30,9,7114.5300,5.50,3264.3600,2.97,8
000635,英力特,2009-06-30,5,1576.5550,11.47,-347.2000,13.99,6
000636,风华高科,2009-06-30,1,655.5780,0.98,655.5780,0.00,0
000650,仁和药业,2009-06-30,5,1005.3210,4.57,-816.3626,8.28,9
000651,格力电器,2009-06-30,3,10463.4000,5.57,1749.3100,6.96,4
000652,泰达股份,2009-06-30,3,2266.5240,1.54,131.1400,1.45,3
000655,金岭矿业,2009-06-30,7,1952.9420,5.25,-39.8940,6.20,8
000656,金科股份,2009-06-30,1,304.4050,1.22,304.4050,0.00,0
000659,珠海中富,2009-06-30,2,540.4020,0.79,-2367.9140,4.23,3
000661,长春高新,2009-06-30,1,179.2980,1.37,0.0000,1.37,1
000663,永安林业,2009-06-30,2,532.4930,2.63,362.4930,0.84,1
000666,经纬纺机,2009-06-30,1,1000.0000,1.66,-400.0000,2.32,3
000667,名流置业,2009-06-30,5,14272.6900,10.60,179.8500,10.46,5
000671,阳光城,2009-06-30,8,1505.4100,8.99,1505.4100,0.00,0
000677,恒天海龙,2009-06-30,2,1484.7210,1.72,-1591.7930,3.56,3
000679,大连友谊,2009-06-30,6,2122.4550,8.93,1386.9530,3.10,5
000680,山推股份,2009-06-30,8,8526.7570,11.23,-1458.3540,13.15,9
000683,远兴能源,2009-06-30,3,1442.9770,2.82,-916.8920,4.61,4
000685,中山公用,2009-06-30,4,3851.6101,6.43,701.1852,5.26,5
000686,东北证券,2009-06-30,7,2301.1410,3.60,-77.4800,4.09,6
000690,宝新能源,2009-06-30,6,3749.2240,3.26,-5208.3260,7.95,6
001696,宗申动力,2009-06-30,6,8500.7100,14.15,2355.6870,13.30,7
000698,沈阳化工,2009-06-30,7,7123.6300,10.78,2441.7320,9.21,9
000701,厦门信达,2009-06-30,3,799.7586,3.33,799.7586,0.00,0
000707,双环科技,2009-06-30,5,1698.5390,3.66,616.4550,2.33,5
000708,大冶特钢,2009-06-30,6,4429.5430,9.86,2741.5870,3.76,4
000709,河北钢铁,2009-06-30,7,22585.2300,6.23,12098.0200,2.89,6
000712,锦龙股份,2009-06-30,7,2806.0540,9.21,2645.8360,0.53,1
000715,中兴商业,2009-06-30,4,780.4160,2.80,780.4160,0.00,0
000717,*ST韶钢,2009-06-30,8,12120.9000,7.26,1433.1700,6.40,6
000718,苏宁环球,2009-06-30,9,14120.1500,8.29,5055.8670,6.39,9
000721,西安饮食,2009-06-30,1,199.9940,1.00,-159.9790,1.80,2
000723,美锦能源,2009-06-30,1,99.9975,0.72,99.9975,0.00,0
000725,京东方A,2009-06-30,1,868.0670,0.11,868.0670,0.00,0
000726,鲁泰A,2009-06-30,5,4508.2280,4.53,-219.0530,4.75,5
000728,国元证券,2009-06-30,6,1104.2390,0.75,275.0309,0.57,6
000729,燕京啤酒,2009-06-30,8,13920.9000,11.50,2437.1800,9.49,8
000731,四川美丰,2009-06-30,2,635.5600,1.27,-3620.0810,8.51,4
000748,长城信息,2009-06-30,2,870.2310,2.32,870.2310,0.00,0
000755,山西三维,2009-06-30,5,1936.3090,4.13,-1288.3210,6.87,7
000758,中色股份,2009-06-30,8,7604.6990,11.90,2670.3560,8.50,9
000759,中百集团,2009-06-30,7,8387.4120,14.96,-3329.9280,20.90,9
000761,本钢板材,2009-06-30,1,1897.2100,0.61,729.5500,0.37,1
000762,西藏矿业,2009-06-30,5,2463.2010,8.94,515.4940,7.06,4
000767,漳泽电力,2009-06-30,2,732.3040,0.55,-1460.7900,1.66,3
000768,中航飞机,2009-06-30,4,2992.2160,1.21,2304.0910,0.61,2
000776,广发证券,2009-06-30,1,245.7200,1.34,0.0000,1.34,1
000778,新兴铸管,2009-06-30,9,13482.2970,11.48,3352.5010,8.62,9
000780,平庄能源,2009-06-30,1,286.8000,0.28,0.0000,0.28,1
000783,长江证券,2009-06-30,1,1926.8900,1.15,1926.8900,0.00,0
000785,武汉中商,2009-06-30,3,542.9200,2.16,-390.3150,3.71,4
000786,北新建材,2009-06-30,7,6575.4110,11.43,4539.0380,3.54,4
000788,北大医药,2009-06-30,1,104.5600,0.40,104.5600,0.00,0
000789,江西水泥,2009-06-30,1,53.9000,0.14,53.9000,0.00,0
000792,盐湖股份,2009-06-30,7,6611.2090,8.61,-2882.9700,12.37,8
000793,华闻传媒,2009-06-30,3,1781.4340,1.31,401.7610,1.01,2
000799,酒鬼酒,2009-06-30,2,451.1880,1.49,451.1880,0.00,0
000800,一汽轿车,2009-06-30,8,16391.4500,10.07,-2981.3800,11.90,9
000807,云铝股份,2009-06-30,9,5480.8020,5.20,-131.4970,5.33,8
000811,烟台冰轮,2009-06-30,3,969.0870,5.53,-164.1080,6.46,4
000815,*ST美利,2009-06-30,3,1178.9770,7.44,-160.9420,8.46,3
000816,江淮动力,2009-06-30,6,7339.3700,8.68,-2802.4150,11.99,8
000822,山东海化,2009-06-30,8,4443.8340,4.97,942.7350,3.91,8
000823,超声电子,2009-06-30,1,361.6120,0.82,-2751.6390,7.07,5
000825,太钢不锈,2009-06-30,9,30070.9400,5.28,7663.6500,3.93,8
000826,桑德环境,2009-06-30,9,6161.9550,14.91,-173.4120,15.33,9
000829,天音控股,2009-06-30,3,2178.7300,2.30,851.6960,1.40,3
000831,五矿稀土,2009-06-30,3,1039.9390,1.59,152.7010,1.36,3
000833,贵糖股份,2009-06-30,4,1501.1980,5.07,1361.1980,0.47,1
000837,秦川发展,2009-06-30,8,3771.7070,10.82,-1365.7360,14.73,9
000839,中信国安,2009-06-30,5,5193.3870,3.33,-3454.5360,5.54,9
000848,承德露露,2009-06-30,8,2977.5940,15.66,-479.3020,18.19,8
000850,华茂股份,2009-06-30,2,276.6600,0.44,-1508.0000,2.84,4
000858,五粮液,2009-06-30,7,10983.2600,2.89,60.9100,2.88,7
000859,国风塑业,2009-06-30,3,971.6600,2.31,971.6600,0.00,0
000860,顺鑫农业,2009-06-30,3,1682.3480,3.84,-1202.4050,6.58,6
000862,银星能源,2009-06-30,3,1248.0170,5.29,622.0660,2.65,1
000869,张裕A,2009-06-30,2,1053.1300,2.00,-305.1300,2.58,2
000876,新希望,2009-06-30,4,3451.8660,4.56,-480.9560,5.20,5
000877,天山股份,2009-06-30,7,5225.2690,16.75,-2068.7740,23.38,9
000878,云南铜业,2009-06-30,9,8487.8990,6.76,3852.2920,3.69,8
000882,华联股份,2009-06-30,1,800.0000,1.62,-3.4900,3.22,1
000885,同力水泥,2009-06-30,1,741.3260,4.63,671.4611,0.44,1
000886,海南高速,2009-06-30,1,735.7050,0.74,-3607.8700,4.39,5
000887,中鼎股份,2009-06-30,7,2609.0370,6.13,333.7060,6.42,7
000888,峨眉山A,2009-06-30,6,2984.0380,12.69,-1015.7560,17.01,8
000893,东凌粮油,2009-06-30,4,540.4630,2.43,-375.3600,4.13,4
000895,双汇发展,2009-06-30,8,8574.6860,14.15,421.0890,13.45,8
000897,津滨发展,2009-06-30,5,6428.7370,3.98,-4699.1330,6.88,6
000898,*ST鞍钢,2009-06-30,6,19158.4500,2.65,1141.4600,2.49,8
000899,赣能股份,2009-06-30,1,299.9830,0.55,-2133.0630,4.44,4
000900,现代投资,2009-06-30,7,2568.2470,6.44,756.5820,4.54,7
000901,航天科技,2009-06-30,1,141.6670,0.64,-681.9230,3.71,2
000903,云内动力,2009-06-30,2,884.6100,2.34,-1897.1750,7.36,6
000910,大亚科技,2009-06-30,8,5036.9620,9.55,1732.5750,6.26,4
000911,南宁糖业,2009-06-30,9,4707.9090,16.42,1304.1170,11.87,8
000912,泸天化,2009-06-30,8,2403.5950,4.11,-152.9610,4.37,7
000917,电广传媒,2009-06-30,7,5959.8760,14.67,-1952.6490,19.47,9
000918,嘉凯城,2009-06-30,2,585.4760,2.15,585.4760,0.00,0
000919,金陵药业,2009-06-30,4,1412.3960,2.80,-1358.7050,5.50,5
000926,福星股份,2009-06-30,9,10479.7140,14.86,5236.1400,7.44,6
000927,一汽夏利,2009-06-30,8,8135.0800,5.10,3933.1670,2.63,7
000930,中粮生化,2009-06-30,2,1282.3910,1.33,136.0680,1.19,2
000932,华菱钢铁,2009-06-30,7,13967.6200,5.10,2556.3190,4.17,7
000933,神火股份,2009-06-30,6,8718.0410,11.63,3767.7800,9.90,6
000937,冀中能源,2009-06-30,9,8999.2270,11.42,3356.8290,7.16,9
000939,凯迪电力,2009-06-30,1,100.0000,0.27,-19.0000,0.32,1
000948,南天信息,2009-06-30,3,418.9917,1.99,109.2127,1.47,1
000949,新乡化纤,2009-06-30,1,405.7500,0.69,405.7500,0.00,0
000950,建峰化工,2009-06-30,2,585.6020,1.88,-43.6104,2.02,4
000951,中国重汽,2009-06-30,10,5348.5530,12.75,425.8150,11.74,9
000952,广济药业,2009-06-30,4,962.3440,3.82,640.9950,1.28,2
000959,首钢股份,2009-06-30,9,29030.8540,9.79,13838.5940,5.12,7
000960,锡业股份,2009-06-30,9,6934.0620,10.66,1061.6280,9.02,10
000961,中南建设,2009-06-30,5,2217.8430,2.85,2217.8430,0.00,0
000962,东方钽业,2009-06-30,1,64.0000,0.18,-782.3010,2.37,4
000963,华东医药,2009-06-30,7,6431.3380,14.82,1610.3440,11.11,7
000965,天保基建,2009-06-30,2,350.0000,0.76,-794.8320,3.72,6
000966,长源电力,2009-06-30,1,1168.0100,2.11,-1740.1300,5.25,2
000968,煤气化,2009-06-30,5,3108.7060,6.05,-625.8920,7.27,7
000969,安泰科技,2009-06-30,7,3177.1690,7.20,-142.9700,7.52,7
000970,中科三环,2009-06-30,4,2298.3630,4.53,-1937.2040,8.34,8
000973,佛塑科技,2009-06-30,2,2378.8900,3.88,-2537.0010,8.03,5
000975,银泰资源,2009-06-30,1,243.5940,0.39,243.5940,0.00,0
000978,桂林旅游,2009-06-30,4,1193.2910,6.74,-915.1580,11.91,6
000983,西山煤电,2009-06-30,10,20932.4800,8.64,5134.9400,6.52,7
000985,大庆华科,2009-06-30,2,313.9560,2.42,313.9560,0.00,0
000987,广州友谊,2009-06-30,8,5862.1780,16.33,733.7270,14.29,8
000988,华工科技,2009-06-30,1,278.1180,0.85,278.1180,0.00,0
000989,九芝堂,2009-06-30,1,199.9930,0.67,199.9930,0.00,0
000990,诚志股份,2009-06-30,3,1987.2800,6.69,-484.5190,9.16,5
000996,中国中期,2009-06-30,2,154.4794,0.67,154.4794,0.00,0
000999,华润三九,2009-06-30,6,6453.1280,6.59,-2995.8900,9.65,8
600537,亿晶光电,2009-06-30,1,829.9850,3.61,829.9850,0.00,0
600562,国睿科技,2009-06-30,1,95.8782,1.14,95.8782,0.00,0
600408,安泰集团,2009-06-30,3,979.9990,1.16,688.7790,0.34,1
600576,万好万家,2009-06-30,1,319.2300,1.46,204.0500,0.53,1
600573,惠泉啤酒,2009-06-30,1,500.0000,2.00,-399.9920,3.60,2
600521,华海药业,2009-06-30,6,4559.8840,15.24,745.4100,12.75,6
600375,华菱星马,2009-06-30,3,712.8090,3.80,389.0210,1.73,1
600343,航天动力,2009-06-30,2,360.7290,1.95,180.8390,0.97,1
600502,安徽水利,2009-06-30,1,110.9090,0.50,110.9090,0.00,0
600481,双良节能,2009-06-30,2,692.6680,1.03,-930.2080,2.40,3
600004,白云机场,2009-06-30,4,2757.6200,2.40,-1675.8890,3.86,5
600570,恒生电子,2009-06-30,3,5170.6700,11.61,1497.1960,12.37,3
600392,盛和资源,2009-06-30,4,1857.2870,11.86,1252.9840,3.86,2
600584,长电科技,2009-06-30,2,1774.9900,2.38,-1021.9870,3.75,4
600251,冠农股份,2009-06-30,5,2936.9980,8.11,807.8560,8.82,4
600436,片仔癀,2009-06-30,5,798.8350,5.71,185.1100,4.38,3
600409,三友化工,2009-06-30,2,856.4390,0.91,-655.3910,1.61,4
600031,三一重工,2009-06-30,9,9326.2720,6.27,-2314.5190,7.82,9
600439,瑞贝卡,2009-06-30,7,8550.8060,13.87,1475.8060,14.92,8
600271,航天信息,2009-06-30,2,4642.2700,5.03,-475.8100,8.31,3
600423,柳化股份,2009-06-30,5,2667.6580,10.02,-58.7620,10.24,7
600475,华光股份,2009-06-30,7,3800.2490,14.85,1513.1490,8.93,7
600425,青松建化,2009-06-30,7,6016.1000,16.31,-962.1350,18.92,9
600029,南方航空,2009-06-30,9,19357.7700,2.95,-4477.2600,3.63,9
600546,山煤国际,2009-06-30,9,6017.8420,20.06,2883.5870,10.45,7
600352,浙江龙盛,2009-06-30,3,3965.8470,3.01,1249.4090,4.12,3
600485,中创信测,2009-06-30,2,402.3080,2.94,-1097.6560,10.98,5
600020,中原高速,2009-06-30,2,467.1060,0.22,-595.8440,0.50,3
600489,中金黄金,2009-06-30,7,2644.2990,3.35,1000.6570,4.57,5
600480,凌云股份,2009-06-30,1,253.0470,0.81,-475.7520,2.34,2
600348,阳泉煤业,2009-06-30,9,8545.9110,8.88,384.6180,8.49,9
600487,亨通光电,2009-06-30,5,1663.2580,10.01,103.1750,9.39,5
600547,山东黄金,2009-06-30,5,1991.2410,2.80,136.3200,5.21,7
600449,宁夏建材,2009-06-30,6,1905.0830,9.76,-1647.7360,18.21,9
600432,吉恩镍业,2009-06-30,4,1470.9760,1.93,709.2620,1.50,3
600429,三元股份,2009-06-30,1,1199.5200,1.89,1199.5200,0.00,0
600478,科力远,2009-06-30,7,3383.4310,11.82,1746.1490,5.72,5
600507,方大特钢,2009-06-30,3,1995.8590,2.92,1995.8590,0.00,0
600517,置信电气,2009-06-30,5,4974.6270,8.04,620.6350,10.56,5
600406,国电南瑞,2009-06-30,6,2461.1820,9.65,831.5300,6.39,3
600469,风神股份,2009-06-30,5,3519.0050,9.39,-1195.2550,12.57,8
600021,上海电力,2009-06-30,2,569.6360,0.27,-2107.1660,1.25,6
600184,光电股份,2009-06-30,3,204.8430,1.95,-149.6503,3.38,4
600900,长江电力,2009-06-30,5,23839.3100,2.53,-5021.3100,3.07,5
600527,江南高纤,2009-06-30,1,1280.0400,3.64,-2101.9190,9.63,4
600476,湘邮科技,2009-06-30,1,203.1870,1.26,203.1870,0.00,0
600540,新赛股份,2009-06-30,2,533.9478,2.29,-170.0622,3.02,2
600354,敦煌种业,2009-06-30,5,1619.8210,8.71,757.6740,4.64,4
000100,TCL集团,2009-06-30,3,4886.4300,1.66,1343.9120,1.37,3
600325,华发股份,2009-06-30,7,12939.1800,15.84,-926.7800,16.97,8
600493,凤竹纺织,2009-06-30,1,199.9950,1.18,199.9950,0.00,0
600470,六国化工,2009-06-30,1,224.9900,1.00,-686.5259,4.03,3
600035,楚天高速,2009-06-30,2,1552.2700,1.67,-4103.0550,6.07,6
600479,千金药业,2009-06-30,6,2791.9660,12.82,152.6630,14.55,6
600284,浦东建设,2009-06-30,2,1392.2750,4.02,-280.7630,4.84,3
600463,空港股份,2009-06-30,3,672.9810,2.67,-145.9020,3.25,3
600594,益佰制药,2009-06-30,4,2194.2080,9.33,62.8550,9.06,4
600543,莫高股份,2009-06-30,2,1181.6800,6.62,-610.3490,10.05,4
600405,动力源,2009-06-30,1,300.0000,1.44,-11.1120,1.49,1
600467,好当家,2009-06-30,4,910.9147,1.44,-861.9307,2.80,7
002181,粤传媒,2009-06-30,5,1588.1540,4.54,1222.5410,1.04,1
600969,郴电国际,2009-06-30,5,1561.9346,7.43,166.7323,6.64,6
600572,康恩贝,2009-06-30,4,1677.3330,5.18,-64.7163,5.38,6
600497,驰宏锌锗,2009-06-30,6,3585.0970,4.60,1633.1030,2.50,5
600986,科达股份,2009-06-30,1,860.8900,2.57,-83.1290,5.63,5
600410,华胜天成,2009-06-30,2,1272.0720,2.76,661.0860,1.46,1
600990,四创电子,2009-06-30,2,167.2887,2.85,115.0227,0.89,1
600993,马应龙,2009-06-30,1,53.3182,0.32,-56.9618,1.20,1
600491,龙元建设,2009-06-30,3,1135.8390,2.40,-356.3050,3.84,3
600963,岳阳林纸,2009-06-30,9,12345.4900,18.93,-2111.5310,22.17,9
600997,开滦股份,2009-06-30,7,6904.7790,5.59,1267.3650,9.13,7
600966,博汇纸业,2009-06-30,6,3411.2060,6.76,-1198.7650,9.14,7
600995,文山电力,2009-06-30,4,3678.0950,7.69,700.9320,7.47,4
600420,现代制药,2009-06-30,5,2176.7290,7.57,-256.3850,8.46,7
002001,新和成,2009-06-30,8,3536.2270,10.34,-6.5780,10.36,10
002003,伟星股份,2009-06-30,7,3229.1410,16.05,769.9990,12.22,7
600962,国投中鲁,2009-06-30,4,569.5775,2.82,-188.4825,3.76,4
002004,华邦颖泰,2009-06-30,2,582.7810,4.42,-330.3072,6.92,6
002005,德豪润达,2009-06-30,1,606.1500,1.88,-811.5730,4.39,4
600143,金发科技,2009-06-30,4,7691.9280,5.51,2362.2530,3.82,5
002006,精功科技,2009-06-30,2,137.1546,0.95,-174.5584,2.16,2
002007,华兰生物,2009-06-30,6,4234.9740,11.76,782.7390,15.34,6
002008,大族激光,2009-06-30,5,5988.1080,8.60,-2947.3160,12.83,6
600022,山东钢铁,2009-06-30,8,14574.3290,4.67,1847.0400,7.34,8
002009,天奇股份,2009-06-30,2,527.6260,2.39,-994.5420,6.89,4
002010,传化股份,2009-06-30,4,1279.4020,6.31,-220.6220,7.40,4
002011,盾安环境,2009-06-30,2,132.6415,0.41,-707.6326,2.61,5
002012,凯恩股份,2009-06-30,1,143.6750,0.74,-306.7460,2.31,2
002013,中航精机,2009-06-30,3,857.3910,6.67,628.8730,2.13,2
002014,永新股份,2009-06-30,2,193.0000,1.39,-529.8950,5.19,4
002015,霞客环保,2009-06-30,1,139.1730,0.81,-21.0400,0.94,1
002016,世荣兆业,2009-06-30,1,100.0000,0.22,100.0000,0.00,0
002017,东信和平,2009-06-30,7,1883.0340,12.27,986.4100,5.84,5
002018,华星化工,2009-06-30,2,495.5630,2.02,-717.1900,7.43,4
002019,鑫富药业,2009-06-30,1,96.3417,0.50,-38.2403,0.70,1
600482,风帆股份,2009-06-30,1,500.9050,1.09,-2177.2590,5.81,5
002022,科华生物,2009-06-30,8,7650.4120,18.65,1120.2660,20.69,8
002023,海特高新,2009-06-30,3,845.8400,4.50,-116.9880,5.12,5
002024,苏宁云商,2009-06-30,7,41505.1100,9.25,13888.6200,9.23,7
002025,航天电器,2009-06-30,7,3254.0120,9.86,-105.0250,10.18,6
600983,合肥三洋,2009-06-30,6,3211.2640,9.64,869.4640,7.03,3
600973,宝胜股份,2009-06-30,5,1030.2770,6.61,193.9940,5.36,3
002027,七喜控股,2009-06-30,1,114.3140,0.38,-64.6900,0.59,1
002028,思源电气,2009-06-30,6,4663.8100,10.61,576.5050,14.87,7
002029,七匹狼,2009-06-30,7,4343.8110,15.35,-164.5700,15.94,6
600987,航民股份,2009-06-30,2,828.9640,1.96,828.9640,0.00,0
002030,达安基因,2009-06-30,1,136.6750,0.57,-481.1320,3.08,4
002031,巨轮股份,2009-06-30,2,455.4700,1.87,210.4700,1.00,1
600971,恒源煤电,2009-06-30,9,2658.1990,11.27,89.6220,13.63,8
002032,苏泊尔,2009-06-30,8,2075.1730,4.67,333.8434,3.92,7
600978,宜华木业,2009-06-30,1,598.5000,0.60,-393.5350,0.99,2
002033,丽江旅游,2009-06-30,4,427.9867,4.31,245.1700,1.84,2
600961,*ST株冶,2009-06-30,2,1228.4040,2.33,1058.6770,0.32,1
002035,华帝股份,2009-06-30,1,89.3970,0.52,-31.0400,0.70,1
002037,久联发展,2009-06-30,3,564.7483,4.24,-462.4427,8.49,4
002038,双鹭药业,2009-06-30,6,3122.3900,12.57,434.7570,10.82,6
600027,华电国际,2009-06-30,5,6835.6280,1.14,-895.6920,1.28,5
002039,黔源电力,2009-06-30,1,55.0000,0.39,55.0000,0.00,0
600970,中材国际,2009-06-30,8,4437.9660,10.52,2266.5300,12.93,8
002041,登海种业,2009-06-30,6,1844.4790,10.48,1339.3895,2.87,5
002047,*ST成霖,2009-06-30,2,423.1340,1.49,237.3340,0.66,1
002048,宁波华翔,2009-06-30,5,2645.0230,5.36,94.5210,5.17,6
002050,三花股份,2009-06-30,6,955.0918,3.62,-82.5829,3.93,7
601588,北辰实业,2009-06-30,3,1757.2580,0.52,-1430.3360,0.95,3
601866,中海集运,2009-06-30,9,15178.3730,1.30,2101.1530,1.12,7
601899,紫金矿业,2009-06-30,3,10392.5600,0.72,-2418.8700,0.88,9
002051,中工国际,2009-06-30,2,138.1592,0.73,-322.2670,2.42,4
002052,同洲电子,2009-06-30,2,860.0340,2.93,-1278.8790,7.28,6
002053,云南盐化,2009-06-30,1,105.8620,0.57,-23.5600,0.70,1
601398,工商银行,2009-06-30,2,52677.3000,0.16,-23250.7000,0.23,4
601939,建设银行,2009-06-30,3,42414.1900,0.18,22456.6000,0.09,2
601166,兴业银行,2009-06-30,1,6303.0400,1.26,6303.0400,0.00,0
601169,北京银行,2009-06-30,1,6796.9900,1.09,-1103.0000,1.27,1
601988,中国银行,2009-06-30,1,13000.0000,0.05,4589.0300,0.03,1
601009,南京银行,2009-06-30,5,11636.2800,6.34,6520.5700,2.79,3
601628,中国人寿,2009-06-30,3,7818.2500,0.28,-337.6500,0.29,3
601318,中国平安,2009-06-30,1,3925.0000,0.53,25.0000,0.53,1
601601,中国太保,2009-06-30,5,13752.0700,1.79,3052.1400,1.39,3
600018,上港集团,2009-06-30,5,14691.5600,0.70,7640.2800,0.34,2
002110,三钢闽光,2009-06-30,5,2260.0770,4.23,1001.2490,2.35,4
601005,重庆钢铁,2009-06-30,3,539.3710,0.31,-1263.8930,1.04,4
601857,中国石油,2009-06-30,7,26744.3200,0.15,9222.9300,0.10,6
002106,莱宝高科,2009-06-30,5,3440.0070,10.43,947.9410,7.55,4
601600,中国铝业,2009-06-30,3,5224.1000,0.39,8.5470,0.39,4
601088,中国神华,2009-06-30,7,16131.1900,0.81,-2868.2700,0.96,8
002067,景兴纸业,2009-06-30,1,193.4100,0.49,-325.9500,1.32,3
002060,粤水电,2009-06-30,3,605.1970,1.82,-1753.3630,8.51,6
002139,拓邦股份,2009-06-30,5,666.9040,6.67,666.9040,0.00,0
601333,广深铁路,2009-06-30,6,27813.5400,3.93,16557.3200,1.59,4
002187,广百股份,2009-06-30,6,1484.4950,9.28,419.4670,6.66,6
002230,科大讯飞,2009-06-30,4,1008.9430,6.28,151.6728,8.00,8
002088,鲁阳股份,2009-06-30,5,1186.7750,5.53,-734.1650,8.94,7
002267,陕天然气,2009-06-30,4,1531.9962,3.01,-1140.1950,5.26,6
002153,石基信息,2009-06-30,7,2637.3270,11.77,1309.1338,11.86,7
002058,威尔泰,2009-06-30,1,82.9950,1.33,0.0000,1.33,1
601111,中国国航,2009-06-30,5,16830.5500,1.37,6945.8800,0.81,5
002205,国统股份,2009-06-30,1,65.6069,0.66,-157.0931,2.78,2
002056,横店东磁,2009-06-30,7,2836.0800,6.90,-1951.4630,11.65,9
002272,川润股份,2009-06-30,1,22.0720,0.22,-0.5880,0.25,1
002186,全聚德,2009-06-30,1,35.4750,0.25,-3.0300,0.27,1
002142,宁波银行,2009-06-30,5,9189.6000,3.68,4021.9360,2.07,4
002185,华天科技,2009-06-30,1,119.9970,0.42,119.9970,0.00,0
601727,上海电气,2009-06-30,4,1573.0300,0.13,1373.0300,0.02,1
002206,海利得,2009-06-30,1,100.0000,0.80,100.0000,0.00,0
601168,西部矿业,2009-06-30,4,6921.3400,2.90,2286.7900,1.94,3
000338,潍柴动力,2009-06-30,8,4725.9380,5.67,-783.8170,6.61,9
002261,拓维信息,2009-06-30,7,551.7232,4.93,-101.2662,8.18,8
002140,东华科技,2009-06-30,6,1205.9190,8.65,612.0028,5.54,5
002080,中材科技,2009-06-30,7,2015.5030,13.44,219.4110,11.97,8
601919,*ST远洋,2009-06-30,3,10703.8200,1.05,8669.0700,0.20,1
601808,中海油服,2009-06-30,8,5035.0780,1.12,-975.5240,1.34,9
002182,云海金属,2009-06-30,2,421.1070,2.19,-128.1753,2.86,4
601001,大同煤业,2009-06-30,8,7774.5890,9.29,206.0100,9.04,8
002202,金风科技,2009-06-30,5,5423.9100,3.88,-2254.1550,7.68,7
002143,高金食品,2009-06-30,3,558.4330,3.48,-220.0000,4.85,3
002055,得润电子,2009-06-30,5,558.1817,4.16,558.1817,0.00,0
002146,荣盛发展,2009-06-30,5,2766.7440,3.46,787.1580,2.48,4
002065,东华软件,2009-06-30,6,3507.1410,8.23,1209.3660,8.09,7
002057,中钢天源,2009-06-30,2,206.0800,2.45,206.0800,0.00,0
600048,保利地产,2009-06-30,8,22062.1800,6.92,2861.4200,7.83,8
601006,大秦铁路,2009-06-30,1,11600.0000,0.89,-1554.2000,1.01,1
601699,潞安环能,2009-06-30,7,6773.6670,5.89,154.8350,5.75,6
002082,栋梁新材,2009-06-30,3,463.8300,1.95,400.8320,0.26,1
002089,新海宜,2009-06-30,1,90.0510,0.42,-169.9161,1.70,2
002078,太阳纸业,2009-06-30,6,2994.6410,5.96,477.3250,5.01,6
002091,江苏国泰,2009-06-30,7,3047.0170,12.70,329.4950,11.32,6
601008,连云港,2009-06-30,1,1293.0000,2.41,0.0000,2.41,1
002077,大港股份,2009-06-30,1,67.9980,0.27,-124.8642,0.77,2
002062,宏润建设,2009-06-30,3,1609.0650,5.36,557.5296,5.26,4
002064,华峰氨纶,2009-06-30,2,1866.1810,5.05,362.4680,4.07,2
002073,软控股份,2009-06-30,7,2677.0470,8.11,797.9570,6.59,5
002208,合肥城建,2009-06-30,2,360.4250,2.25,270.4250,0.56,1
601666,平煤股份,2009-06-30,9,14006.9740,10.03,3538.1420,9.74,8
002068,黑猫股份,2009-06-30,2,439.7546,2.29,6.6382,2.70,2
601898,中煤能源,2009-06-30,8,18007.4000,1.36,671.7000,1.31,8
002069,獐子岛,2009-06-30,2,139.2836,0.62,39.7200,0.44,1
601918,国投新集,2009-06-30,7,6583.7340,3.56,2964.7140,1.96,4
002081,金螳螂,2009-06-30,6,1804.0230,8.53,419.9020,9.82,6
002084,海鸥卫浴,2009-06-30,3,239.4949,1.03,-501.7561,3.50,4
002172,澳洋科技,2009-06-30,2,640.2240,1.84,529.3880,0.32,1
002085,万丰奥威,2009-06-30,2,944.1820,3.32,944.1820,0.00,0
002154,报喜鸟,2009-06-30,6,1436.5960,5.76,508.0542,4.84,4
600017,日照港,2009-06-30,3,4064.8840,3.22,521.6810,2.81,4
002074,东源电器,2009-06-30,1,38.3664,0.27,-1786.7046,12.97,7
002092,中泰化学,2009-06-30,5,3415.0280,6.36,891.6650,4.70,4
002094,青岛金王,2009-06-30,3,677.1120,3.16,74.0710,2.81,4
601872,招商轮船,2009-06-30,2,3498.5860,1.02,1320.7900,0.63,2
002095,生意宝,2009-06-30,1,118.6500,1.32,0.0000,1.32,1
002083,孚日股份,2009-06-30,5,2332.6720,2.49,-1225.5950,3.79,9
002093,国脉科技,2009-06-30,6,1947.3992,7.29,-739.8806,10.06,8
002100,天康生物,2009-06-30,1,82.5500,0.50,-135.4471,1.73,4
002200,*ST大地,2009-06-30,3,575.0440,3.81,-64.0615,7.61,4
002104,恒宝股份,2009-06-30,4,2229.8080,7.59,-508.8550,9.32,5
002109,兴化股份,2009-06-30,1,181.1500,0.51,-1018.8500,3.35,1
601002,晋亿实业,2009-06-30,2,449.9980,0.61,-1351.3320,2.44,4
002111,威海广泰,2009-06-30,1,570.0000,3.96,-268.1800,5.82,2
002107,沃华医药,2009-06-30,3,192.7849,2.35,-4.7018,2.41,3
002121,科陆电子,2009-06-30,4,1378.9860,5.75,143.5650,10.30,5
002112,三变科技,2009-06-30,1,100.0000,0.89,0.0111,1.25,1
002115,三维通信,2009-06-30,5,432.6187,3.61,-276.4392,5.91,7
002113,天润控股,2009-06-30,1,589.9780,4.98,289.9900,2.53,1
002207,准油股份,2009-06-30,1,30.0000,0.30,-201.1440,2.32,2
002216,三全食品,2009-06-30,5,937.5498,5.01,481.9246,4.87,5
601003,柳钢股份,2009-06-30,4,3651.3800,1.42,3160.9580,0.19,2
002123,荣信股份,2009-06-30,6,2063.7950,10.08,585.5600,11.55,6
002122,天马股份,2009-06-30,9,2577.8060,4.34,-24.4750,8.76,9
002129,中环股份,2009-06-30,1,146.5200,0.30,-920.2960,2.21,5
002132,恒星科技,2009-06-30,1,336.1560,1.37,336.1560,0.00,0
002232,启明信息,2009-06-30,1,720.7620,2.84,65.2040,5.16,4
002133,广宇集团,2009-06-30,4,3524.5490,7.07,2244.0460,2.57,2
601958,金钼股份,2009-06-30,8,7983.6290,2.47,4274.4650,1.38,8
002128,露天煤业,2009-06-30,4,1657.4450,1.50,-899.1620,3.01,6
002248,华东数控,2009-06-30,1,30.6224,0.26,20.6224,0.08,1
002159,三特索道,2009-06-30,2,187.9820,1.57,187.9820,0.00,0
002148,北纬通信,2009-06-30,4,534.0810,7.06,24.5130,6.74,3
002152,广电运通,2009-06-30,8,3793.2010,11.09,1474.1650,8.13,5
002149,西部材料,2009-06-30,2,310.8020,2.67,100.0030,2.31,1
002147,方圆支承,2009-06-30,5,2090.7650,9.27,767.2910,7.04,6
002151,北斗星通,2009-06-30,1,19.8701,0.22,6.8701,0.14,1
002155,辰州矿业,2009-06-30,5,1900.1060,3.47,1617.9950,0.52,1
002254,泰和新材,2009-06-30,4,528.4380,4.21,-26.6146,4.42,7
002161,远望谷,2009-06-30,6,2601.7890,10.13,1680.6078,7.17,5
002163,中航三鑫,2009-06-30,1,159.2100,0.78,-71.8250,1.13,1
002164,东力传动,2009-06-30,5,376.9169,2.10,76.8869,1.67,3
002165,红宝丽,2009-06-30,5,1352.2760,8.59,319.1894,9.18,5
002179,中航光电,2009-06-30,6,1664.2530,6.22,345.5500,7.39,7
002183,怡亚通,2009-06-30,3,854.1030,2.30,-1446.5011,9.31,9
002193,山东如意,2009-06-30,1,29.9945,0.19,29.9945,0.00,0
601390,中国中铁,2009-06-30,7,55213.6000,2.59,20991.7600,1.61,8
002191,劲嘉股份,2009-06-30,4,1093.1820,1.70,133.2420,2.24,2
002194,武汉凡谷,2009-06-30,6,2212.3790,3.98,-442.2080,6.21,7
002197,证通电子,2009-06-30,2,194.3240,1.48,-20.4266,2.46,3
002210,飞马国际,2009-06-30,1,150.0000,0.74,-98.3500,1.83,2
601999,出版传媒,2009-06-30,4,997.8540,1.81,482.3510,0.94,2
002204,大连重工,2009-06-30,9,1611.0060,7.53,-84.6682,7.92,9
002220,天宝股份,2009-06-30,2,402.6271,4.11,41.2301,3.69,2
002212,南洋股份,2009-06-30,1,29.3862,0.13,-50.5865,0.53,1
002215,诺普信,2009-06-30,9,2575.5480,12.70,835.5848,11.15,8
002214,大立科技,2009-06-30,7,1217.5161,12.18,466.2251,7.51,5
002218,拓日新能,2009-06-30,2,69.4426,0.24,-212.4595,1.47,4
601766,中国南车,2009-06-30,4,10341.6100,0.87,-9334.0600,1.66,8
002219,独一味,2009-06-30,2,248.0350,2.66,3.3658,2.62,4
601186,中国铁建,2009-06-30,7,25887.9500,2.10,6416.3100,1.58,7
002223,鱼跃医疗,2009-06-30,3,740.7083,4.79,-57.5921,7.75,6
002225,濮耐股份,2009-06-30,2,428.9770,0.82,328.9770,0.25,1
002244,滨江集团,2009-06-30,2,1503.8910,1.11,-785.6040,2.20,6
002237,恒邦股份,2009-06-30,1,37.0580,0.19,15.6190,0.22,1
002235,安妮股份,2009-06-30,1,318.7660,2.13,-77.8770,3.97,2
002249,大洋电机,2009-06-30,1,49.7400,0.20,-70.2912,0.95,2
002253,川大智胜,2009-06-30,1,60.4939,0.97,60.4939,0.00,0
002233,塔牌集团,2009-06-30,9,3986.0720,9.97,2510.0483,3.69,6
002236,大华股份,2009-06-30,4,328.8691,4.92,-2.8569,4.97,4
002252,上海莱士,2009-06-30,3,191.8680,1.20,-302.2282,3.09,7
002238,天威视讯,2009-06-30,4,820.9070,3.08,-120.7543,3.53,5
002241,歌尔声学,2009-06-30,8,1386.9822,5.78,847.2742,4.50,4
002242,九阳股份,2009-06-30,9,3648.2800,7.19,809.1110,10.63,10
002251,步步高,2009-06-30,4,1299.5138,4.81,345.5083,7.06,7
002274,华昌化工,2009-06-30,1,35.2045,0.18,-26.8339,0.31,3
002255,海陆重工,2009-06-30,1,133.6160,1.21,-165.7342,2.70,5
002262,恩华药业,2009-06-30,2,117.9871,0.66,-423.8661,4.52,7
002259,升达林业,2009-06-30,1,219.9930,1.02,219.9930,0.00,0
002258,利尔化学,2009-06-30,6,650.8130,4.82,-114.1586,5.67,8
002264,新华都,2009-06-30,5,548.0471,5.13,-103.2233,6.09,5
002268,卫士通,2009-06-30,2,88.5327,1.10,-121.0400,3.12,4
002269,美邦服饰,2009-06-30,6,1953.2300,1.94,-179.7270,3.18,9
002266,浙富股份,2009-06-30,7,983.4199,6.87,-489.2123,10.29,9
