600005,武钢股份,2010-09-30,5,10187.0000,1.30,-1468.9300,1.49,6
600006,东风汽车,2010-09-30,6,4386.1030,2.19,1246.7750,1.57,3
600007,中国国贸,2010-09-30,5,3591.5710,3.57,1364.4530,2.21,4
600008,首创股份,2010-09-30,5,2437.8240,1.11,157.8680,1.04,5
600009,上海机场,2010-09-30,4,5148.0270,2.67,-4982.7510,5.26,5
600010,包钢股份,2010-09-30,7,16459.0540,2.56,10164.5790,0.98,6
600012,皖通高速,2010-09-30,2,160.8298,0.10,-649.6082,0.49,2
600019,宝钢股份,2010-09-30,3,28604.0800,1.63,-3799.9300,1.85,4
600026,中海发展,2010-09-30,4,2383.3110,0.70,-318.7930,0.79,6
600028,中国石化,2010-09-30,6,27890.6000,0.32,6364.6000,0.25,5
600030,中信证券,2010-09-30,1,4531.3100,0.46,-1500.0000,0.61,1
600033,福建高速,2010-09-30,6,3464.1100,1.26,-796.4970,1.55,6
600037,歌华有线,2010-09-30,5,6258.0080,5.90,717.4220,5.23,5
600038,哈飞股份,2010-09-30,4,3472.1550,10.29,157.7390,9.82,4
600050,中国联通,2010-09-30,9,98931.0900,4.67,17614.8400,3.84,8
600052,浙江广厦,2010-09-30,2,2151.1400,2.47,100.0000,2.35,2
600053,中江地产,2010-09-30,4,633.5920,1.75,314.2750,0.88,2
600054,黄山旅游,2010-09-30,4,2147.4920,4.56,-1260.9080,7.23,5
600055,华润万东,2010-09-30,7,2690.8500,12.43,-623.4760,15.31,7
600056,中国医药,2010-09-30,6,1687.1360,5.43,314.0100,4.42,6
600058,五矿发展,2010-09-30,5,1297.3300,1.21,-510.0380,1.69,7
600059,古越龙山,2010-09-30,7,6550.4110,10.32,1548.3070,7.88,5
600060,海信电器,2010-09-30,6,3661.0670,4.22,-4709.5020,9.66,8
600061,中纺投资,2010-09-30,1,1030.0000,2.40,0.0000,2.40,1
600062,华润双鹤,2010-09-30,7,6476.7450,11.33,-1167.3310,13.37,8
600063,皖维高新,2010-09-30,2,315.2410,0.86,-299.8409,1.67,3
600064,南京高科,2010-09-30,3,404.5302,0.78,103.0712,0.58,2
600066,宇通客车,2010-09-30,6,6199.5250,11.92,629.1250,10.71,6
600067,冠城大通,2010-09-30,8,8165.1750,11.10,855.7940,9.94,8
600068,葛洲坝,2010-09-30,5,16559.4200,4.75,11378.4900,2.23,3
600069,银鸽投资,2010-09-30,2,265.7390,0.32,-684.2610,1.15,1
600071,凤凰光学,2010-09-30,3,781.9560,3.29,-1259.1150,8.59,4
600072,中船股份,2010-09-30,4,246.9086,0.62,-409.8990,1.65,5
600074,*ST中达,2010-09-30,1,117.4260,0.18,-138.9080,0.39,2
600075,新疆天业,2010-09-30,4,954.9500,2.18,105.5690,1.94,3
600077,宋都股份,2010-09-30,1,200.0000,1.26,-232.7150,2.72,2
600078,澄星股份,2010-09-30,1,538.4600,0.83,-231.4810,1.18,2
600079,人福医药,2010-09-30,7,9047.4200,19.19,-222.6640,19.66,9
600081,东风科技,2010-09-30,6,2036.8560,6.50,-178.9300,7.07,5
600085,同仁堂,2010-09-30,6,4345.1310,8.34,-1.7250,8.35,7
600086,东方金钰,2010-09-30,2,2222.8000,6.31,2167.1710,0.16,1
600087,*ST长油,2010-09-30,3,1850.1040,1.15,-2417.0480,2.65,6
600088,中视传媒,2010-09-30,3,970.5270,2.93,-1294.2120,9.57,7
600089,特变电工,2010-09-30,5,7476.0400,3.69,-892.6200,4.66,5
600090,啤酒花,2010-09-30,2,713.7020,1.94,-218.7000,2.53,3
600095,哈高科,2010-09-30,2,788.9520,2.18,788.9520,0.00,0
600096,云天化,2010-09-30,8,4653.4450,7.89,1899.3250,4.67,7
600097,开创国际,2010-09-30,1,144.6540,0.71,-155.3380,1.48,1
600098,广州发展,2010-09-30,6,2260.7670,1.10,385.3020,0.91,6
600100,同方股份,2010-09-30,8,9034.1740,9.09,-276.2060,9.53,7
600103,青山纸业,2010-09-30,2,390.7110,0.37,-79.7300,0.44,2
600104,上汽集团,2010-09-30,6,30997.3600,3.64,2621.7000,3.33,5
600105,永鼎股份,2010-09-30,6,3377.9070,8.87,3167.9070,0.55,1
600106,重庆路桥,2010-09-30,4,476.4815,1.05,-179.8768,1.45,4
600107,美尔雅,2010-09-30,1,337.0000,0.94,337.0000,0.00,0
600108,亚盛集团,2010-09-30,5,2508.8990,1.44,-47.1480,1.47,4
600109,国金证券,2010-09-30,2,323.9670,0.32,-5.5710,0.33,2
600110,中科英华,2010-09-30,1,233.4610,0.20,-276.1900,0.44,2
600111,包钢稀土,2010-09-30,5,3211.6780,3.98,-1412.3190,5.73,7
600112,长征电气,2010-09-30,1,856.3940,2.02,-391.0060,2.94,1
600115,东方航空,2010-09-30,6,12435.1200,1.10,-7457.2400,1.76,4
600116,三峡水利,2010-09-30,4,1364.3860,5.10,1364.3860,0.00,0
600117,西宁特钢,2010-09-30,6,3341.1710,4.51,1117.3870,3.00,4
600118,中国卫星,2010-09-30,7,5321.6030,7.55,114.0890,7.39,6
600120,浙江东方,2010-09-30,2,1367.6120,2.71,-56.7730,2.82,2
600121,郑州煤电,2010-09-30,4,455.0652,0.72,280.8507,0.28,2
600122,宏图高科,2010-09-30,2,853.1900,1.51,-579.0640,2.53,2
600123,兰花科创,2010-09-30,7,5994.8420,10.50,-598.6930,11.54,7
600125,铁龙物流,2010-09-30,7,8174.4430,8.14,-4422.1270,12.54,8
600126,杭钢股份,2010-09-30,2,1791.1630,2.14,-1279.3690,3.66,3
600127,金健米业,2010-09-30,2,200.3380,0.37,-40.8800,0.44,2
600128,弘业股份,2010-09-30,3,370.8027,1.50,-18.5200,1.58,3
600129,太极集团,2010-09-30,2,512.9170,1.20,-775.0510,3.02,3
600132,重庆啤酒,2010-09-30,6,4316.3020,8.92,-161.6580,9.25,6
600133,东湖高新,2010-09-30,1,139.9820,0.28,-2240.0200,4.80,3
600135,乐凯胶片,2010-09-30,4,3113.6610,9.10,-1131.2240,12.41,6
600137,浪莎股份,2010-09-30,3,496.3172,5.11,381.3262,1.18,1
600138,中青旅,2010-09-30,5,5352.1010,12.89,-522.5910,14.14,6
600139,西部资源,2010-09-30,4,1459.1540,6.15,444.4146,4.28,4
600141,兴发集团,2010-09-30,4,3558.1180,9.74,667.8440,9.09,4
600146,大元股份,2010-09-30,6,1432.6940,7.16,1432.6940,0.00,0
600150,中国船舶,2010-09-30,1,376.8240,0.57,-619.1508,1.50,8
600151,航天机电,2010-09-30,3,590.4500,0.62,-157.6960,1.00,3
600153,建发股份,2010-09-30,9,26499.5200,11.84,12417.5400,11.33,8
600156,华升股份,2010-09-30,1,608.8350,1.51,608.8350,0.00,0
600157,永泰能源,2010-09-30,4,2323.4680,7.86,-359.4760,10.49,5
600158,中体产业,2010-09-30,3,466.4320,0.58,-143.2150,0.76,3
600159,大龙地产,2010-09-30,1,747.6780,0.90,9.6130,1.78,1
600160,巨化股份,2010-09-30,6,2896.5930,4.73,1573.6530,2.16,5
600161,天坛生物,2010-09-30,4,2207.1780,4.28,-946.1790,6.46,6
600162,香江控股,2010-09-30,3,1325.6320,1.73,-246.5590,2.05,4
600163,福建南纸,2010-09-30,1,128.1160,0.18,-708.5890,1.16,3
600166,福田汽车,2010-09-30,5,14820.3600,14.05,2145.1200,13.83,5
600168,武汉控股,2010-09-30,2,1174.3550,2.66,-887.3141,4.67,6
600169,太原重工,2010-09-30,5,4596.9730,6.43,-1990.9800,9.22,5
600170,上海建工,2010-09-30,6,2378.3070,2.28,998.1349,1.32,8
600171,上海贝岭,2010-09-30,3,937.3430,1.39,-153.6850,1.62,5
600172,黄河旋风,2010-09-30,3,1284.7450,4.79,1025.7650,0.97,1
600173,卧龙地产,2010-09-30,3,1154.5679,1.59,398.1900,1.04,3
600176,中国玻纤,2010-09-30,5,3018.4850,7.06,-267.7880,7.69,6
600177,雅戈尔,2010-09-30,2,3955.8800,1.78,1450.2700,1.13,2
600178,东安动力,2010-09-30,7,3502.8570,7.58,-1168.8630,10.11,8
600183,生益科技,2010-09-30,5,5218.3190,5.45,-853.7480,6.34,4
600185,格力地产,2010-09-30,3,3370.3800,5.84,558.0050,4.87,3
600188,兖州煤业,2010-09-30,4,1087.7820,0.22,-1276.7570,0.48,6
600189,吉林森工,2010-09-30,6,1577.7180,5.08,278.3940,4.18,4
600190,锦州港,2010-09-30,1,610.7320,0.39,0.0000,0.39,1
600193,创兴资源,2010-09-30,3,1161.0700,5.32,60.7430,5.04,2
600195,中牧股份,2010-09-30,8,4385.2810,11.24,135.8390,10.90,8
600196,复星医药,2010-09-30,7,14907.1100,7.83,4205.5170,31.48,7
600197,伊力特,2010-09-30,8,4865.7970,11.03,976.0870,8.82,6
600198,大唐电信,2010-09-30,3,1909.5760,4.35,-1147.8120,6.96,5
600199,金种子酒,2010-09-30,4,1621.7850,3.11,-1650.3340,6.28,3
600201,金宇集团,2010-09-30,2,1145.7030,4.08,293.3940,3.04,2
600202,哈空调,2010-09-30,6,2453.6620,6.40,-3367.2880,15.18,7
600207,安彩高科,2010-09-30,1,199.9970,0.45,199.9970,0.00,0
600208,新湖中宝,2010-09-30,6,17956.3200,3.54,-685.1900,3.67,6
600210,紫江企业,2010-09-30,5,4016.5460,2.80,1517.2630,1.74,4
600213,亚星客车,2010-09-30,3,1168.0540,5.31,184.9280,4.47,2
600216,浙江医药,2010-09-30,5,3197.3860,7.10,158.6950,6.75,5
600218,全柴动力,2010-09-30,1,140.0330,0.49,23.5610,0.41,1
600219,南山铝业,2010-09-30,5,1849.7120,0.96,-123.8480,1.02,5
600220,江苏阳光,2010-09-30,4,2052.0740,1.15,39.4620,1.13,4
600221,海南航空,2010-09-30,4,5905.8340,1.43,-3177.4690,2.20,5
600223,鲁商置业,2010-09-30,5,5930.9620,5.93,-1515.2620,7.44,6
600225,天津松江,2010-09-30,1,463.3300,0.74,463.3300,0.00,0
600227,赤天化,2010-09-30,4,1651.2260,1.74,591.2260,1.12,1
600228,昌九生化,2010-09-30,1,206.2650,0.85,-1032.5990,5.13,4
600229,青岛碱业,2010-09-30,2,1700.0000,4.30,-250.0000,4.93,2
600230,沧州大化,2010-09-30,1,900.0000,3.47,600.0080,1.16,1
600231,凌钢股份,2010-09-30,5,2460.1180,3.06,-525.7470,3.71,4
600233,大杨创世,2010-09-30,2,221.1249,1.34,65.6960,0.94,2
600236,桂冠电力,2010-09-30,4,1984.4280,0.87,-410.4600,1.05,4
600237,铜峰电子,2010-09-30,2,393.5095,0.98,-8.7900,1.01,2
600238,海南椰岛,2010-09-30,2,1222.9880,4.09,-433.3530,5.54,3
600239,云南城投,2010-09-30,4,3282.7370,5.18,2149.1650,1.79,2
600240,华业地产,2010-09-30,4,2605.4040,4.04,1405.4240,1.86,1
600246,万通地产,2010-09-30,5,3523.5580,2.90,1675.3410,1.52,5
600252,中恒集团,2010-09-30,8,6739.2600,12.35,2797.3350,14.44,7
600256,广汇能源,2010-09-30,6,8302.8800,6.70,-3862.1620,9.82,8
600257,大湖股份,2010-09-30,3,1142.2700,2.67,815.8980,0.76,1
600258,首旅酒店,2010-09-30,8,2981.2682,12.88,264.3022,11.74,7
600259,广晟有色,2010-09-30,1,330.0000,1.32,-170.0000,2.00,1
600260,凯乐科技,2010-09-30,2,194.1420,0.37,-39.6300,0.44,2
600261,阳光照明,2010-09-30,7,3186.9870,12.76,-339.6630,14.12,8
600262,北方股份,2010-09-30,3,581.2980,3.42,581.2980,0.00,0
600265,*ST景谷,2010-09-30,2,194.0509,1.50,-108.9251,2.33,1
600266,北京城建,2010-09-30,9,5000.5790,5.62,-709.9360,7.71,9
600267,海正药业,2010-09-30,8,8068.1450,16.68,1086.0270,14.43,8
600268,国电南自,2010-09-30,7,2793.6330,9.84,273.4730,8.88,7
600269,赣粤高速,2010-09-30,6,5071.1210,2.17,-2867.7350,3.40,7
600270,外运发展,2010-09-30,4,1540.5430,1.70,-198.4200,1.92,4
600276,恒瑞医药,2010-09-30,5,5538.1510,7.39,-82.4500,7.55,5
600277,亿利能源,2010-09-30,1,399.9830,0.44,-2073.7560,2.74,3
600278,东方创业,2010-09-30,1,66.2700,0.21,66.2700,0.00,0
600280,中央商场,2010-09-30,5,1850.3700,12.89,282.2200,10.92,5
600281,太化股份,2010-09-30,1,181.5990,0.35,-78.4010,0.51,1
600282,南钢股份,2010-09-30,5,4017.8030,2.38,-1367.9770,3.20,6
600283,钱江水利,2010-09-30,5,1651.7720,5.79,1317.7830,1.17,1
600285,羚锐制药,2010-09-30,3,1285.6660,6.41,-669.5480,9.74,6
600287,江苏舜天,2010-09-30,1,196.2000,0.45,-3.8000,0.46,1
600288,大恒科技,2010-09-30,2,499.9920,1.14,330.6655,0.39,2
600289,亿阳信通,2010-09-30,5,3093.0610,5.49,-629.0010,6.61,5
600290,华仪电气,2010-09-30,1,399.9120,1.46,399.9120,0.00,0
600292,中电远达,2010-09-30,3,833.1630,2.49,257.2760,1.72,2
600297,美罗药业,2010-09-30,6,2081.3950,5.95,1746.9727,0.96,3
600298,安琪酵母,2010-09-30,8,4118.5930,13.46,424.3210,12.07,7
600299,蓝星新材,2010-09-30,1,373.1440,0.71,-145.6760,0.99,2
600300,维维股份,2010-09-30,3,962.3210,0.58,-299.2980,0.75,5
600303,曙光股份,2010-09-30,9,4098.7730,18.46,-655.1620,21.41,10
600305,恒顺醋业,2010-09-30,5,1283.7170,10.10,-96.9760,10.86,5
600306,商业城,2010-09-30,3,1006.8640,5.65,365.1560,3.60,2
600307,酒钢宏兴,2010-09-30,4,2070.7560,1.01,405.8060,0.81,3
600308,华泰股份,2010-09-30,2,315.1880,0.49,-198.8250,0.79,3
600309,万华化学,2010-09-30,7,11886.7800,7.15,-5288.6300,10.33,9
600310,桂东电力,2010-09-30,2,586.1129,3.19,-309.4748,4.87,4
600312,平高电气,2010-09-30,5,5408.8480,6.60,-2285.5910,9.40,5
600315,上海家化,2010-09-30,8,7319.5870,17.30,-228.8470,17.84,8
600316,洪都航空,2010-09-30,2,516.2940,1.15,362.2920,0.44,1
600317,营口港,2010-09-30,2,252.4150,0.23,-51.5100,0.28,2
600318,巢东股份,2010-09-30,1,134.0380,0.55,-265.9680,1.65,3
600321,国栋建设,2010-09-30,2,1913.5870,4.20,1048.4650,3.80,3
600322,天房发展,2010-09-30,4,3153.9400,2.85,-482.7180,3.29,4
600323,南海发展,2010-09-30,6,1429.6244,5.27,110.9624,4.86,6
600326,西藏天路,2010-09-30,5,3564.7930,6.51,423.9980,5.74,4
600327,大东方,2010-09-30,7,11043.1000,21.17,444.0670,20.32,8
600328,兰太实业,2010-09-30,1,54.6670,0.15,-64.6700,0.33,2
600329,中新药业,2010-09-30,4,2947.1290,3.99,2014.3650,2.52,3
600330,天通股份,2010-09-30,2,1416.1890,2.41,-2626.0310,6.86,3
600331,宏达股份,2010-09-30,6,7132.9480,6.91,-336.3550,7.24,7
600332,白云山,2010-09-30,6,2491.2720,3.07,-202.5700,3.32,6
600333,长春燃气,2010-09-30,1,58.5430,0.13,-69.3122,0.28,2
600335,国机汽车,2010-09-30,6,3050.7710,11.06,3050.7710,0.00,0
600336,澳柯玛,2010-09-30,2,579.9600,1.70,-300.6330,2.58,2
600337,美克股份,2010-09-30,8,6770.4650,13.26,-687.3430,14.61,7
600338,西藏珠峰,2010-09-30,2,877.0890,5.54,-12.5170,5.62,2
600339,天利高新,2010-09-30,1,1096.3500,2.09,-260.6740,2.58,2
600345,长江通信,2010-09-30,1,100.5690,0.51,100.5690,0.00,0
600346,大橡塑,2010-09-30,2,266.9990,1.27,266.9990,0.00,0
600350,山东高速,2010-09-30,6,2851.9870,0.85,-2834.7790,1.69,7
600351,亚宝药业,2010-09-30,5,3769.6200,5.96,-3078.0200,10.82,5
600359,新农开发,2010-09-30,3,320.0000,1.00,23.2836,0.92,4
600360,华微电子,2010-09-30,6,2142.6740,4.11,-695.2620,5.44,6
600361,华联综超,2010-09-30,5,7831.1660,16.15,1232.7290,13.61,5
600362,江西铜业,2010-09-30,6,3169.9480,1.05,1549.3250,0.54,4
600365,通葡股份,2010-09-30,5,1529.7300,10.93,149.7400,9.86,4
600366,宁波韵升,2010-09-30,7,4628.7600,11.70,-95.1240,11.94,7
600367,红星发展,2010-09-30,2,1470.7840,5.05,802.7840,2.29,1
600368,五洲交通,2010-09-30,1,179.3340,0.32,-459.9260,1.15,2
600369,西南证券,2010-09-30,2,561.2240,0.24,322.6080,0.13,1
600371,万向德农,2010-09-30,4,326.1780,1.91,76.2850,1.47,1
600372,中航电子,2010-09-30,4,2120.2150,4.37,1219.0640,1.86,2
600373,中文传媒,2010-09-30,7,3803.8610,20.29,-201.3090,21.36,7
600376,首开股份,2010-09-30,3,3437.7070,2.99,2071.7740,1.19,7
600377,宁沪高速,2010-09-30,4,3815.4880,0.76,-894.6200,0.93,6
600378,天科股份,2010-09-30,2,537.1830,1.99,409.0330,0.47,1
600379,宝光股份,2010-09-30,2,1168.8680,5.45,-1354.4330,11.77,5
600380,健康元,2010-09-30,5,5296.8850,4.02,-1289.0760,5.00,6
600382,广东明珠,2010-09-30,4,2496.0840,7.30,262.6000,6.54,3
600383,金地集团,2010-09-30,3,19156.9700,4.28,-3492.0800,5.07,7
600386,北巴传媒,2010-09-30,5,2505.4490,6.21,-634.9110,7.79,6
600388,龙净环保,2010-09-30,4,1505.5890,7.24,391.1110,5.36,3
600390,金瑞科技,2010-09-30,1,248.9140,1.56,248.9140,0.00,0
600391,成发科技,2010-09-30,4,513.2002,3.91,-863.8558,10.49,7
600393,东华实业,2010-09-30,2,387.3530,1.29,-310.3410,2.33,2
600395,盘江股份,2010-09-30,5,2949.9300,2.67,-665.1190,3.28,5
600396,金山股份,2010-09-30,3,1883.4450,5.53,-1805.7410,10.83,7
600399,抚顺特钢,2010-09-30,3,1344.6040,2.59,1344.6040,0.00,0
600400,红豆股份,2010-09-30,3,1087.8270,2.52,1006.1394,0.19,1
600415,小商品城,2010-09-30,5,4880.6920,3.59,-1633.6080,4.79,6
600416,湘电股份,2010-09-30,6,3377.3090,11.10,853.1820,10.74,6
600418,江淮汽车,2010-09-30,5,8760.9900,6.80,4864.3280,3.02,4
600422,昆明制药,2010-09-30,4,2069.1000,6.59,329.2620,5.54,3
600426,华鲁恒升,2010-09-30,5,3122.0210,6.30,-917.4390,8.15,7
600428,中远航运,2010-09-30,6,5708.1210,4.36,-342.6890,4.62,6
600456,宝钛股份,2010-09-30,8,2975.9220,6.92,705.3350,5.28,8
600458,时代新材,2010-09-30,6,2905.9720,12.36,220.2210,11.42,5
600466,迪康药业,2010-09-30,1,200.0000,1.14,0.0000,1.14,1
600468,百利电气,2010-09-30,3,814.8320,2.14,-407.1020,3.21,4
600486,扬农化工,2010-09-30,3,1205.9260,7.00,-716.2590,11.16,7
600488,天药股份,2010-09-30,5,2068.8240,3.81,-1116.4480,5.87,4
600496,精工钢构,2010-09-30,5,2941.0450,7.60,1005.0420,5.00,5
600498,烽火通信,2010-09-30,6,3754.8400,8.50,712.3440,6.89,5
600499,科达机电,2010-09-30,5,4408.1700,7.37,1078.6050,5.56,4
600500,中化国际,2010-09-30,4,3327.6350,2.31,-2618.5820,4.14,4
600501,航天晨光,2010-09-30,1,451.1660,1.39,-189.6320,1.98,2
600503,华丽家族,2010-09-30,3,1255.7620,2.38,-27.0430,2.43,3
600505,西昌电力,2010-09-30,2,900.0000,2.47,-1793.5360,7.39,4
600508,上海能源,2010-09-30,7,2303.6730,3.19,298.9170,2.77,6
600509,天富热电,2010-09-30,2,369.8120,0.56,-1878.9020,3.43,6
600510,黑牡丹,2010-09-30,2,897.4060,1.13,-77.7600,1.23,2
600511,国药股份,2010-09-30,7,6047.8010,12.63,63.0220,12.50,7
600516,方大炭素,2010-09-30,4,1262.2200,0.99,17.6280,0.97,3
600518,康美药业,2010-09-30,4,17398.7100,10.27,-1857.7100,11.36,4
600519,贵州茅台,2010-09-30,6,4162.6320,4.41,294.4620,4.10,5
600520,中发科技,2010-09-30,2,572.0520,5.06,75.2610,4.39,2
600522,中天科技,2010-09-30,6,2501.3900,7.80,141.9420,7.35,6
600523,贵航股份,2010-09-30,2,465.4900,1.61,-73.0060,1.86,3
600525,长园集团,2010-09-30,6,3673.8030,8.51,491.1270,7.37,5
600528,中铁二局,2010-09-30,6,4105.8520,2.81,-1142.3860,3.60,5
600529,山东药玻,2010-09-30,6,5144.5580,19.99,872.0340,16.60,6
600531,豫光金铅,2010-09-30,4,226.5216,0.99,117.2355,0.48,3
600533,栖霞建设,2010-09-30,4,6161.9710,5.87,275.0200,5.61,4
600535,天士力,2010-09-30,7,5738.7440,11.76,-1456.7690,14.74,8
600536,中国软件,2010-09-30,1,220.9600,0.98,-628.5370,3.76,4
600548,深高速,2010-09-30,1,513.3700,0.24,-157.0180,0.31,2
600549,厦门钨业,2010-09-30,4,2002.5100,2.94,580.3930,2.09,3
600550,天威保变,2010-09-30,7,4163.0520,3.56,631.9480,3.02,6
600551,时代出版,2010-09-30,3,918.3310,2.18,-970.8660,4.48,5
600557,康缘药业,2010-09-30,5,5448.5580,13.11,-293.1180,17.96,7
600559,老白干酒,2010-09-30,7,2781.6900,19.87,219.2140,18.30,6
600560,金自天正,2010-09-30,2,411.2945,4.14,30.2665,3.83,3
600563,法拉电子,2010-09-30,8,4033.4620,17.93,446.9710,15.94,8
600568,中珠控股,2010-09-30,1,259.0300,1.56,0.0000,1.56,1
600569,安阳钢铁,2010-09-30,6,5588.3760,2.33,-3112.8930,3.64,7
600571,信雅达,2010-09-30,4,1543.5230,7.93,170.9710,7.05,4
600577,精达股份,2010-09-30,3,2020.3500,6.86,1485.3820,1.82,1
600578,京能电力,2010-09-30,3,689.6388,1.20,533.8048,0.27,3
600580,卧龙电气,2010-09-30,6,3101.7270,7.23,-1079.5620,9.80,6
600581,八一钢铁,2010-09-30,7,4710.1430,6.15,-1569.3090,8.19,8
600582,天地科技,2010-09-30,6,6296.4030,6.22,2233.7980,6.02,5
600583,海油工程,2010-09-30,6,11241.8180,2.89,-1160.1020,3.19,6
600585,海螺水泥,2010-09-30,2,2891.0100,0.82,-1366.5600,1.21,2
600586,金晶科技,2010-09-30,1,705.8470,1.20,-678.9040,2.35,4
600587,新华医疗,2010-09-30,4,1131.6820,8.42,182.9880,7.06,3
600588,用友软件,2010-09-30,6,8815.1820,10.80,550.0380,10.13,6
600590,泰豪科技,2010-09-30,6,3342.6170,7.34,-2808.5980,13.51,8
600592,龙溪股份,2010-09-30,6,3139.7680,10.47,-1.3930,10.47,6
600595,中孚实业,2010-09-30,6,3134.9630,2.65,441.4310,2.28,6
600596,新安股份,2010-09-30,6,6741.8450,9.93,-183.6780,10.20,5
600597,光明乳业,2010-09-30,4,2860.0270,2.75,-2301.8820,4.95,7
600598,北大荒,2010-09-30,7,7931.8240,4.46,-501.2240,4.74,7
600600,青岛啤酒,2010-09-30,6,4782.8110,3.54,914.5110,3.35,4
600601,方正科技,2010-09-30,4,3491.3580,1.59,182.6070,1.92,7
600606,金丰投资,2010-09-30,2,158.7721,0.37,0.0000,0.37,2
600611,大众交通,2010-09-30,1,395.8870,0.25,-263.2500,0.42,2
600612,老凤祥,2010-09-30,3,1111.7200,3.32,931.7350,0.65,1
600613,神奇制药,2010-09-30,1,49.1840,0.33,0.0000,0.33,1
600616,金枫酒业,2010-09-30,5,5830.1920,13.29,-105.8900,13.53,5
600619,海立股份,2010-09-30,1,1301.6600,2.16,187.8800,2.03,1
600621,华鑫股份,2010-09-30,3,425.3790,0.81,-36.0700,0.88,3
600622,嘉宝集团,2010-09-30,3,2012.6370,3.91,-175.2640,4.25,3
600624,复旦复华,2010-09-30,2,127.0059,0.37,-25.9100,0.44,2
600626,申达股份,2010-09-30,4,1212.3830,2.56,784.0400,0.90,2
600628,新世界,2010-09-30,4,4415.4720,8.30,-1141.2580,10.45,4
600629,棱光实业,2010-09-30,2,856.3870,3.18,-302.2720,4.31,4
600630,龙头股份,2010-09-30,1,75.4515,0.18,-110.7067,0.44,2
600635,大众公用,2010-09-30,4,2112.3540,1.28,212.7010,1.27,4
600636,三爱富,2010-09-30,2,781.2110,2.25,704.4462,0.22,1
600639,浦东金桥,2010-09-30,3,1715.2230,1.85,-618.5670,2.76,5
600640,号百控股,2010-09-30,1,61.0942,0.15,-2.2900,0.16,1
600641,万业企业,2010-09-30,5,1344.0840,1.67,145.9770,1.49,3
600642,申能股份,2010-09-30,3,2400.1080,0.83,-32.0860,0.84,3
600643,爱建股份,2010-09-30,3,1781.3530,2.17,819.2120,1.17,2
600644,乐山电力,2010-09-30,5,1787.0510,5.47,1564.8733,0.68,2
600645,中源协和,2010-09-30,1,394.4280,1.21,82.6660,0.96,1
600649,城投控股,2010-09-30,3,5121.5560,2.23,-7219.3350,5.37,5
600651,飞乐音响,2010-09-30,4,2924.8620,4.75,316.4290,4.24,3
600653,申华控股,2010-09-30,2,803.2470,0.46,-163.9100,0.55,2
600654,飞乐股份,2010-09-30,1,191.5520,0.25,-226.6000,0.55,2
600655,豫园商城,2010-09-30,2,9454.9000,6.58,1962.7600,9.38,3
600657,信达地产,2010-09-30,7,8214.2530,5.39,276.2780,5.21,6
600658,电子城,2010-09-30,2,643.6180,1.11,-344.2300,1.70,2
600660,福耀玻璃,2010-09-30,5,14697.9100,7.34,877.6100,6.90,5
600662,强生控股,2010-09-30,2,261.9360,0.32,-53.0100,0.39,2
600664,哈药股份,2010-09-30,4,13938.8600,11.22,-169.0000,11.36,4
600665,天地源,2010-09-30,3,3751.8216,5.21,229.6796,4.89,3
600666,西南药业,2010-09-30,1,251.3160,1.30,-1022.5690,6.59,3
600667,太极实业,2010-09-30,2,1355.6280,2.89,355.6470,2.13,1
600668,尖峰集团,2010-09-30,1,349.9950,1.02,349.9950,0.00,0
600673,东阳光铝,2010-09-30,7,4106.0630,4.96,39.6530,4.91,4
600674,川投能源,2010-09-30,6,1778.1460,1.91,-176.8290,2.10,5
600675,中华企业,2010-09-30,4,6495.7070,4.59,0.0000,4.59,4
600676,交运股份,2010-09-30,2,201.8442,0.28,-1543.5218,2.39,3
600677,航天通信,2010-09-30,2,851.2890,2.61,184.8064,2.04,3
600680,上海普天,2010-09-30,1,131.3900,0.34,131.3900,0.00,0
600682,南京新百,2010-09-30,3,2318.7890,6.47,-101.4210,6.75,3
600683,京投银泰,2010-09-30,5,3992.7300,5.39,-106.1720,5.53,5
600684,珠江实业,2010-09-30,2,366.9560,1.96,0.0000,1.96,2
600685,广船国际,2010-09-30,4,1004.1931,2.03,431.3210,1.16,3
600686,金龙汽车,2010-09-30,4,4031.6640,9.11,49.3540,9.00,4
600688,上海石化,2010-09-30,6,19205.1140,2.67,1426.6950,2.47,7
600690,青岛海尔,2010-09-30,7,11395.1700,8.51,271.9400,8.31,7
600693,东百集团,2010-09-30,8,7117.6080,20.74,1296.6560,16.96,8
600694,大商股份,2010-09-30,8,4591.1120,15.63,915.5380,12.51,6
600697,欧亚集团,2010-09-30,9,3562.5650,22.39,-155.0250,23.37,9
600702,沱牌舍得,2010-09-30,3,1278.0620,3.79,243.8930,3.07,2
600703,三安光电,2010-09-30,7,5567.6040,10.03,-247.2590,10.47,10
600704,物产中大,2010-09-30,5,3366.1880,7.66,808.8330,5.82,6
600707,*ST彩虹,2010-09-30,7,6599.4730,8.96,2944.6360,8.68,6
600708,海博股份,2010-09-30,1,77.6842,0.15,-35.1498,0.22,1
600710,常林股份,2010-09-30,4,1432.1600,2.95,-76.9950,3.10,4
600712,南宁百货,2010-09-30,5,1650.6910,9.51,-114.0230,10.17,5
600713,南京医药,2010-09-30,9,6056.7630,17.47,-392.0120,18.60,9
600716,凤凰股份,2010-09-30,1,881.9440,1.19,881.9440,0.00,0
600717,天津港,2010-09-30,4,4569.2950,2.73,5.3700,2.73,4
600718,东软集团,2010-09-30,5,5188.2240,4.23,1056.4370,4.38,5
600719,大连热电,2010-09-30,2,450.4620,2.23,416.4700,0.17,1
600720,祁连山,2010-09-30,7,6569.1990,13.83,4076.5300,5.25,4
600721,百花村,2010-09-30,2,101.3400,0.72,-922.0750,7.22,3
600723,首商股份,2010-09-30,6,4357.9110,10.64,-685.4550,12.31,8
600724,宁波富达,2010-09-30,1,855.4610,0.59,-250.5260,0.77,2
600725,云维股份,2010-09-30,1,78.1717,0.13,-317.2260,0.64,3
600726,华电能源,2010-09-30,1,194.6670,0.10,-47.6800,0.12,1
600729,重庆百货,2010-09-30,7,3333.1060,16.34,-237.2000,17.50,7
600732,上海新梅,2010-09-30,2,331.5579,1.34,99.9909,0.93,1
600735,新华锦,2010-09-30,1,400.0050,1.91,-312.3530,4.60,2
600736,苏州高新,2010-09-30,5,7852.2040,8.91,-2176.3000,11.38,5
600737,中粮屯河,2010-09-30,4,4283.0520,4.26,648.8210,3.61,3
600738,兰州民百,2010-09-30,7,4471.6240,17.02,628.5310,14.62,6
600739,辽宁成大,2010-09-30,7,14715.9710,16.28,1438.5270,14.69,7
600740,山西焦化,2010-09-30,3,1199.8490,2.12,1199.8490,0.00,0
600741,华域汽车,2010-09-30,8,18152.1700,7.03,9423.2200,3.38,3
600742,一汽富维,2010-09-30,8,3993.8380,18.88,1585.3280,11.39,5
600747,大连控股,2010-09-30,2,386.8880,0.36,188.8420,0.19,1
600748,上实发展,2010-09-30,8,1541.9620,1.42,-191.2560,1.60,8
600749,西藏旅游,2010-09-30,5,2315.6320,14.03,1267.0990,6.35,3
600750,江中药业,2010-09-30,8,5539.6270,18.72,-146.9470,19.22,8
600893,航空动力,2010-09-30,7,2669.1070,4.90,-439.1780,5.71,8
600894,广日股份,2010-09-30,3,2099.5060,2.75,-795.7440,3.80,5
600895,张江高科,2010-09-30,7,4143.6510,2.68,59.6440,2.64,8
600897,厦门空港,2010-09-30,6,1619.4239,5.44,-407.8511,6.81,6
600320,振华重工,2010-09-30,2,1887.5920,0.43,-302.5480,0.50,2
000001,平安银行,2010-09-30,3,11908.9000,3.42,-3577.7900,4.44,4
000002,万科A,2010-09-30,4,42460.4500,3.86,16174.3500,2.39,2
000005,世纪星源,2010-09-30,1,490.9960,0.54,259.9790,0.25,1
000006,深振业A,2010-09-30,3,3320.2630,4.36,2517.0130,1.06,2
000009,中国宝安,2010-09-30,8,20549.8600,18.84,4954.7300,14.30,7
000012,南玻A,2010-09-30,5,12301.8000,5.92,-466.6100,6.14,5
000014,沙河股份,2010-09-30,2,650.0000,3.22,-100.0000,3.72,2
000016,深康佳A,2010-09-30,2,2282.0960,1.90,-1275.5540,2.95,3
000019,深深宝A,2010-09-30,1,143.8130,0.79,-221.3270,2.01,1
000021,长城开发,2010-09-30,7,8182.4200,6.20,-1179.3700,7.10,7
000024,招商地产,2010-09-30,8,10346.8970,6.03,1569.3090,5.11,6
000026,飞亚达A,2010-09-30,7,1918.3970,7.69,-151.2830,8.30,7
000027,深圳能源,2010-09-30,6,3563.5190,1.62,-96.4390,1.66,6
000028,国药一致,2010-09-30,8,4220.5120,14.65,199.3570,13.96,8
000029,深深房A,2010-09-30,1,67.8580,0.07,-16.6300,0.08,1
000031,中粮地产,2010-09-30,8,10610.5330,5.85,1634.1710,4.95,6
000032,深桑达A,2010-09-30,1,144.2840,0.62,-2117.9860,9.71,5
000039,中集集团,2010-09-30,4,6218.1500,2.34,-2154.8900,3.14,4
000042,深长城,2010-09-30,3,542.5430,2.27,276.9410,1.11,2
000043,中航地产,2010-09-30,1,299.9780,1.35,-124.3540,1.91,3
000045,深纺织A,2010-09-30,2,631.6650,1.88,272.6910,1.46,2
000046,泛海建设,2010-09-30,4,4075.2910,1.79,-2120.7870,2.72,6
000050,深天马A,2010-09-30,8,3544.1520,6.17,1591.0070,3.40,6
000055,方大集团,2010-09-30,1,154.0960,0.31,-1210.6480,2.70,4
000059,辽通化工,2010-09-30,8,7583.7090,6.32,391.7610,5.99,7
000060,中金岭南,2010-09-30,7,14339.2020,9.04,-120.4680,9.11,7
000061,农产品,2010-09-30,7,8383.2780,10.91,2260.8540,7.97,6
000063,中兴通讯,2010-09-30,6,18485.1100,6.45,1362.9600,5.97,6
000065,北方国际,2010-09-30,1,88.8397,0.55,0.0000,0.55,1
000066,长城电脑,2010-09-30,6,6417.9100,5.83,2102.6300,3.92,4
000069,华侨城A,2010-09-30,6,15161.1900,4.88,709.6000,4.65,5
000078,海王生物,2010-09-30,3,258.0817,0.40,-49.3409,0.47,3
000088,盐田港,2010-09-30,3,310.2987,0.25,191.7887,0.10,1
000089,深圳机场,2010-09-30,5,4654.3070,2.75,-123.6700,2.83,7
000090,深天健,2010-09-30,7,6914.4030,15.14,-112.8510,15.39,5
000096,广聚能源,2010-09-30,3,511.5040,0.97,148.2088,0.69,3
000099,中信海直,2010-09-30,3,1849.1800,3.60,1678.5173,0.33,2
000151,中成股份,2010-09-30,4,1165.1540,3.94,619.4310,1.84,2
000153,丰原药业,2010-09-30,1,60.0000,0.23,-740.0000,3.08,1
000155,川化股份,2010-09-30,2,99.3583,0.21,-11.6800,0.24,2
000157,中联重科,2010-09-30,2,6550.5900,1.33,430.0600,3.11,3
000301,东方市场,2010-09-30,3,3482.1830,2.86,-3458.6880,5.70,6
000400,许继电气,2010-09-30,9,5084.4210,13.44,-1942.5330,18.58,10
000401,冀东水泥,2010-09-30,5,6587.0400,5.43,148.6100,5.31,5
000402,金融街,2010-09-30,6,16963.7200,5.60,-5131.8500,8.91,7
000404,华意压缩,2010-09-30,1,394.8380,1.22,-1842.7240,6.89,5
000407,胜利股份,2010-09-30,3,3172.0430,6.35,2398.8670,1.55,3
000410,沈阳机床,2010-09-30,4,1663.3560,3.05,220.0410,2.65,4
000411,英特集团,2010-09-30,3,797.4590,3.84,392.9740,1.95,1
000413,宝石A,2010-09-30,3,1660.6540,4.34,96.0970,4.09,4
000415,渤海租赁,2010-09-30,6,2788.6860,9.29,1858.8250,3.10,3
000416,民生投资,2010-09-30,1,1400.0200,2.63,299.9600,2.07,1
000417,合肥百货,2010-09-30,7,6912.3390,14.41,-783.8570,16.04,8
000418,小天鹅A,2010-09-30,5,5865.3990,10.71,1824.6210,7.38,4
000419,通程控股,2010-09-30,2,2049.4690,5.84,375.5680,4.77,3
000420,吉林化纤,2010-09-30,1,226.9920,0.60,-882.6170,2.93,3
000422,湖北宜化,2010-09-30,8,5954.6610,10.98,1472.5980,8.26,5
000423,东阿阿胶,2010-09-30,8,9338.7840,14.28,-385.4070,14.87,8
000425,徐工机械,2010-09-30,9,6334.9270,7.30,-78.3540,7.39,10
000426,兴业矿业,2010-09-30,1,240.6390,0.63,-186.1230,1.12,2
000428,华天酒店,2010-09-30,4,1895.6710,3.43,1182.2430,1.29,1
600754,锦江股份,2010-09-30,5,2016.8220,3.34,1330.3760,1.14,3
600755,厦门国贸,2010-09-30,3,515.7260,0.50,-391.4760,1.42,5
600759,正和股份,2010-09-30,2,190.2221,0.16,101.2905,0.09,1
600760,*ST黑豹,2010-09-30,3,855.6480,2.48,-119.1640,3.57,3
600761,安徽合力,2010-09-30,8,5727.2620,16.04,1844.7340,10.88,6
600763,通策医疗,2010-09-30,5,1534.3390,9.57,928.6620,3.78,3
600765,中航重机,2010-09-30,9,8753.0630,11.25,-253.4140,11.58,8
600770,综艺股份,2010-09-30,5,8195.0370,12.29,5333.9970,6.44,6
600773,西藏城投,2010-09-30,4,1025.4100,1.78,1025.4100,0.00,0
600774,汉商集团,2010-09-30,3,948.3330,5.43,948.3330,0.00,0
600778,友好集团,2010-09-30,7,4373.7940,14.04,253.1450,13.23,7
600779,水井坊,2010-09-30,6,5270.4360,10.79,-960.3570,12.75,8
600780,通宝能源,2010-09-30,1,310.0500,0.36,-489.9940,0.92,2
600782,新钢股份,2010-09-30,3,1878.7440,1.35,-2495.1280,3.14,6
600783,鲁信创投,2010-09-30,1,149.5190,0.40,-44.4521,0.52,2
600784,鲁银投资,2010-09-30,1,93.4500,0.38,93.4500,0.00,0
600785,新华百货,2010-09-30,6,3353.4060,16.17,114.2960,15.62,5
600787,中储股份,2010-09-30,6,4819.2570,5.74,1961.9490,3.40,6
600789,鲁抗医药,2010-09-30,3,1258.2520,2.16,-1198.9350,4.23,5
600790,轻纺城,2010-09-30,2,1120.0000,1.81,720.0050,0.65,1
600795,国电电力,2010-09-30,6,62859.5400,5.07,-21616.7300,6.82,8
600797,浙大网新,2010-09-30,4,1898.9420,2.34,-314.0910,2.72,6
600798,宁波海运,2010-09-30,2,200.3408,0.23,-40.8802,0.28,2
600801,华新水泥,2010-09-30,1,449.9680,1.11,135.2220,0.78,1
600802,福建水泥,2010-09-30,2,491.1030,1.29,14.6060,1.25,2
600803,威远生化,2010-09-30,1,411.7130,1.74,-100.0000,2.16,1
600805,悦达投资,2010-09-30,7,7283.0120,13.35,-626.3480,14.50,7
600806,昆明机床,2010-09-30,2,908.8580,1.71,211.5050,1.64,2
600808,马钢股份,2010-09-30,6,23861.5500,3.10,7831.5650,2.08,7
600809,山西汾酒,2010-09-30,7,2762.2180,6.38,-43.2070,6.48,6
600810,神马股份,2010-09-30,2,823.1040,1.86,-465.8280,2.91,4
600811,东方集团,2010-09-30,3,1838.1900,1.10,447.8700,0.83,2
600812,华北制药,2010-09-30,4,5366.3040,5.22,-1053.1270,6.24,5
600814,杭州解百,2010-09-30,2,878.4610,2.83,-1405.1600,7.36,3
600815,厦工股份,2010-09-30,5,3175.7980,4.07,2975.8040,0.29,1
600816,安信信托,2010-09-30,4,2303.2170,5.07,0.0000,5.07,4
600820,隧道股份,2010-09-30,5,2419.6410,3.30,89.0440,3.18,6
600822,上海物贸,2010-09-30,1,476.8840,0.96,-80.0000,1.12,1
600823,世茂股份,2010-09-30,3,2629.5700,2.25,2217.0120,0.35,1
600824,益民集团,2010-09-30,4,1041.1740,1.42,-4602.5940,7.71,6
600825,新华传媒,2010-09-30,5,4307.8120,4.12,-737.0810,5.79,6
600826,兰生股份,2010-09-30,1,200.0000,0.71,-447.4170,2.31,2
600827,友谊股份,2010-09-30,4,4516.7780,9.57,-73.7040,9.72,4
600828,成商集团,2010-09-30,5,3923.2740,10.73,70.8950,10.54,5
600829,三精制药,2010-09-30,5,2143.2790,5.54,105.5100,5.27,5
600830,香溢融通,2010-09-30,6,4340.5380,9.55,496.9090,8.46,6
600831,广电网络,2010-09-30,5,2982.0860,5.29,-1347.7230,7.68,7
600832,东方明珠,2010-09-30,2,1808.6040,0.57,-698.2570,0.79,2
600833,第一医药,2010-09-30,2,665.0460,4.17,149.9820,3.23,2
600834,申通地铁,2010-09-30,2,87.8279,0.18,-1930.9921,4.23,5
600835,上海机电,2010-09-30,5,6097.5730,5.96,-234.3190,6.19,5
600836,界龙实业,2010-09-30,2,115.3810,0.37,-23.5472,0.44,2
600837,海通证券,2010-09-30,1,5014.7300,0.61,-4498.8100,1.16,2
600838,上海九百,2010-09-30,1,101.6960,0.25,-3637.1290,9.33,4
600839,四川长虹,2010-09-30,6,17224.2220,6.05,-1077.3180,6.43,4
600843,上工申贝,2010-09-30,1,146.0000,0.33,146.0000,0.00,0
600844,丹化科技,2010-09-30,2,1719.9640,2.21,-1097.2950,3.62,3
600845,宝信软件,2010-09-30,1,120.4940,0.46,-286.9310,1.55,3
600846,同济科技,2010-09-30,2,167.6196,0.32,18.5516,0.29,1
600848,自仪股份,2010-09-30,1,181.0200,0.45,-223.4540,1.01,1
601607,上海医药,2010-09-30,9,15693.0400,7.88,884.9800,7.43,8
600850,华东电脑,2010-09-30,5,1476.1833,8.63,-473.1607,11.40,6
600855,航天长峰,2010-09-30,2,249.3752,0.85,-34.2400,0.97,2
600856,长百集团,2010-09-30,1,278.2900,1.19,-77.0800,1.51,1
600857,工大首创,2010-09-30,1,661.6880,2.95,353.3730,1.37,1
600858,银座股份,2010-09-30,8,4173.9800,14.45,108.5210,14.07,8
600859,王府井,2010-09-30,5,2865.8420,7.29,51.4240,7.16,5
600860,北人股份,2010-09-30,1,804.3080,1.91,-312.9640,2.65,2
600861,北京城乡,2010-09-30,6,3871.6850,12.22,1326.0020,8.04,3
600862,南通科技,2010-09-30,1,89.9940,0.28,0.0000,0.28,1
600863,内蒙华电,2010-09-30,7,9997.7440,5.05,3123.1610,3.47,6
600865,百大集团,2010-09-30,2,789.1700,2.10,-382.7260,3.11,2
600866,星湖科技,2010-09-30,7,6171.0900,11.84,-1352.5830,14.44,7
600867,通化东宝,2010-09-30,5,2477.8660,4.31,-809.5940,5.72,6
600869,远东电缆,2010-09-30,5,711.2749,1.66,-295.3541,8.39,5
600870,厦华电子,2010-09-30,1,577.4780,1.56,-546.5560,3.03,2
600871,仪征化纤,2010-09-30,2,3711.1500,0.93,581.2490,0.78,2
600872,中炬高新,2010-09-30,3,1413.5060,1.77,291.3160,1.55,1
600873,梅花集团,2010-09-30,6,1658.1650,15.32,857.6860,7.40,2
600874,创业环保,2010-09-30,2,310.3170,0.22,86.8270,0.16,2
600875,东方电气,2010-09-30,7,7563.2820,3.77,4022.0530,3.53,6
600877,中国嘉陵,2010-09-30,1,368.7160,0.54,-551.9500,1.34,3
600879,航天电子,2010-09-30,7,6345.7980,7.82,471.5130,7.24,7
600880,博瑞传播,2010-09-30,6,6631.2870,10.77,-412.6330,11.44,6
600881,亚泰集团,2010-09-30,5,6594.3400,3.48,3428.1420,1.67,3
600883,博闻科技,2010-09-30,1,840.2180,3.56,73.0850,3.25,1
600884,杉杉股份,2010-09-30,6,2408.9300,5.86,-451.8750,6.96,5
600886,国投电力,2010-09-30,4,5993.6410,3.00,-95.1740,3.05,4
600887,伊利股份,2010-09-30,8,12205.6000,15.27,-886.7900,16.38,8
600888,新疆众和,2010-09-30,3,1170.7440,3.33,-243.7590,4.02,3
600889,南京化纤,2010-09-30,2,999.8960,3.26,704.5280,0.96,1
000488,晨鸣纸业,2010-09-30,3,6066.4600,2.94,-402.6900,3.14,3
000501,鄂武商A,2010-09-30,4,6163.8160,12.15,1635.7590,8.93,4
000503,海虹控股,2010-09-30,3,2034.4400,2.72,49.7120,2.65,3
000507,珠海港,2010-09-30,5,2529.2120,7.33,895.6880,4.73,3
000511,银基发展,2010-09-30,5,3496.0460,3.03,-183.3180,3.19,5
000513,丽珠集团,2010-09-30,5,2350.1920,7.95,191.7520,7.30,4
000514,渝开发,2010-09-30,5,1880.1560,2.70,1278.8720,0.86,3
000516,开元投资,2010-09-30,2,2885.9850,4.05,-758.6700,5.11,3
000519,江南红箭,2010-09-30,1,433.1780,2.27,-1140.3200,8.23,4
000523,广州浪奇,2010-09-30,1,109.3820,0.63,109.3820,0.00,0
000525,红太阳,2010-09-30,2,1634.4800,5.83,129.3350,5.37,2
000528,柳工,2010-09-30,8,6660.4720,10.24,-89.3310,10.38,8
000530,大冷股份,2010-09-30,4,1609.3700,4.60,727.0840,2.52,3
000531,穗恒运A,2010-09-30,1,188.8420,0.71,-521.9580,2.67,2
000532,力合股份,2010-09-30,1,69.9637,0.20,-82.7600,0.44,2
000533,万家乐,2010-09-30,2,900.0000,1.30,-520.4780,2.06,3
000534,万泽股份,2010-09-30,2,870.0930,3.41,520.1120,1.37,1
000536,华映科技,2010-09-30,2,1242.9660,1.77,-1116.4570,3.37,4
000537,广宇发展,2010-09-30,6,4824.4280,9.41,1238.8810,6.99,4
000538,云南白药,2010-09-30,7,6072.5410,8.75,1048.6040,9.41,7
000539,粤电力A,2010-09-30,4,5196.6900,1.86,1093.1800,1.47,3
000540,中天城投,2010-09-30,7,5262.4540,5.76,1216.9800,4.43,6
000541,佛山照明,2010-09-30,5,6875.1060,7.03,-1221.0710,8.27,6
000543,皖能电力,2010-09-30,1,948.9750,1.23,0.0000,1.23,1
000544,中原环保,2010-09-30,1,59.9910,0.22,59.9910,0.00,0
000546,光华控股,2010-09-30,5,1341.8920,7.92,-79.7380,8.39,5
000547,闽福发A,2010-09-30,5,2783.0610,11.37,-495.0060,13.39,6
000548,湖南投资,2010-09-30,1,100.0000,0.20,-240.3580,0.68,2
000550,江铃汽车,2010-09-30,4,3664.5520,4.25,677.9670,3.46,3
000551,创元科技,2010-09-30,5,1599.2600,6.62,-367.5340,8.14,5
000552,靖远煤电,2010-09-30,2,292.1969,1.64,292.1969,0.00,0
000554,泰山石油,2010-09-30,1,368.2120,0.77,-111.1940,1.00,2
000559,万向钱潮,2010-09-30,6,12794.8360,10.44,707.9090,9.86,7
000560,昆百大A,2010-09-30,3,906.7350,6.75,207.9463,5.20,2
000562,宏源证券,2010-09-30,4,3077.8960,2.11,-57.2120,2.15,5
000564,西安民生,2010-09-30,7,2229.2140,7.33,347.8660,6.18,6
000565,渝三峡A,2010-09-30,3,1143.1290,6.59,333.3240,4.67,1
000566,海南海药,2010-09-30,8,4444.4990,21.03,1349.9150,14.64,6
000568,泸州老窖,2010-09-30,9,11044.0600,7.92,-857.3110,8.54,9
000570,苏常柴A,2010-09-30,1,399.9910,0.71,399.9910,0.00,0
000571,新大洲A,2010-09-30,2,338.5500,0.46,-69.0900,0.55,2
000572,海马汽车,2010-09-30,3,1868.0230,1.79,1578.4310,0.28,2
000573,粤宏远A,2010-09-30,2,286.4350,0.46,-58.4500,0.55,2
000581,威孚高科,2010-09-30,7,6290.9610,11.09,277.0270,10.60,7
000582,北海港,2010-09-30,3,367.9698,2.59,-162.2262,3.73,3
000589,黔轮胎A,2010-09-30,2,81.8778,0.32,-146.0548,0.90,3
000591,桐君阁,2010-09-30,2,274.9950,1.40,-75.9050,1.79,2
000592,中福实业,2010-09-30,5,3149.8510,5.44,2749.8560,0.69,1
000594,*ST国恒,2010-09-30,2,274.8210,0.18,-185.5850,0.37,3
000596,古井贡酒,2010-09-30,3,1151.1560,4.90,-131.9630,5.46,4
000597,东北制药,2010-09-30,4,793.2631,2.38,149.5911,1.93,3
000598,兴蓉投资,2010-09-30,5,3012.3380,6.52,-296.1220,7.16,6
000599,青岛双星,2010-09-30,1,299.9900,0.57,34.3079,0.51,2
000600,建投能源,2010-09-30,2,126.0796,0.14,39.5081,0.09,1
000601,韶能股份,2010-09-30,4,2657.8940,2.87,-197.0200,3.08,4
000607,华智控股,2010-09-30,1,1572.7000,3.22,-337.8810,3.92,3
000608,阳光股份,2010-09-30,1,421.9800,0.56,-1772.1910,2.93,4
000610,西安旅游,2010-09-30,3,1494.3470,7.60,939.5140,2.82,1
000612,焦作万方,2010-09-30,7,2696.3480,5.62,-410.2570,6.47,6
000616,亿城股份,2010-09-30,3,3490.6220,3.51,-1326.2170,4.85,6
000617,*ST济柴,2010-09-30,1,595.8680,2.07,-324.0321,3.20,4
000619,海螺型材,2010-09-30,3,694.5690,1.93,109.2940,1.63,4
000623,吉林敖东,2010-09-30,5,2130.1580,3.72,-762.6640,5.05,6
000625,长安汽车,2010-09-30,3,3240.8450,1.39,1117.1190,0.91,2
000627,天茂集团,2010-09-30,2,435.8080,0.32,-46.1900,0.36,2
000630,铜陵有色,2010-09-30,9,6824.5750,5.27,478.3120,4.90,9
000631,顺发恒业,2010-09-30,3,453.1703,0.43,7.5800,0.43,3
000635,英力特,2010-09-30,2,700.0000,3.95,-206.2450,5.12,3
000636,风华高科,2010-09-30,2,262.3830,0.39,-1567.6170,2.73,1
000639,西王食品,2010-09-30,6,1176.1710,16.14,-24.5540,16.48,6
000650,仁和药业,2010-09-30,8,7519.4630,17.90,1194.8200,15.05,9
000651,格力电器,2010-09-30,4,14328.6600,5.08,7218.9800,3.78,3
000652,泰达股份,2010-09-30,6,6073.3000,4.12,-2000.8150,5.47,7
000655,金岭矿业,2010-09-30,4,1131.0160,1.90,-181.6100,2.20,3
000656,金科股份,2010-09-30,6,1987.6210,7.95,85.7560,7.61,6
000659,珠海中富,2010-09-30,2,480.0530,0.70,-33.9500,0.75,2
000661,长春高新,2010-09-30,7,1403.6070,10.69,465.9320,7.14,5
000663,永安林业,2010-09-30,3,591.7590,2.92,-549.4179,5.63,4
000665,湖北广电,2010-09-30,5,2110.9150,11.89,481.1104,9.18,5
000667,名流置业,2010-09-30,4,7599.8700,2.97,-3783.4100,4.45,5
000669,金鸿能源,2010-09-30,8,1709.4361,18.48,1709.4361,0.00,0
000671,阳光城,2010-09-30,1,199.9980,0.37,41.0797,0.47,2
000677,恒天海龙,2010-09-30,3,770.4490,0.89,606.7240,0.19,1
000678,襄阳轴承,2010-09-30,5,2375.7250,7.89,-571.3690,9.79,5
000679,大连友谊,2010-09-30,4,1040.1940,4.38,566.2280,1.99,2
000680,山推股份,2010-09-30,9,9182.5880,12.10,1025.4360,10.74,8
000682,东方电子,2010-09-30,3,834.3570,0.85,-191.8200,1.05,3
000683,远兴能源,2010-09-30,1,199.9990,0.26,-4745.0610,6.44,5
000685,中山公用,2010-09-30,3,685.1640,1.14,-236.3330,1.54,4
000686,东北证券,2010-09-30,4,1032.1050,1.61,-233.9755,1.98,6
000687,恒天天鹅,2010-09-30,2,677.8026,1.06,556.2146,0.19,1
000690,宝新能源,2010-09-30,7,6081.5310,3.52,534.5780,3.21,5
001696,宗申动力,2010-09-30,7,9940.6180,9.74,-4214.4420,13.86,7
000698,沈阳化工,2010-09-30,3,1702.1400,2.58,-647.3000,3.55,5
000707,双环科技,2010-09-30,1,199.9960,0.43,-199.9930,0.86,2
000708,大冶特钢,2010-09-30,4,3378.9560,7.52,-383.3480,8.37,5
000709,河北钢铁,2010-09-30,7,22274.4200,3.24,1158.9200,3.07,6
000712,锦龙股份,2010-09-30,3,1297.9810,4.26,-1090.9090,7.84,6
000713,丰乐种业,2010-09-30,7,2375.0150,8.80,842.2028,5.68,6
000715,中兴商业,2010-09-30,6,2465.5300,8.84,-1230.3310,13.25,7
000716,南方食品,2010-09-30,8,2449.3550,13.74,755.5290,9.50,6
000717,*ST韶钢,2010-09-30,6,5157.3740,3.09,-1083.8720,3.74,7
000718,苏宁环球,2010-09-30,4,6843.7300,4.02,1804.3500,2.96,4
000720,新能泰山,2010-09-30,2,1601.5680,1.85,1104.1290,0.58,2
000721,西安饮食,2010-09-30,3,1351.1640,6.77,943.9740,2.04,1
000726,鲁泰A,2010-09-30,4,2700.8950,2.71,636.4530,2.08,3
000728,国元证券,2010-09-30,6,4212.7470,2.14,216.2060,2.03,5
000729,燕京啤酒,2010-09-30,7,11460.7650,9.47,-3356.6950,12.24,8
000738,中航动控,2010-09-30,1,191.9790,0.20,191.9790,0.00,0
000753,漳州发展,2010-09-30,1,400.0000,1.26,0.0000,1.26,1
000755,山西三维,2010-09-30,2,372.7000,0.79,-1279.9600,3.52,3
000756,新华制药,2010-09-30,1,65.1556,0.14,-384.8344,0.98,1
000758,中色股份,2010-09-30,8,5270.8910,8.25,1548.2380,5.83,8
000759,中百集团,2010-09-30,6,8561.3150,12.57,-211.7550,12.88,6
000761,本钢板材,2010-09-30,1,1568.9400,0.50,1568.9400,0.00,0
000762,西藏矿业,2010-09-30,5,2123.7420,7.70,-305.1200,8.81,5
000766,通化金马,2010-09-30,1,179.9960,0.40,-49.9990,0.51,1
000767,漳泽电力,2010-09-30,1,134.3290,0.10,8.3190,0.10,1
000768,中航飞机,2010-09-30,7,8309.3420,3.35,792.8120,3.03,7
000776,广发证券,2010-09-30,2,225.7190,0.09,-906.7365,0.45,6
000777,中核科技,2010-09-30,2,373.4500,1.85,25.4788,1.73,2
000778,新兴铸管,2010-09-30,7,10245.7970,5.35,-89.8930,5.39,6
000780,平庄能源,2010-09-30,9,4205.3570,4.15,3382.2850,0.81,4
000783,长江证券,2010-09-30,1,2067.6400,0.95,-1561.9000,1.67,2
000785,武汉中商,2010-09-30,5,2184.5670,8.70,2184.5670,0.00,0
000786,北新建材,2010-09-30,8,4966.4490,8.64,-2357.7910,12.73,8
000788,北大医药,2010-09-30,6,4027.7160,9.68,-494.6720,10.86,7
000789,江西水泥,2010-09-30,4,3348.7770,8.46,3348.7770,0.00,0
000791,甘肃电投,2010-09-30,1,409.5390,2.17,-201.2490,3.23,1
000792,盐湖股份,2010-09-30,7,7203.2280,9.38,-524.5260,10.07,8
000793,华闻传媒,2010-09-30,2,2489.8630,1.83,-494.9580,2.19,3
000796,易食股份,2010-09-30,2,1326.6870,5.38,386.6980,3.81,1
000799,酒鬼酒,2010-09-30,3,1014.0540,3.35,-652.0040,5.50,6
000800,一汽轿车,2010-09-30,7,13515.1100,8.30,-234.5600,8.45,7
000801,四川九洲,2010-09-30,3,1033.1940,5.44,-15.0330,5.52,3
000807,云铝股份,2010-09-30,5,3066.4600,2.59,-583.5420,3.08,7
000811,烟台冰轮,2010-09-30,8,4014.8160,15.26,-231.9960,16.14,7
000812,陕西金叶,2010-09-30,1,1120.9100,3.01,-135.0000,3.37,1
000816,江淮动力,2010-09-30,6,6903.7290,8.16,5805.6240,1.30,4
000819,岳阳兴长,2010-09-30,2,260.5392,1.34,0.0000,1.34,2
000822,山东海化,2010-09-30,3,3680.0340,4.11,-1351.4880,5.62,4
000823,超声电子,2010-09-30,4,1646.4300,3.74,-4453.5910,13.85,7
000825,太钢不锈,2010-09-30,9,18091.6400,3.18,-1830.9600,3.50,9
000826,桑德环境,2010-09-30,9,5715.0360,13.83,2050.4210,8.87,7
000829,天音控股,2010-09-30,5,5776.8460,6.10,880.0440,5.17,5
000830,鲁西化工,2010-09-30,2,1599.9990,1.53,599.7520,0.96,2
000833,贵糖股份,2010-09-30,2,217.6000,0.73,217.6000,0.00,0
000836,鑫茂科技,2010-09-30,1,149.9940,0.51,19.9970,0.44,1
000837,秦川发展,2010-09-30,8,6919.9720,19.84,1213.4380,16.36,9
000839,中信国安,2010-09-30,5,4538.0570,2.89,-959.0090,3.51,6
000848,承德露露,2010-09-30,9,5597.0430,18.40,1789.1130,20.03,9
000852,江钻股份,2010-09-30,1,40.6355,0.10,-48.0600,0.22,2
000858,五粮液,2010-09-30,7,12699.3600,3.35,691.2900,3.16,6
000860,顺鑫农业,2010-09-30,6,3849.0650,8.78,691.9380,7.20,5
000861,海印股份,2010-09-30,5,1860.6300,3.78,805.3510,2.14,5
000862,银星能源,2010-09-30,3,531.1765,2.25,-140.2605,2.85,3
000869,张裕A,2010-09-30,1,376.5880,0.71,-377.2900,1.43,2
000875,吉电股份,2010-09-30,3,508.7510,0.61,-666.7070,1.40,3
000876,新希望,2010-09-30,4,2634.4050,3.16,1121.0550,2.00,3
000877,天山股份,2010-09-30,5,3638.0810,9.35,710.1010,7.53,5
000878,云南铜业,2010-09-30,9,4867.6330,3.87,-494.1750,4.27,9
000880,潍柴重机,2010-09-30,3,1205.5770,4.37,-983.0680,7.93,5
000881,大连国际,2010-09-30,3,2367.9860,7.67,622.4510,5.65,2
000882,华联股份,2010-09-30,2,766.5210,1.55,766.5210,0.00,0
000886,海南高速,2010-09-30,2,600.6910,0.61,-370.5710,0.98,3
000887,中鼎股份,2010-09-30,6,2570.2990,6.04,-1475.9610,9.51,7
000888,峨眉山A,2010-09-30,6,3705.1080,15.75,-1057.9450,20.25,7
000889,茂业物流,2010-09-30,4,1780.1630,5.26,1780.1630,0.00,0
000893,东凌粮油,2010-09-30,6,1433.0580,6.46,-599.1860,9.15,6
000895,双汇发展,2010-09-30,7,7021.5980,11.59,-724.0000,12.78,8
000897,津滨发展,2010-09-30,6,5841.6090,3.61,-150.6800,3.71,6
000898,*ST鞍钢,2010-09-30,5,8183.1000,1.13,-5521.6700,1.89,8
000899,赣能股份,2010-09-30,1,82.0307,0.13,-97.0387,0.28,2
000900,现代投资,2010-09-30,7,3047.7620,7.64,906.6180,5.36,7
000901,航天科技,2010-09-30,5,2235.4780,8.93,88.2120,8.58,5
000903,云内动力,2010-09-30,4,1021.9010,2.70,-1024.3640,5.41,6
000906,物产中拓,2010-09-30,1,131.7570,0.40,10.0000,0.37,1
000909,数源科技,2010-09-30,1,63.5839,0.32,63.5839,0.00,0
000910,大亚科技,2010-09-30,3,1357.1460,2.57,-500.0000,3.52,3
000911,南宁糖业,2010-09-30,6,2956.3720,10.31,1567.9272,4.84,5
000912,泸天化,2010-09-30,6,1727.0110,2.95,-822.7334,4.36,6
000913,钱江摩托,2010-09-30,2,423.0830,0.93,-262.4120,1.51,3
000915,山大华特,2010-09-30,6,2823.3630,15.66,905.9630,10.64,5
000916,华北高速,2010-09-30,1,110.6100,0.10,-260.4700,0.34,3
000917,电广传媒,2010-09-30,7,3246.1900,7.99,-968.5350,10.37,7
000918,嘉凯城,2010-09-30,5,2861.9250,1.59,373.1150,1.38,5
000919,金陵药业,2010-09-30,8,5773.5320,11.46,1938.0310,7.61,6
000920,南方汇通,2010-09-30,1,205.4170,0.49,-170.8590,0.89,2
000921,海信科龙,2010-09-30,3,1387.5950,1.02,976.9280,0.30,2
000925,众合机电,2010-09-30,6,1434.6765,5.14,1434.6765,0.00,0
000926,福星股份,2010-09-30,9,9674.3240,13.63,-587.6940,14.45,10
000927,一汽夏利,2010-09-30,7,9023.9530,5.66,740.8350,5.19,6
000930,中粮生化,2010-09-30,5,9148.8760,9.49,165.3700,9.32,7
000932,华菱钢铁,2010-09-30,7,25836.9150,9.44,7283.6450,6.78,6
000933,神火股份,2010-09-30,6,7518.1090,7.16,518.3990,6.67,5
000937,冀中能源,2010-09-30,5,4417.1440,3.82,-353.4090,4.13,8
000939,凯迪电力,2010-09-30,7,6760.9590,11.47,4301.9010,4.17,4
000948,南天信息,2010-09-30,1,150.0000,0.71,-1011.5750,5.52,3
000949,新乡化纤,2010-09-30,2,176.0381,0.28,-109.8389,0.45,2
000951,中国重汽,2010-09-30,8,2283.2590,5.44,-594.2500,6.86,8
000952,广济药业,2010-09-30,1,551.7980,2.19,-349.3320,3.58,2
000959,首钢股份,2010-09-30,3,1801.2310,0.61,-5391.3310,2.42,7
000960,锡业股份,2010-09-30,7,5882.8480,7.34,-536.6120,8.01,8
000961,中南建设,2010-09-30,7,5296.4190,4.54,-969.1320,5.37,7
000962,东方钽业,2010-09-30,6,2023.7970,5.68,1223.7860,2.24,4
000963,华东医药,2010-09-30,8,5376.9630,12.39,-637.7450,13.86,8
000965,天保基建,2010-09-30,2,821.8260,1.78,-752.4380,3.41,3
000968,煤气化,2010-09-30,6,2384.2510,4.64,-12.8510,4.67,6
000969,安泰科技,2010-09-30,8,5439.3690,6.36,-100.9460,6.48,8
000970,中科三环,2010-09-30,1,560.6030,1.10,-612.7490,2.31,3
000972,新中基,2010-09-30,3,4393.2350,9.11,38.0150,9.03,3
000973,佛塑科技,2010-09-30,7,7768.4070,12.68,705.8780,11.53,6
000978,桂林旅游,2010-09-30,7,2045.1820,5.68,467.0780,4.38,5
000979,中弘股份,2010-09-30,4,459.1127,0.82,459.1127,0.00,0
000982,中银绒业,2010-09-30,3,699.5420,2.81,416.3139,1.71,2
000983,西山煤电,2010-09-30,6,13879.9500,4.40,-2002.2500,5.04,7
000985,大庆华科,2010-09-30,1,366.1380,2.82,48.1750,2.45,1
000987,广州友谊,2010-09-30,8,3982.9020,11.10,-815.3830,13.37,9
000988,华工科技,2010-09-30,6,2534.2780,6.22,-1760.4200,10.54,8
000989,九芝堂,2010-09-30,5,1810.7290,6.08,37.2770,5.96,4
000990,诚志股份,2010-09-30,2,749.9610,2.52,-1686.0090,8.20,4
000995,皇台酒业,2010-09-30,3,1123.7501,6.33,1123.7501,0.00,0
000996,中国中期,2010-09-30,4,1212.7680,5.27,335.6600,3.81,4
000997,新大陆,2010-09-30,1,263.4960,0.52,-1925.4520,4.29,5
000998,隆平高科,2010-09-30,4,2062.0880,7.44,-370.0810,8.77,7
000999,华润三九,2010-09-30,8,6232.0640,6.37,-2368.2030,8.79,9
600537,亿晶光电,2010-09-30,6,3011.9210,13.09,-316.3140,14.47,7
600408,安泰集团,2010-09-30,1,700.0000,0.70,224.5440,0.47,3
600576,万好万家,2010-09-30,6,1874.6990,8.60,-24.3920,8.71,7
600573,惠泉啤酒,2010-09-30,5,2784.3270,11.14,-877.4720,14.65,7
600521,华海药业,2010-09-30,7,7710.7260,17.18,-11.4830,17.20,7
600460,士兰微,2010-09-30,3,1287.9270,2.97,-557.6210,4.57,4
600039,四川路桥,2010-09-30,1,100.0000,0.33,32.7901,0.22,1
600575,芜湖港,2010-09-30,2,1639.7390,4.61,-535.5800,6.11,4
600375,华菱星马,2010-09-30,1,136.1800,0.73,-548.0500,3.65,2
600343,航天动力,2010-09-30,3,1098.7920,4.58,1098.7920,0.00,0
600502,安徽水利,2010-09-30,5,2297.8540,10.30,1691.3720,2.72,2
600481,双良节能,2010-09-30,2,1168.4450,1.44,-1792.1040,3.65,4
600004,白云机场,2010-09-30,4,1551.1380,1.35,-256.4210,1.57,3
600459,贵研铂业,2010-09-30,2,422.0229,3.78,-159.1131,5.20,3
600570,恒生电子,2010-09-30,6,11814.8500,18.94,132.6500,18.73,5
600392,盛和资源,2010-09-30,1,160.0130,1.02,5.7080,0.99,1
600584,长电科技,2010-09-30,2,439.0430,0.59,-443.6470,1.18,4
600251,冠农股份,2010-09-30,5,2135.0500,5.90,889.1750,3.44,4
600436,片仔癀,2010-09-30,4,832.7430,5.95,-517.4980,9.64,5
600273,华芳纺织,2010-09-30,2,1371.5520,4.35,-2624.9420,12.69,7
600031,三一重工,2010-09-30,8,12526.7090,5.20,302.1790,5.07,8
600435,北方导航,2010-09-30,2,959.9610,1.29,808.5077,0.20,2
600439,瑞贝卡,2010-09-30,7,6825.3860,9.23,-247.3720,9.56,7
600271,航天信息,2010-09-30,5,7586.9100,8.22,1047.5430,7.08,5
600423,柳化股份,2010-09-30,6,4220.2580,10.57,-1386.4670,14.04,7
600475,华光股份,2010-09-30,7,2764.4170,10.80,263.9170,9.77,7
600425,青松建化,2010-09-30,7,4574.6190,9.56,109.4120,12.10,7
600029,南方航空,2010-09-30,6,20886.6600,2.61,1992.1400,2.36,8
600546,山煤国际,2010-09-30,6,3064.8940,4.09,-2245.9550,7.08,8
600352,浙江龙盛,2010-09-30,2,5135.9000,3.50,145.3300,3.40,3
600485,中创信测,2010-09-30,3,1414.3370,10.21,-1094.3010,18.10,6
600020,中原高速,2010-09-30,3,675.4490,0.32,193.8620,0.23,2
600489,中金黄金,2010-09-30,9,5999.5560,4.22,141.9890,7.41,10
600480,凌云股份,2010-09-30,5,2019.5590,6.47,659.9410,4.36,3
600348,阳泉煤业,2010-09-30,7,11658.2270,4.85,-755.7210,5.16,7
600487,亨通光电,2010-09-30,6,2168.1060,13.05,-805.8230,17.90,8
600547,山东黄金,2010-09-30,7,6532.6410,4.59,-1486.3130,5.63,8
600449,宁夏建材,2010-09-30,3,335.0140,1.72,-92.6120,2.19,4
600432,吉恩镍业,2010-09-30,4,970.4130,1.20,121.1020,1.05,4
600015,华夏银行,2010-09-30,1,5919.9800,1.19,5919.9800,0.00,0
600429,三元股份,2010-09-30,2,2700.9000,3.05,1589.0930,1.26,2
600478,科力远,2010-09-30,1,67.0000,0.21,-568.3680,2.22,4
600507,方大特钢,2010-09-30,2,669.8010,0.98,-447.1250,1.63,4
600403,大有能源,2010-09-30,4,815.4990,6.40,325.4490,3.84,2
600517,置信电气,2010-09-30,3,2517.1170,4.07,-2535.0900,8.17,4
600406,国电南瑞,2010-09-30,7,7133.9630,13.98,-314.9430,14.60,7
600469,风神股份,2010-09-30,4,1881.9170,5.02,1047.4010,2.23,2
600021,上海电力,2010-09-30,1,250.9240,0.12,-1015.1090,0.59,2
600184,光电股份,2010-09-30,6,1047.7720,9.98,-410.8760,13.89,9
600900,长江电力,2010-09-30,3,16939.8700,1.03,1981.2000,1.36,4
600527,江南高纤,2010-09-30,1,539.8190,1.54,-647.5940,3.38,2
600545,新疆城建,2010-09-30,3,809.9850,1.20,603.5050,0.31,2
600476,湘邮科技,2010-09-30,2,429.9740,2.67,-147.8180,3.59,2
600446,金证股份,2010-09-30,2,705.9890,5.14,228.9940,3.47,1
600540,新赛股份,2010-09-30,3,1078.2588,4.63,296.5495,3.36,3
600354,敦煌种业,2010-09-30,6,3106.5270,16.70,-352.5330,18.60,7
600249,两面针,2010-09-30,1,91.3274,0.20,-108.0396,0.44,2
000100,TCL集团,2010-09-30,2,6755.3600,1.59,351.1800,2.18,2
600444,*ST国通,2010-09-30,1,100.0000,0.95,-279.3550,3.61,2
600325,华发股份,2010-09-30,5,7321.9640,8.96,-1182.4390,10.41,6
600438,通威股份,2010-09-30,2,2339.0900,3.40,717.9850,2.36,2
600452,涪陵电力,2010-09-30,4,699.9810,4.37,-636.1220,8.35,8
600470,六国化工,2010-09-30,2,992.3550,3.04,-601.3490,7.05,4
600035,楚天高速,2010-09-30,5,4799.9850,5.15,-2637.7170,7.98,6
600479,千金药业,2010-09-30,4,2578.7330,8.46,-575.6640,10.35,5
600284,浦东建设,2010-09-30,3,1493.5100,4.32,-2502.1480,11.55,5
600463,空港股份,2010-09-30,1,700.0000,2.78,-398.2200,4.36,1
600594,益佰制药,2010-09-30,6,3948.4950,16.79,-199.6510,17.64,6
600543,莫高股份,2010-09-30,4,1786.9140,5.56,44.1010,5.43,5
600405,动力源,2010-09-30,2,624.8900,2.86,248.2120,1.80,2
600467,好当家,2010-09-30,7,4209.5930,6.64,1897.1580,3.65,5
002181,粤传媒,2010-09-30,1,177.4490,0.51,-176.0680,1.01,2
600969,郴电国际,2010-09-30,1,743.5220,3.54,743.5220,0.00,0
600572,康恩贝,2010-09-30,3,1669.0130,5.15,-959.8810,8.11,6
600976,武汉健民,2010-09-30,4,1269.1960,8.27,45.2400,7.98,4
600497,驰宏锌锗,2010-09-30,5,3235.5150,3.21,-159.6180,3.37,5
600410,华胜天成,2010-09-30,1,626.4750,1.24,-1241.9000,3.68,2
600985,雷鸣科化,2010-09-30,1,173.0290,1.60,91.5245,0.75,1
600990,四创电子,2010-09-30,7,1772.0560,15.07,637.4120,9.65,6
600993,马应龙,2010-09-30,4,1605.5140,9.68,332.2830,7.68,3
600967,北方创业,2010-09-30,3,839.9506,4.85,-367.3144,6.97,4
600491,龙元建设,2010-09-30,1,900.0000,1.90,900.0000,0.00,0
600963,岳阳林纸,2010-09-30,7,6879.9740,10.55,-3979.0360,16.65,7
600495,晋西车轴,2010-09-30,4,1094.4833,3.62,1094.4833,0.00,0
600461,洪城水业,2010-09-30,5,737.6873,5.27,-809.2537,11.05,6
600997,开滦股份,2010-09-30,7,4538.5840,3.68,305.4520,3.43,6
600421,*ST国药,2010-09-30,2,278.7540,1.43,278.7540,0.00,0
600966,博汇纸业,2010-09-30,7,5809.8810,11.51,235.4050,11.05,7
600975,新五丰,2010-09-30,3,553.7330,3.07,93.5240,2.55,1
600995,文山电力,2010-09-30,2,801.1660,1.67,401.1690,0.84,1
600420,现代制药,2010-09-30,6,3469.3870,12.06,370.9010,10.77,7
002001,新和成,2010-09-30,9,4312.6040,8.91,-761.1910,10.48,9
002003,伟星股份,2010-09-30,9,4221.1320,20.35,-803.6070,24.55,9
600962,国投中鲁,2010-09-30,3,342.7870,1.70,-207.7110,2.73,2
002004,华邦颖泰,2010-09-30,3,995.3370,7.54,34.1950,7.28,3
002005,德豪润达,2010-09-30,2,466.2340,1.44,-3368.2310,11.86,5
600143,金发科技,2010-09-30,4,7484.7400,5.36,3888.4520,2.58,3
002007,华兰生物,2010-09-30,6,8969.8900,15.57,-229.4590,15.97,6
002008,大族激光,2010-09-30,6,3927.9730,5.64,356.8170,5.13,5
600022,山东钢铁,2010-09-30,4,2536.5730,0.81,1614.7930,0.30,2
002009,天奇股份,2010-09-30,4,1400.0770,6.33,-78.6980,6.69,4
002010,传化股份,2010-09-30,8,2106.8570,8.64,-27.5836,8.75,7
600981,汇鸿股份,2010-09-30,1,65.4641,0.13,-77.5095,0.28,2
002013,中航精机,2010-09-30,8,2614.6080,15.65,-828.8110,20.61,9
002014,永新股份,2010-09-30,5,1413.6710,10.04,-103.5780,10.90,5
002015,霞客环保,2010-09-30,2,246.8550,1.23,-25.7600,1.36,2
002017,东信和平,2010-09-30,6,1062.7455,5.35,-547.4025,8.11,7
002018,华星化工,2010-09-30,3,924.6480,3.15,592.7400,1.13,2
002019,鑫富药业,2010-09-30,2,218.9928,0.99,-1957.5572,9.87,6
600965,福成五丰,2010-09-30,2,362.4610,1.30,362.4610,0.00,0
600482,风帆股份,2010-09-30,3,1180.8570,2.56,-389.9970,3.41,4
002020,京新药业,2010-09-30,3,615.7618,6.06,-622.5032,12.19,4
002022,科华生物,2010-09-30,4,3904.4400,7.93,-2336.5700,12.68,7
002023,海特高新,2010-09-30,4,3091.4630,10.47,-1041.1600,14.00,7
002024,苏宁云商,2010-09-30,6,51740.3600,7.40,-8337.7900,8.59,7
002025,航天电器,2010-09-30,8,4009.8790,12.15,-356.9100,13.23,8
600983,合肥三洋,2010-09-30,7,2207.1760,6.63,-2936.9880,15.45,9
600973,宝胜股份,2010-09-30,1,651.0710,4.17,-516.5810,7.48,2
002027,七喜控股,2010-09-30,3,350.0609,1.16,30.1859,1.06,2
002028,思源电气,2010-09-30,7,3904.5830,8.88,-1458.1720,12.20,8
002029,七匹狼,2010-09-30,8,5022.1550,17.75,-211.2650,18.50,8
600987,航民股份,2010-09-30,5,1633.9820,3.86,1351.6950,0.67,2
002030,达安基因,2010-09-30,2,580.8410,2.01,16.4920,1.95,2
002031,巨轮股份,2010-09-30,1,100.0000,0.38,100.0000,0.00,0
600971,恒源煤电,2010-09-30,6,1772.1200,4.49,-825.9160,6.59,6
002032,苏泊尔,2010-09-30,6,3088.9990,5.35,468.2230,4.54,5
600978,宜华木业,2010-09-30,6,8608.9410,8.57,4855.6960,3.74,6
002033,丽江旅游,2010-09-30,8,1749.4300,15.04,93.2518,14.24,7
600961,*ST株冶,2010-09-30,1,439.9850,0.83,189.9850,0.47,1
002035,华帝股份,2010-09-30,1,130.0000,0.58,-199.9830,1.48,2
002036,宜科科技,2010-09-30,1,700.0060,3.46,3.9650,3.44,1
600979,广安爱众,2010-09-30,1,80.0000,0.27,80.0000,0.00,0
002037,久联发展,2010-09-30,4,1816.6230,10.50,55.3010,10.18,4
002038,双鹭药业,2010-09-30,5,1801.0270,7.15,-369.8930,8.63,5
600027,华电国际,2010-09-30,2,1178.2160,0.17,-921.3200,0.31,4
600970,中材国际,2010-09-30,8,6012.8050,7.92,-100.2000,8.05,8
002041,登海种业,2010-09-30,5,2176.0740,12.36,-520.8760,15.32,6
002042,华孚色纺,2010-09-30,9,1876.8770,7.98,90.8110,7.60,7
002043,兔宝宝,2010-09-30,3,870.4974,4.76,-266.2840,6.21,3
002044,江苏三友,2010-09-30,1,99.9971,0.62,99.9971,0.00,0
002045,国光电器,2010-09-30,8,3753.9470,13.51,37.6450,13.37,8
002047,*ST成霖,2010-09-30,1,194.0490,0.43,-23.6100,0.48,1
002048,宁波华翔,2010-09-30,2,1175.8250,2.07,-758.2240,3.41,3
002050,三花股份,2010-09-30,7,1652.5710,6.26,-217.0140,7.08,8
601588,北辰实业,2010-09-30,3,3529.2100,1.05,1573.4170,0.58,2
601866,中海集运,2010-09-30,8,11700.6720,1.00,2623.5440,0.78,8
601899,紫金矿业,2010-09-30,4,15057.0700,1.04,3197.0300,0.82,3
002051,中工国际,2010-09-30,6,1505.4350,7.92,447.7160,5.57,5
002053,云南盐化,2010-09-30,3,311.9265,1.68,52.8215,1.39,2
600999,招商证券,2010-09-30,4,944.7860,0.26,154.7930,0.22,3
601688,华泰证券,2010-09-30,4,2218.8320,0.40,-262.4840,0.44,5
601818,光大银行,2010-09-30,3,22669.6700,0.56,22669.6700,0.00,0
601398,工商银行,2010-09-30,1,19691.9000,0.06,-27991.8000,0.14,2
601939,建设银行,2010-09-30,1,12896.0000,0.06,-12067.4000,0.11,2
601166,兴业银行,2010-09-30,2,14501.9900,2.42,-2296.0000,2.80,2
601288,农业银行,2010-09-30,1,10662.9000,0.03,10662.9000,0.00,0
601998,中信银行,2010-09-30,1,4064.6000,0.10,-352.7400,0.11,1
601009,南京银行,2010-09-30,2,5786.3000,2.42,-2268.9700,3.37,3
601628,中国人寿,2010-09-30,2,4520.9600,0.16,-2429.0300,0.25,2
601601,中国太保,2010-09-30,2,7358.3200,0.86,-1485.8100,1.03,2
002307,北新路桥,2010-09-30,1,80.0300,0.42,0.0000,0.42,1
600018,上港集团,2010-09-30,1,2657.8100,0.13,26.9400,0.13,1
002110,三钢闽光,2010-09-30,3,699.4840,1.31,175.9725,0.98,4
002281,光迅科技,2010-09-30,3,594.3010,3.71,-95.3532,4.31,5
601005,重庆钢铁,2010-09-30,2,219.8550,0.13,-692.6200,0.53,2
601857,中国石油,2010-09-30,5,21385.0000,0.12,687.7000,0.11,5
002298,鑫龙电器,2010-09-30,2,405.3560,2.46,405.3560,0.00,0
002106,莱宝高科,2010-09-30,6,4935.2130,11.51,1251.5970,8.59,4
601600,中国铝业,2010-09-30,2,3089.0200,0.23,-779.6100,0.29,2
002356,浩宁达,2010-09-30,1,39.0231,0.49,-247.8395,3.59,6
300077,国民技术,2010-09-30,9,538.9468,4.95,143.6339,3.63,9
601088,中国神华,2010-09-30,5,11962.4500,0.60,334.9700,0.58,4
002067,景兴纸业,2010-09-30,3,1364.2830,3.48,-335.1570,4.34,3
002060,粤水电,2010-09-30,3,664.2700,2.00,-35.7480,2.11,4
300105,龙源技术,2010-09-30,7,356.8301,4.05,356.8301,0.00,0
002306,湘鄂情,2010-09-30,1,300.0000,1.50,-306.7528,3.03,4
300026,红日药业,2010-09-30,3,356.8343,3.54,-110.8050,4.64,5
002139,拓邦股份,2010-09-30,2,489.5710,2.91,-892.4290,8.23,3
601333,广深铁路,2010-09-30,3,4289.1900,0.61,-4661.6700,1.26,4
002187,广百股份,2010-09-30,6,1065.9559,6.31,199.0428,5.13,5
002230,科大讯飞,2010-09-30,9,2205.4350,13.72,243.1550,12.21,7
002167,东方锆业,2010-09-30,4,1109.0970,6.17,759.1140,1.95,1
601107,四川成渝,2010-09-30,4,1073.6410,0.35,311.8010,0.25,3
002088,鲁阳股份,2010-09-30,5,1220.6890,5.22,-274.6880,6.39,6
002332,仙琚制药,2010-09-30,1,49.9921,0.15,-462.7247,1.50,4
002267,陕天然气,2010-09-30,4,446.4990,0.88,202.0335,0.48,3
002153,石基信息,2010-09-30,6,2214.8740,9.89,-345.5820,11.43,8
002331,皖通科技,2010-09-30,1,20.1800,0.28,-6.3000,0.37,1
002063,远光软件,2010-09-30,6,2989.3180,11.63,1096.8750,7.36,4
601111,中国国航,2010-09-30,5,10952.8200,0.89,-2312.5800,1.08,5
002205,国统股份,2010-09-30,4,437.1761,4.37,85.7721,3.51,2
002056,横店东磁,2010-09-30,6,2155.4480,5.25,-3.7810,5.25,5
002272,川润股份,2010-09-30,2,66.0606,0.58,-26.8509,0.82,2
002457,青龙管业,2010-09-30,7,862.9292,6.18,862.9292,0.00,0
002186,全聚德,2010-09-30,3,339.0191,2.39,264.6389,0.53,2
002142,宁波银行,2010-09-30,1,1973.5400,0.79,-8683.4800,4.26,7
002338,奥普光电,2010-09-30,3,230.0592,2.88,30.0000,2.50,2
002185,华天科技,2010-09-30,4,1850.2660,4.96,1263.3330,1.57,3
601727,上海电气,2010-09-30,3,1256.8060,0.10,-317.6520,0.12,3
601099,太平洋,2010-09-30,1,190.3440,0.13,1.9290,0.13,1
002343,禾欣股份,2010-09-30,1,39.9925,0.40,39.9925,0.00,0
002300,太阳电缆,2010-09-30,1,52.3877,0.26,52.3877,0.00,0
002320,海峡股份,2010-09-30,7,667.0329,3.26,243.0383,2.07,5
002206,海利得,2010-09-30,5,1284.2609,5.14,210.3933,4.30,6
601158,重庆水务,2010-09-30,6,2929.2120,0.61,2929.2120,0.00,0
601168,西部矿业,2010-09-30,3,5494.5600,2.31,71.0100,2.28,3
002203,海亮股份,2010-09-30,1,32.6901,0.08,-37.7364,0.18,2
000338,潍柴动力,2010-09-30,6,6363.1260,7.64,-586.3140,8.34,9
002416,爱施德,2010-09-30,6,1095.8979,2.22,257.9733,1.70,7
002337,赛象科技,2010-09-30,2,141.8006,1.18,83.9483,0.48,2
002261,拓维信息,2010-09-30,6,1681.8140,11.57,354.2490,9.13,6
002427,尤夫股份,2010-09-30,6,890.9766,4.86,890.9766,0.00,0
002140,东华科技,2010-09-30,4,705.4380,2.53,-887.9150,5.72,6
002080,中材科技,2010-09-30,7,2015.2840,13.44,200.1770,12.10,7
601919,*ST远洋,2010-09-30,4,11381.8900,1.11,-3747.8800,1.48,4
002117,东港股份,2010-09-30,4,575.4118,4.64,21.5707,5.03,6
300034,钢研高纳,2010-09-30,3,393.4593,3.34,284.7693,0.92,2
601808,中海油服,2010-09-30,5,4126.2960,0.92,81.5320,0.90,6
002358,森源电气,2010-09-30,9,1024.2019,11.91,-1.7331,11.93,8
002182,云海金属,2010-09-30,1,102.4400,0.53,52.6531,0.26,1
002430,杭氧股份,2010-09-30,9,1847.2901,4.61,1069.4641,1.94,7
002405,四维图新,2010-09-30,9,1025.5063,2.56,554.6064,1.18,5
002176,江特电机,2010-09-30,1,64.9941,0.60,24.7941,0.37,1
601001,大同煤业,2010-09-30,4,2860.2200,1.71,531.3270,2.78,6
002202,金风科技,2010-09-30,5,7887.0800,3.52,-1609.4000,4.24,6
002425,凯撒股份,2010-09-30,3,242.4396,2.27,193.9836,0.45,1
002055,得润电子,2010-09-30,7,2296.7100,13.16,-416.9480,15.54,7
002066,瑞泰科技,2010-09-30,1,206.7460,1.79,16.6620,1.65,1
002146,荣盛发展,2010-09-30,3,3454.1290,2.41,-987.9200,3.10,6
002065,东华软件,2010-09-30,4,2437.0080,5.72,-569.3500,7.06,4
600048,保利地产,2010-09-30,4,16550.4900,3.62,857.3600,3.43,5
601006,大秦铁路,2010-09-30,3,19991.7500,1.54,10806.5500,0.71,1
601699,潞安环能,2010-09-30,5,5652.6270,4.91,476.7370,4.50,5
002082,栋梁新材,2010-09-30,2,279.9940,1.18,159.5523,0.51,2
002089,新海宜,2010-09-30,5,2211.5410,9.40,307.6900,8.09,6
002234,民和股份,2010-09-30,1,278.9540,2.59,26.0250,2.35,1
002078,太阳纸业,2010-09-30,5,3007.4040,2.99,-186.7130,3.18,5
002091,江苏国泰,2010-09-30,9,4854.4530,16.18,188.8450,15.55,9
601008,连云港,2010-09-30,1,1293.0000,2.41,0.0000,2.41,1
002096,南岭民爆,2010-09-30,2,232.1150,1.76,-346.2340,4.37,3
002263,大东南,2010-09-30,4,502.4122,1.08,88.2722,0.89,2
002062,宏润建设,2010-09-30,1,219.7400,0.49,0.0000,0.49,1
002064,华峰氨纶,2010-09-30,2,591.6250,0.80,-117.6400,0.96,2
002070,众和股份,2010-09-30,2,359.3490,1.24,154.3580,0.71,1
002184,海得控制,2010-09-30,2,356.3030,1.62,-179.4880,2.44,2
300040,九洲电气,2010-09-30,3,413.9344,2.98,16.4856,2.86,5
002073,软控股份,2010-09-30,5,8106.4700,10.92,-884.5410,12.11,6
002208,合肥城建,2010-09-30,2,880.9070,2.75,-787.9480,5.21,2
002079,苏州固锝,2010-09-30,3,608.7290,2.21,16.4176,2.15,3
601666,平煤股份,2010-09-30,6,7313.2330,4.03,1377.8290,3.27,6
002068,黑猫股份,2010-09-30,4,874.0750,3.50,-479.0006,5.41,7
002287,奇正藏药,2010-09-30,1,399.9840,0.99,380.6640,0.05,1
300024,机器人,2010-09-30,1,41.8843,0.31,-58.7087,0.74,1
300082,奥克股份,2010-09-30,6,296.7482,1.83,208.7241,0.82,5
002308,威创股份,2010-09-30,2,300.0000,0.70,-1835.4730,4.99,8
002396,星网锐捷,2010-09-30,3,815.7220,4.65,740.7270,0.43,2
601898,中煤能源,2010-09-30,5,7135.7300,0.54,-439.4860,0.57,5
002069,獐子岛,2010-09-30,5,1628.6570,3.60,1053.4264,1.27,4
601678,滨化股份,2010-09-30,3,443.1550,1.01,-349.0550,1.80,4
601918,国投新集,2010-09-30,7,3042.2860,1.64,825.3420,1.20,6
002081,金螳螂,2010-09-30,4,2047.6740,6.42,-542.9130,8.12,6
002084,海鸥卫浴,2010-09-30,1,288.8030,1.03,109.3180,1.39,1
002168,深圳惠程,2010-09-30,1,100.0000,0.33,-85.9161,0.62,2
002085,万丰奥威,2010-09-30,1,228.5610,0.80,-4.3970,0.82,1
002154,报喜鸟,2010-09-30,7,3699.2940,12.59,-1066.9220,16.23,10
002086,东方海洋,2010-09-30,7,3197.2280,13.11,2797.8950,1.64,1
600017,日照港,2010-09-30,1,6231.4600,2.75,425.3450,3.84,3
300049,福瑞股份,2010-09-30,5,416.7855,4.33,169.4674,3.34,4
002386,天原集团,2010-09-30,2,109.5122,0.23,109.5122,0.00,0
002092,中泰化学,2010-09-30,2,1668.7150,1.45,-1157.8080,3.67,5
002094,青岛金王,2010-09-30,3,890.3990,4.15,-69.5710,4.47,3
002095,生意宝,2010-09-30,3,496.5246,3.68,-39.6694,3.97,4
002090,金智科技,2010-09-30,1,79.0000,0.39,-41.0000,0.59,1
002350,北京科锐,2010-09-30,1,26.7581,0.21,-33.2302,0.47,1
002083,孚日股份,2010-09-30,2,1326.5400,1.41,289.1190,1.11,2
002098,浔兴股份,2010-09-30,4,762.2950,4.92,652.9446,0.71,2
002097,山河智能,2010-09-30,1,232.7900,0.57,-497.1940,2.66,2
002093,国脉科技,2010-09-30,5,2143.4230,5.35,-358.7230,6.25,5
002099,海翔药业,2010-09-30,6,2483.3040,15.47,204.1550,14.20,6
002100,天康生物,2010-09-30,2,408.0239,1.80,182.4908,1.29,2
601101,昊华能源,2010-09-30,5,1173.2657,2.58,-87.4153,2.78,4
002200,*ST大地,2010-09-30,1,400.9930,2.65,240.9930,1.06,1
002102,冠福家用,2010-09-30,2,301.9970,1.77,301.9970,0.00,0
002104,恒宝股份,2010-09-30,4,1511.6330,3.43,-481.2310,4.52,4
002108,沧州明珠,2010-09-30,7,1523.4018,9.09,1272.4078,1.50,2
002109,兴化股份,2010-09-30,1,193.4220,0.54,-1572.6770,4.93,5
601002,晋亿实业,2010-09-30,3,3125.0140,4.23,912.7450,3.00,2
002111,威海广泰,2010-09-30,2,223.3187,1.51,167.3370,0.38,1
002121,科陆电子,2010-09-30,4,1400.3710,5.83,268.3640,4.72,3
002115,三维通信,2010-09-30,7,2287.7340,10.66,594.4110,7.89,6
002114,罗平锌电,2010-09-30,4,821.8110,4.47,48.8450,4.20,3
002250,联化科技,2010-09-30,6,2049.8540,8.35,416.7120,6.66,5
002216,三全食品,2010-09-30,7,1719.4000,9.19,4.1570,9.17,8
002349,精华制药,2010-09-30,3,120.5195,1.51,-82.8250,2.54,3
002124,天邦股份,2010-09-30,2,560.0000,2.73,92.0550,2.28,1
601003,柳钢股份,2010-09-30,5,2460.9340,0.96,1558.1640,0.35,4
002123,荣信股份,2010-09-30,6,3672.9440,10.93,-59.5350,11.11,6
601007,金陵饭店,2010-09-30,1,197.1900,0.66,-172.1200,1.23,3
002122,天马股份,2010-09-30,1,406.7500,0.34,406.7500,0.00,0
002129,中环股份,2010-09-30,5,3387.2680,7.02,-818.1410,8.71,6
002127,新民科技,2010-09-30,1,70.7119,0.19,70.7119,0.00,0
002132,恒星科技,2010-09-30,3,462.1860,1.71,462.1860,0.00,0
002232,启明信息,2010-09-30,7,1644.7480,5.64,760.8961,3.03,4
002134,天津普林,2010-09-30,1,264.2180,1.07,264.2180,0.00,0
002133,广宇集团,2010-09-30,3,1111.2030,2.23,29.1320,2.17,2
601958,金钼股份,2010-09-30,6,6694.8470,2.07,1231.2970,1.69,5
002128,露天煤业,2010-09-30,3,1689.4480,1.27,196.8290,1.13,3
002290,禾盛新材,2010-09-30,4,622.5721,4.14,258.9437,2.42,6
002138,顺络电子,2010-09-30,4,657.6240,3.38,252.1153,3.13,2
002170,芭田股份,2010-09-30,2,384.9660,1.26,134.9660,0.82,1
002144,宏达高科,2010-09-30,3,1203.7160,7.95,-115.2584,12.29,4
002371,七星电子,2010-09-30,8,676.6822,10.41,287.7319,5.98,2
002159,三特索道,2010-09-30,6,2494.1410,20.78,-349.0580,23.69,8
002148,北纬通信,2010-09-30,3,468.2231,6.19,-27.1629,6.55,4
002152,广电运通,2010-09-30,7,3807.1300,11.13,-544.2440,12.72,8
002296,辉煌科技,2010-09-30,6,1051.6149,10.06,-39.7900,10.44,9
002149,西部材料,2010-09-30,3,951.4360,5.45,142.8570,4.63,3
002157,正邦科技,2010-09-30,6,2372.0790,8.80,46.4630,8.63,6
002147,方圆支承,2010-09-30,2,485.4410,2.15,133.7990,2.93,2
002151,北斗星通,2010-09-30,3,473.5060,5.21,-165.0002,7.02,5
002156,通富微电,2010-09-30,5,1012.0737,2.92,-119.5567,3.26,7
002155,辰州矿业,2010-09-30,6,5304.0270,9.69,2829.2800,4.52,5
002158,汉钟精机,2010-09-30,5,1347.7320,7.42,-206.4568,8.55,7
002254,泰和新材,2010-09-30,6,1894.2380,7.26,-841.9990,10.48,7
002161,远望谷,2010-09-30,7,2432.6960,9.47,1441.6270,3.86,6
002162,*ST上控,2010-09-30,2,320.8760,0.77,320.8760,0.00,0
002169,智光电气,2010-09-30,1,519.3200,3.13,222.1921,1.79,3
002163,中航三鑫,2010-09-30,8,2809.2650,6.99,624.3560,5.44,7
002164,东力传动,2010-09-30,7,993.2938,4.46,108.5447,4.92,6
002175,广陆数测,2010-09-30,2,368.0903,4.31,52.5303,3.70,1
002165,红宝丽,2010-09-30,2,700.9390,2.78,-1579.8620,9.05,7
002192,路翔股份,2010-09-30,1,300.0000,2.47,-150.0830,3.71,1
002328,新朋股份,2010-09-30,3,373.1440,1.24,22.1007,1.17,3
002179,中航光电,2010-09-30,6,2836.7420,7.06,-505.5900,8.32,5
002177,御银股份,2010-09-30,1,153.2950,0.58,-46.6820,0.75,1
002183,怡亚通,2010-09-30,4,2482.4000,4.46,-281.3220,4.97,5
002304,洋河股份,2010-09-30,9,1234.3703,2.74,191.9580,2.32,8
601390,中国中铁,2010-09-30,4,17123.4200,0.80,-2008.3200,0.90,5
002191,劲嘉股份,2010-09-30,3,443.7700,0.69,-623.7990,1.66,4
002194,武汉凡谷,2010-09-30,6,1143.8690,2.06,-1033.2870,3.92,7
002197,证通电子,2010-09-30,1,44.4300,0.34,-708.0522,5.74,4
002407,多氟多,2010-09-30,5,596.3247,5.57,487.0103,1.02,4
002436,兴森科技,2010-09-30,9,705.5127,6.32,705.5127,0.00,0
601999,出版传媒,2010-09-30,8,2937.5388,5.33,-1114.2422,7.35,9
002204,大连重工,2010-09-30,3,365.2288,1.71,8.8145,1.67,3
002454,松芝股份,2010-09-30,5,759.9420,3.17,759.9420,0.00,0
601139,深圳燃气,2010-09-30,4,554.1435,0.45,14.6455,0.44,3
002209,达意隆,2010-09-30,1,118.9900,0.61,118.9900,0.00,0
002397,梦洁家纺,2010-09-30,8,660.8300,6.99,318.1372,5.44,8
002220,天宝股份,2010-09-30,6,684.9100,3.49,-1450.9160,10.90,7
002212,南洋股份,2010-09-30,4,1143.6691,4.48,583.8101,2.47,2
002215,诺普信,2010-09-30,8,2835.6460,12.81,-13.7480,12.88,8
002246,北化股份,2010-09-30,2,381.7110,1.93,381.7110,0.00,0
002214,大立科技,2010-09-30,8,1617.1744,16.17,136.8004,14.80,7
002226,江南化工,2010-09-30,1,50.0000,0.36,50.0000,0.00,0
002218,拓日新能,2010-09-30,2,89.3519,0.31,-32.0200,0.42,3
601766,中国南车,2010-09-30,5,30746.3600,2.60,-943.3200,2.68,6
002221,东华能源,2010-09-30,4,1503.0917,6.77,-43.4933,6.97,4
002364,中恒电气,2010-09-30,1,322.9970,4.84,1.3030,4.82,2
601186,中国铁建,2010-09-30,4,11137.6800,0.90,-3006.6800,1.15,6
002273,水晶光电,2010-09-30,7,1092.6133,9.69,197.0679,7.94,7
002297,博云新材,2010-09-30,1,330.9800,1.55,-339.0310,3.13,4
002223,鱼跃医疗,2010-09-30,8,2078.6080,8.13,-1.7190,8.14,9
002225,濮耐股份,2010-09-30,3,537.9328,0.96,-1028.2797,3.00,6
002228,合兴包装,2010-09-30,5,1219.3189,5.61,159.0770,4.88,5
002244,滨江集团,2010-09-30,7,5213.6110,3.86,2953.3620,1.67,4
002227,奥特迅,2010-09-30,1,37.0000,0.34,-196.8213,2.15,5
002237,恒邦股份,2010-09-30,2,153.0457,0.80,60.9646,0.48,2
002235,安妮股份,2010-09-30,2,887.3430,4.55,-79.3620,4.96,2
002420,毅昌股份,2010-09-30,2,297.0000,0.74,267.0000,0.07,1
002249,大洋电机,2010-09-30,9,2668.4980,6.23,-549.4140,7.51,8
002253,川大智胜,2010-09-30,6,871.9442,11.64,232.4348,8.54,6
002233,塔牌集团,2010-09-30,8,1946.7630,4.87,1386.4602,1.40,5
002243,通产丽星,2010-09-30,7,2158.7774,8.37,886.2394,4.93,6
002236,大华股份,2010-09-30,5,718.8050,5.15,-427.7520,8.58,7
002252,上海莱士,2010-09-30,7,529.5523,3.31,-281.0589,5.07,7
002238,天威视讯,2010-09-30,7,1599.2160,5.99,-16.4290,6.05,7
002239,金飞达,2010-09-30,2,147.3640,0.73,-461.7650,3.03,2
002241,歌尔声学,2010-09-30,8,3614.8070,10.04,-746.8990,12.12,9
002242,九阳股份,2010-09-30,9,3038.3280,3.99,1363.7380,2.20,6
002251,步步高,2010-09-30,7,2196.0590,8.12,-266.2940,9.11,8
002274,华昌化工,2010-09-30,2,501.6300,1.92,49.7830,1.73,2
002450,康得新,2010-09-30,1,20.0000,0.12,20.0000,0.00,0
002255,海陆重工,2010-09-30,6,373.7047,2.89,-212.0962,4.54,6
002262,恩华药业,2010-09-30,4,994.0830,4.25,432.4670,2.40,2
601268,*ST二重,2010-09-30,6,3412.6860,2.02,-1667.0690,3.01,8
002258,利尔化学,2010-09-30,1,100.0000,0.49,-25.5770,0.62,2
002264,新华都,2010-09-30,4,671.7010,4.19,-80.0000,4.69,5
002419,天虹商场,2010-09-30,9,1721.8906,4.30,1330.4176,0.98,5
002322,理工监测,2010-09-30,7,374.5888,5.62,-243.5588,9.27,9
002342,巨力索具,2010-09-30,3,372.6425,0.78,132.4406,0.50,3
300054,鼎龙股份,2010-09-30,8,396.1233,6.60,3.9302,6.54,7
300011,鼎汉技术,2010-09-30,4,631.5219,6.15,189.7916,4.30,6
601668,中国建筑,2010-09-30,3,37352.9900,1.25,416.6800,1.23,3
002271,东方雨虹,2010-09-30,1,99.9948,0.63,0.0000,0.63,1
002268,卫士通,2010-09-30,3,401.9849,3.03,240.8150,1.21,2
002446,盛路通信,2010-09-30,1,20.4312,0.20,20.4312,0.00,0
002269,美邦服饰,2010-09-30,9,3228.1350,3.21,-295.6170,3.51,9
002418,康盛股份,2010-09-30,1,13.5493,0.09,13.5493,0.00,0
300115,长盈精密,2010-09-30,4,81.1060,0.94,81.1060,0.00,0
002266,浙富股份,2010-09-30,8,2154.1760,15.04,708.9590,10.09,4
300015,爱尔眼科,2010-09-30,5,458.7005,1.72,71.7204,1.45,5
002299,圣农发展,2010-09-30,7,1107.7735,2.70,-183.6031,3.15,6
002344,海宁皮城,2010-09-30,9,2931.2840,10.47,243.8530,9.60,8
002283,天润曲轴,2010-09-30,1,80.6900,0.34,80.6900,0.00,0
300036,超图软件,2010-09-30,8,600.5112,8.01,54.6362,7.28,6
002277,友阿股份,2010-09-30,8,3830.9290,10.97,3028.3002,2.30,6
300002,神州泰岳,2010-09-30,9,2420.9330,7.66,545.2390,5.94,7
002438,江苏神通,2010-09-30,4,214.4987,2.06,82.0422,1.27,3
002285,世联地产,2010-09-30,5,868.2590,3.99,119.5289,3.44,6
002286,保龄宝,2010-09-30,3,317.8036,3.06,144.9063,1.66,3
300070,碧水源,2010-09-30,10,1093.9873,7.44,145.3319,6.45,10
002291,星期六,2010-09-30,7,1750.6230,6.26,452.8628,4.64,7
002292,奥飞动漫,2010-09-30,8,1217.7534,4.76,-453.5903,6.53,10
002293,罗莱家纺,2010-09-30,9,1350.4600,9.62,88.6623,8.99,8
002294,信立泰,2010-09-30,5,437.5307,1.93,-69.6443,2.23,4
300065,海兰信,2010-09-30,2,234.9209,4.24,48.2163,3.37,2
601299,中国北车,2010-09-30,4,16636.4400,2.00,1050.8000,1.88,4
601117,中国化学,2010-09-30,3,6248.8800,1.27,4206.6400,0.41,1
300038,梅泰诺,2010-09-30,1,34.1301,0.37,-171.1855,2.24,3
300072,三聚环保,2010-09-30,9,764.8611,7.86,10.5744,7.75,8
300052,中青宝,2010-09-30,1,370.6170,2.85,-193.2046,4.34,5
601618,中国中冶,2010-09-30,6,18999.4300,0.99,5609.4200,0.70,4
002431,棕榈园林,2010-09-30,6,495.9517,4.13,155.9974,2.83,6
300075,数字政通,2010-09-30,8,413.7613,7.39,153.9529,4.64,6
002422,科伦药业,2010-09-30,10,1841.9581,7.67,176.4730,6.94,10
300058,蓝色光标,2010-09-30,8,1146.7680,9.56,257.8954,7.41,8
002415,海康威视,2010-09-30,10,1950.9883,3.90,468.3573,2.97,10
601888,中国国旅,2010-09-30,7,3495.9070,3.97,-348.3860,4.37,8
002301,齐心文具,2010-09-30,4,1122.6349,6.01,252.9287,6.98,6
601989,中国重工,2010-09-30,7,20924.8800,3.15,9175.6600,1.77,5
002315,焦点科技,2010-09-30,9,1012.3339,8.62,-251.2864,10.75,10
002303,美盈森,2010-09-30,9,1363.9744,7.63,145.1832,6.82,9
300012,华测检测,2010-09-30,4,691.1095,5.63,-169.4121,7.02,9
300064,豫金刚石,2010-09-30,3,391.7080,2.58,321.7138,0.46,2
300044,赛为智能,2010-09-30,4,493.2895,4.93,-208.2288,7.02,5
300047,天源迪科,2010-09-30,8,601.6004,5.75,171.0839,4.12,7
300032,金龙机电,2010-09-30,2,306.1445,2.15,-192.0894,3.49,3
300033,同花顺,2010-09-30,3,155.9015,1.16,32.4881,0.92,4
300037,新宙邦,2010-09-30,6,389.5000,3.64,137.1839,2.36,4
300091,金通灵,2010-09-30,3,170.8536,2.04,170.8536,0.00,0
300031,宝通带业,2010-09-30,1,9.9983,0.10,9.9983,0.00,0
300101,国腾电子,2010-09-30,10,488.3415,7.03,488.3415,0.00,0
300022,吉峰农机,2010-09-30,4,158.0281,0.88,54.9921,0.58,2
300071,华谊嘉信,2010-09-30,5,167.8350,3.24,152.8361,0.29,1
300005,探路者,2010-09-30,6,915.1469,6.83,521.4909,2.94,2
300045,华力创通,2010-09-30,5,258.0208,3.85,-68.0953,4.87,6
300027,华谊兄弟,2010-09-30,9,1811.7669,5.39,-660.7510,7.36,8
300003,乐普医疗,2010-09-30,6,879.6742,1.08,-34.9581,1.13,7
300010,立思辰,2010-09-30,8,924.8282,5.86,299.4559,3.96,6
300008,上海佳豪,2010-09-30,1,28.9927,0.34,28.9927,0.00,0
300053,欧比特,2010-09-30,5,238.6447,2.39,-101.5905,3.40,4
300018,中元华电,2010-09-30,4,245.9074,1.89,102.4263,1.10,3
300041,回天胶业,2010-09-30,4,315.6881,4.78,78.0585,3.60,5
300001,特锐德,2010-09-30,2,134.1283,1.00,-184.9097,2.39,4
300087,荃银高科,2010-09-30,5,219.2174,4.15,219.2174,0.00,0
002310,东方园林,2010-09-30,6,742.5914,4.94,154.3813,7.83,8
002309,中利科技,2010-09-30,3,115.3668,0.48,-451.0760,2.36,4
002311,海大集团,2010-09-30,7,2165.7849,7.44,519.0247,5.66,8
002312,三泰电子,2010-09-30,2,100.1473,0.85,100.1473,0.00,0
002313,日海通讯,2010-09-30,4,323.2704,3.23,231.0892,0.92,3
002400,省广股份,2010-09-30,6,462.6547,5.62,462.6547,0.00,0
002324,普利特,2010-09-30,6,541.5685,4.01,144.0177,2.94,6
002314,雅致股份,2010-09-30,1,22.0733,0.08,1.3734,0.07,1
002327,富安娜,2010-09-30,8,1280.2309,9.56,519.7021,7.38,7
002318,久立特材,2010-09-30,5,430.0820,2.07,-395.4959,3.97,6
002317,众生药业,2010-09-30,4,295.3439,2.46,17.2562,2.32,5
002474,榕基软件,2010-09-30,6,218.9475,2.11,218.9475,0.00,0
002321,华英农业,2010-09-30,1,41.9975,0.29,-11.6615,0.37,2
002325,洪涛股份,2010-09-30,9,1467.2690,9.78,429.2740,6.92,7
300004,南风股份,2010-09-30,7,522.2025,5.56,-41.5024,6.00,8
601179,中国西电,2010-09-30,5,17270.3600,3.96,8152.7700,2.09,3
300013,新宁物流,2010-09-30,1,14.0549,0.16,-23.2392,0.41,1
601801,皖新传媒,2010-09-30,4,903.0210,0.99,5.9410,0.99,4
601877,正泰电器,2010-09-30,4,710.1550,0.71,361.8000,0.35,3
300020,银江股份,2010-09-30,5,437.2755,2.73,253.2971,1.15,2
002385,大北农,2010-09-30,9,1629.3010,4.07,-255.9914,4.70,7
002323,中联电气,2010-09-30,1,51.7500,0.63,51.7500,0.00,0
002326,永太科技,2010-09-30,8,997.9148,7.48,71.7659,6.94,8
002330,得利斯,2010-09-30,5,1265.0380,5.04,528.2220,2.94,3
002329,皇氏乳业,2010-09-30,4,673.5788,6.30,-198.2548,8.15,7
002334,英威腾,2010-09-30,7,605.2878,4.98,210.7458,6.16,8
002336,人人乐,2010-09-30,9,2422.4041,6.06,34.0861,5.97,8
002335,科华恒盛,2010-09-30,1,49.0000,0.63,-49.8260,1.27,2
002340,格林美,2010-09-30,2,139.3961,1.15,108.9515,0.25,1
002339,积成电子,2010-09-30,7,579.5954,6.74,-185.7029,8.90,9
002341,新纶科技,2010-09-30,6,425.6922,5.82,159.9161,3.63,5
002345,潮宏基,2010-09-30,6,1196.3223,6.65,-43.6180,6.89,6
002348,高乐股份,2010-09-30,2,377.0750,2.55,306.1751,0.48,1
002351,漫步者,2010-09-30,7,614.9418,4.18,-581.6814,8.14,9
300029,天龙光电,2010-09-30,7,1573.8090,7.87,1520.4422,0.27,1
002353,杰瑞股份,2010-09-30,6,500.2140,4.36,122.5145,3.29,6
002355,兴民钢圈,2010-09-30,1,20.0000,0.10,-380.1580,1.90,2
300030,阳普医疗,2010-09-30,5,315.2385,4.26,-61.5745,5.09,6
002375,亚厦股份,2010-09-30,9,1960.3080,9.29,281.7704,7.96,9
300039,上海凯宝,2010-09-30,9,1300.4610,7.42,113.4138,6.77,8
002367,康力电梯,2010-09-30,8,1075.1717,6.71,599.0125,2.97,3
002366,丹甫股份,2010-09-30,1,23.0100,0.17,-0.9900,0.18,1
002361,神剑股份,2010-09-30,2,34.5567,0.43,26.4841,0.10,1
002368,太极股份,2010-09-30,5,353.1166,3.57,54.5841,3.02,5
300048,合康变频,2010-09-30,7,556.1625,4.63,-246.8585,6.69,9
002380,科远股份,2010-09-30,1,40.0000,0.59,-359.3580,5.87,3
002376,新北洋,2010-09-30,10,1357.9102,9.05,430.1304,6.19,8
601106,中国一重,2010-09-30,3,20340.6200,3.11,-12246.8000,4.98,6
300043,星辉车模,2010-09-30,7,490.4556,6.19,355.0611,2.56,3
300046,台基股份,2010-09-30,1,60.3932,0.85,-41.5993,1.44,2
300050,世纪鼎利,2010-09-30,2,107.1593,0.99,25.8928,1.50,4
002383,合众思壮,2010-09-30,1,80.4468,0.67,-6.6786,0.73,2
002382,蓝帆股份,2010-09-30,1,135.0550,1.69,130.3090,0.06,1
002421,达实智能,2010-09-30,1,50.0035,0.64,-20.1540,0.90,2
002392,北京利尔,2010-09-30,1,10.2261,0.08,10.2261,0.00,0
002384,东山精密,2010-09-30,7,1029.3187,6.43,-126.4880,7.22,8
002394,联发股份,2010-09-30,1,10.8927,0.10,-36.1897,0.44,1
300056,三维丝,2010-09-30,7,279.3336,5.37,-44.5198,6.23,9
300055,万邦达,2010-09-30,8,1098.1372,9.60,37.3137,9.27,8
300057,万顺股份,2010-09-30,1,296.6440,1.41,-7.0400,1.44,1
002387,黑牛食品,2010-09-30,8,1189.4206,8.91,453.7736,5.51,8
002398,建研集团,2010-09-30,2,51.2950,0.43,51.2950,0.00,0
002390,信邦制药,2010-09-30,4,146.8336,1.69,-1.7546,1.71,4
002399,海普瑞,2010-09-30,7,463.2363,1.16,25.5084,1.09,8
002410,广联达,2010-09-30,8,1130.1041,13.72,991.4671,1.39,1
002408,齐翔腾达,2010-09-30,4,486.0921,1.87,486.0921,0.00,0
002476,宝莫股份,2010-09-30,2,57.4291,0.48,57.4291,0.00,0
002401,中海科技,2010-09-30,1,9.7383,0.18,9.7383,0.00,0
002406,远东传动,2010-09-30,1,30.0000,0.16,30.0000,0.00,0
300059,东方财富,2010-09-30,3,188.9295,1.35,-157.0235,2.47,7
002403,爱仕达,2010-09-30,1,351.9670,1.47,351.9670,0.00,0
002402,和而泰,2010-09-30,1,16.4334,0.25,1.4375,0.22,1
002409,雅克科技,2010-09-30,5,415.9110,3.75,415.9110,0.00,0
002439,启明星辰,2010-09-30,7,608.6778,6.16,540.6878,0.69,2
002414,高德红外,2010-09-30,6,1241.4980,4.14,1241.4980,0.00,0
300098,高新兴,2010-09-30,4,105.7417,1.55,105.7417,0.00,0
300062,中能电气,2010-09-30,2,45.7000,0.59,45.7000,0.00,0
002433,太安堂,2010-09-30,1,108.9270,1.09,98.9270,0.10,1
002417,三元达,2010-09-30,2,20.3504,0.17,20.3504,0.00,0
002465,海格通信,2010-09-30,2,199.1590,0.60,199.1590,0.00,0
300068,南都电源,2010-09-30,5,358.1029,1.44,358.1029,0.00,0
601369,陕鼓动力,2010-09-30,4,893.2830,0.82,807.0080,0.08,1
002428,云南锗业,2010-09-30,3,257.2065,2.05,203.0526,0.43,2
002424,贵州百灵,2010-09-30,3,306.3403,2.08,-281.4080,4.00,6
002456,欧菲光,2010-09-30,6,503.3503,5.24,503.3503,0.00,0
002432,九安医疗,2010-09-30,6,613.8385,4.95,613.8385,0.00,0
002434,万里扬,2010-09-30,3,94.7823,0.56,94.7823,0.00,0
002437,誉衡药业,2010-09-30,9,1291.5267,9.23,675.0959,4.40,7
300080,新大新材,2010-09-30,7,648.2382,4.63,638.2382,0.07,1
300083,劲胜股份,2010-09-30,2,102.7877,1.03,52.7887,0.50,1
300078,中瑞思创,2010-09-30,2,58.0942,0.87,58.0942,0.00,0
300074,华平股份,2010-09-30,2,30.6884,0.77,25.3917,0.13,1
002441,众业达,2010-09-30,6,441.0259,3.80,441.0259,0.00,0
300084,海默科技,2010-09-30,1,36.9751,0.58,36.9751,0.00,0
002444,巨星科技,2010-09-30,9,1171.9508,4.62,1171.9508,0.00,0
300086,康芝药业,2010-09-30,9,704.5769,7.05,461.5897,2.43,6
002449,国星光电,2010-09-30,8,969.4687,4.51,969.4687,0.00,0
002458,益生股份,2010-09-30,1,14.9940,0.14,14.9940,0.00,0
300088,长信科技,2010-09-30,5,306.6754,2.44,306.6754,0.00,0
300090,盛运股份,2010-09-30,5,694.5434,5.44,494.5454,1.57,1
300096,易联众,2010-09-30,8,354.4581,4.12,354.4581,0.00,0
002453,天马精化,2010-09-30,7,692.2294,5.77,692.2294,0.00,0
002452,长高集团,2010-09-30,1,35.7778,0.36,35.7778,0.00,0
601717,郑煤机,2010-09-30,9,2434.9970,3.48,2434.9970,0.00,0
300097,智云股份,2010-09-30,2,72.2080,1.20,72.2080,0.00,0
300099,尤洛卡,2010-09-30,7,184.6855,4.47,184.6855,0.00,0
601718,际华集团,2010-09-30,3,806.0480,0.21,806.0480,0.00,0
300094,国联水产,2010-09-30,3,652.9910,2.04,652.9910,0.00,0
300124,汇川技术,2010-09-30,6,528.5003,4.89,528.5003,0.00,0
300089,长城集团,2010-09-30,1,14.2045,0.14,14.2045,0.00,0
300102,乾照光电,2010-09-30,2,79.2736,0.67,79.2736,0.00,0
300110,华仁药业,2010-09-30,3,376.5190,1.76,376.5190,0.00,0
300107,建新股份,2010-09-30,8,466.8612,6.98,466.8612,0.00,0
300113,顺网科技,2010-09-30,8,412.4473,6.87,412.4473,0.00,0
300106,西部牧业,2010-09-30,1,41.0000,0.35,41.0000,0.00,0
300116,坚瑞消防,2010-09-30,3,64.2979,0.80,64.2979,0.00,0
300109,新开源,2010-09-30,5,94.6400,2.63,94.6400,0.00,0
002475,立讯精密,2010-09-30,8,541.2817,3.11,541.2817,0.00,0
002477,雏鹰农牧,2010-09-30,4,378.3958,2.83,378.3958,0.00,0
002480,新筑股份,2010-09-30,3,203.4887,1.45,203.4887,0.00,0
300119,瑞普生物,2010-09-30,5,148.0588,2.00,148.0588,0.00,0
002482,广田股份,2010-09-30,8,671.8174,4.20,671.8174,0.00,0
300122,智飞生物,2010-09-30,6,181.4016,0.45,181.4016,0.00,0
300123,太阳鸟,2010-09-30,2,129.1860,1.49,129.1860,0.00,0
