600000,浦发银行,2010-03-31,2,13109.9100,1.48,-2565.4800,1.78,2
600005,武钢股份,2010-03-31,7,16716.7500,2.13,-14484.6100,3.98,8
600006,东风汽车,2010-03-31,7,6705.7210,3.35,-340.3310,3.52,6
600007,中国国贸,2010-03-31,5,2984.7070,2.96,-1022.9260,3.98,7
600008,首创股份,2010-03-31,4,1622.0900,0.74,-1028.3180,1.20,5
600009,上海机场,2010-03-31,5,15646.7010,8.12,2987.0610,6.57,6
600010,包钢股份,2010-03-31,8,9735.8690,1.52,2384.4820,1.14,6
600012,皖通高速,2010-03-31,5,1256.8920,0.76,-1043.7870,1.39,2
600016,民生银行,2010-03-31,1,24138.6000,1.08,-820.0000,1.12,1
600019,宝钢股份,2010-03-31,6,39992.6000,2.28,4300.4400,2.04,5
600026,中海发展,2010-03-31,6,4524.7690,1.33,-1843.5360,1.87,7
600028,中国石化,2010-03-31,5,19852.3000,0.23,-9160.9000,0.33,6
600030,中信证券,2010-03-31,1,4280.8700,0.65,-4567.6600,1.33,2
600033,福建高速,2010-03-31,6,2829.2370,1.55,-2390.8660,2.85,6
600037,歌华有线,2010-03-31,5,5029.3280,4.74,-2972.8130,7.55,7
600038,哈飞股份,2010-03-31,5,2893.1890,8.58,774.7340,6.28,3
600050,中国联通,2010-03-31,9,86169.4600,4.07,17333.2000,3.25,8
600052,浙江广厦,2010-03-31,3,3185.5400,3.65,-2484.4950,6.50,5
600054,黄山旅游,2010-03-31,4,1554.4290,3.30,626.0430,1.97,2
600055,华润万东,2010-03-31,7,2191.6860,10.13,796.2220,6.45,2
600056,中国医药,2010-03-31,4,1022.3642,4.27,-734.5234,7.34,7
600058,五矿发展,2010-03-31,6,2221.6490,2.07,-257.7370,2.31,8
600059,古越龙山,2010-03-31,2,1392.4260,2.19,1254.0070,0.25,1
600060,海信电器,2010-03-31,8,8224.3720,14.23,1890.3330,10.96,7
600061,中纺投资,2010-03-31,1,898.9240,2.09,898.9240,0.00,0
600062,华润双鹤,2010-03-31,9,7531.4820,13.17,2553.9760,8.71,7
600063,皖维高新,2010-03-31,6,2723.2870,7.40,-997.0650,10.11,8
600064,南京高科,2010-03-31,2,201.4103,0.59,-34.0995,0.68,2
600066,宇通客车,2010-03-31,7,7070.3080,13.60,253.4770,13.11,5
600067,冠城大通,2010-03-31,9,7493.6140,12.23,-1435.1250,14.57,8
600068,葛洲坝,2010-03-31,3,5368.0500,2.31,1819.5330,1.65,3
600069,银鸽投资,2010-03-31,3,1616.9410,2.94,-242.9800,3.38,3
600071,凤凰光学,2010-03-31,6,1816.7730,7.65,1430.1970,1.63,2
600072,中船股份,2010-03-31,2,120.8664,0.33,-8.8067,0.36,2
600073,上海梅林,2010-03-31,1,83.3180,0.23,-112.4200,0.55,2
600074,*ST中达,2010-03-31,2,257.2862,0.39,-30.2940,0.43,2
600075,新疆天业,2010-03-31,7,3474.8650,7.92,1054.6770,5.52,8
600077,宋都股份,2010-03-31,4,825.3770,5.19,705.6350,0.75,1
600078,澄星股份,2010-03-31,3,3360.0300,5.16,602.1960,4.23,3
600079,人福医药,2010-03-31,9,7899.9310,16.75,27.9040,16.69,9
600081,东风科技,2010-03-31,7,3119.7490,9.95,2725.9986,1.26,3
600085,同仁堂,2010-03-31,7,4174.6720,8.02,1203.3330,5.71,8
600086,东方金钰,2010-03-31,1,61.9190,0.18,-11.5050,0.21,1
600087,*ST长油,2010-03-31,5,4104.5060,2.55,-7711.0470,7.34,8
600088,中视传媒,2010-03-31,6,2152.7020,9.09,1992.7070,0.68,1
600089,特变电工,2010-03-31,5,10441.2400,5.81,-3579.9200,7.80,6
600090,啤酒花,2010-03-31,2,1854.9630,5.04,-1402.3940,8.85,5
600095,哈高科,2010-03-31,1,300.0000,0.83,300.0000,0.00,0
600096,云天化,2010-03-31,8,5597.1710,9.48,1296.5590,7.29,7
600097,开创国际,2010-03-31,1,176.6150,0.87,-598.5240,3.83,2
600098,广州发展,2010-03-31,5,1440.2540,0.70,-1213.8860,1.29,4
600100,同方股份,2010-03-31,9,8761.5780,8.97,3623.2280,5.26,7
600103,青山纸业,2010-03-31,2,472.1610,0.44,11.0100,0.43,2
600104,上汽集团,2010-03-31,6,21647.7700,3.30,1439.2300,3.08,6
600105,永鼎股份,2010-03-31,1,71.0400,0.26,71.0400,0.00,0
600106,重庆路桥,2010-03-31,7,2117.4086,5.13,1615.1956,1.22,4
600107,美尔雅,2010-03-31,2,160.0860,0.44,-5.9130,0.46,2
600108,亚盛集团,2010-03-31,3,1856.7520,1.07,-22.9690,1.08,3
600109,国金证券,2010-03-31,3,388.3765,0.39,-239.8135,0.63,3
600110,中科英华,2010-03-31,2,657.2680,0.65,298.5710,0.35,2
600111,包钢稀土,2010-03-31,7,2800.6360,3.47,1317.1380,1.84,7
600112,长征电气,2010-03-31,2,1318.2080,3.40,-1118.2970,7.55,4
600113,浙江东日,2010-03-31,2,300.9950,2.04,-49.0000,2.37,1
600115,东方航空,2010-03-31,5,17713.2600,1.57,17192.4370,0.05,2
600117,西宁特钢,2010-03-31,7,5187.2050,7.00,-441.3480,7.59,6
600118,中国卫星,2010-03-31,6,2992.4400,8.49,647.6370,6.65,6
600119,长江投资,2010-03-31,1,105.1000,0.34,-224.8960,1.07,1
600120,浙江东方,2010-03-31,2,1517.8770,3.00,1415.0650,0.20,1
600121,郑州煤电,2010-03-31,1,110.5860,0.18,-515.2390,0.99,2
600122,宏图高科,2010-03-31,3,2056.9990,4.63,67.9380,4.48,4
600123,兰花科创,2010-03-31,8,8575.2180,15.01,-820.7160,16.45,9
600125,铁龙物流,2010-03-31,8,7348.9980,7.32,312.1150,7.01,7
600126,杭钢股份,2010-03-31,7,4069.1100,4.85,-341.8630,5.26,7
600127,金健米业,2010-03-31,2,693.1240,1.27,8.1600,1.26,2
600128,弘业股份,2010-03-31,2,349.3967,1.42,255.7650,0.38,2
600129,太极集团,2010-03-31,6,3109.9930,9.47,2053.2550,3.22,3
600131,岷江水电,2010-03-31,1,529.9910,1.05,0.0000,1.05,1
600132,重庆啤酒,2010-03-31,7,4561.2210,9.42,-277.6140,10.00,7
600133,东湖高新,2010-03-31,3,2368.0520,4.77,392.9110,7.17,3
600135,乐凯胶片,2010-03-31,7,5367.8370,15.70,707.4440,13.63,7
600138,中青旅,2010-03-31,5,5441.7420,13.10,1666.7600,9.09,6
600139,西部资源,2010-03-31,4,551.2379,2.32,551.2379,0.00,0
600141,兴发集团,2010-03-31,4,2973.7660,9.83,-390.7210,11.13,5
600150,中国船舶,2010-03-31,5,230.9120,0.35,-186.5633,0.63,6
600151,航天机电,2010-03-31,4,558.5280,0.75,-221.4288,1.04,6
600153,建发股份,2010-03-31,9,19066.7200,15.34,-4943.0300,19.31,9
600157,永泰能源,2010-03-31,5,2534.4780,9.91,332.6490,8.61,7
600158,中体产业,2010-03-31,3,863.6510,1.07,-148.3990,1.26,4
600159,大龙地产,2010-03-31,3,2359.8029,5.69,-4318.8531,16.09,6
600160,巨化股份,2010-03-31,8,5964.1370,10.71,5498.9470,0.84,2
600161,天坛生物,2010-03-31,5,1130.1190,2.31,519.8270,1.25,4
600162,香江控股,2010-03-31,6,3915.9160,5.10,-3631.1110,9.83,9
600163,福建南纸,2010-03-31,1,152.1660,0.21,-381.6970,0.74,2
600165,新日恒力,2010-03-31,1,80.1052,0.41,-59.6998,0.72,1
600166,福田汽车,2010-03-31,5,10884.3000,11.88,1631.3800,10.10,5
600168,武汉控股,2010-03-31,8,2272.7810,5.15,1111.2750,2.63,5
600169,太原重工,2010-03-31,6,9142.0240,12.79,546.8240,12.02,5
600170,上海建工,2010-03-31,5,673.8933,0.94,62.0513,0.85,5
600171,上海贝岭,2010-03-31,3,562.1750,0.83,369.7440,0.29,1
600173,卧龙地产,2010-03-31,5,1218.9280,1.68,-3534.9420,11.80,8
600175,美都控股,2010-03-31,1,80.0000,0.16,-28.0000,0.21,1
600176,中国玻纤,2010-03-31,6,2961.2500,6.93,-449.7310,7.98,7
600177,雅戈尔,2010-03-31,1,1370.1000,0.62,-702.6700,0.93,2
600178,东安动力,2010-03-31,9,6809.2660,14.74,164.9150,14.38,8
600183,生益科技,2010-03-31,6,5518.0860,5.77,-1640.1410,7.48,6
600185,格力地产,2010-03-31,4,2738.6020,4.74,1014.2480,2.99,3
600186,莲花味精,2010-03-31,3,1742.7200,1.64,-3082.7520,4.54,4
600188,兖州煤业,2010-03-31,7,2618.9610,0.53,-1634.0840,0.86,8
600189,吉林森工,2010-03-31,6,1120.0620,3.61,427.2122,2.23,5
600190,锦州港,2010-03-31,1,610.7320,0.39,0.0000,0.39,1
600193,创兴资源,2010-03-31,3,1139.9830,5.23,-341.9470,6.79,3
600195,中牧股份,2010-03-31,9,5179.5860,13.28,2500.5330,6.87,8
600196,复星医药,2010-03-31,6,8468.3610,6.84,598.1910,6.36,4
600197,伊力特,2010-03-31,5,3246.7870,7.36,920.4340,5.28,4
600198,大唐电信,2010-03-31,3,2204.4440,5.02,1944.5530,0.59,1
600199,金种子酒,2010-03-31,3,1536.8020,5.89,651.8320,3.39,2
600201,金宇集团,2010-03-31,4,1195.0920,4.26,-692.2610,6.72,4
600202,哈空调,2010-03-31,9,6588.2730,17.19,759.1000,15.21,7
600206,有研硅股,2010-03-31,3,503.7999,2.32,441.3260,0.29,1
600208,新湖中宝,2010-03-31,6,12468.3200,3.68,618.0500,3.50,6
600210,紫江企业,2010-03-31,5,2455.6110,1.71,-241.7000,1.88,5
600216,浙江医药,2010-03-31,5,2810.8560,6.25,-1103.1230,8.70,5
600218,全柴动力,2010-03-31,1,970.9780,3.43,970.9780,0.00,0
600219,南山铝业,2010-03-31,5,2455.6360,1.27,-608.1120,1.86,5
600220,江苏阳光,2010-03-31,4,1927.0550,1.08,24.0290,1.07,5
600221,海南航空,2010-03-31,3,4664.9200,1.13,-9575.1200,4.03,5
600223,鲁商置业,2010-03-31,7,8700.2650,8.69,-910.1630,9.60,8
600225,天津松江,2010-03-31,2,946.2520,1.60,-87.7680,1.74,1
600226,升华拜克,2010-03-31,1,304.1150,1.12,-226.9606,1.96,2
600227,赤天化,2010-03-31,3,907.2820,1.91,538.7650,1.00,2
600228,昌九生化,2010-03-31,3,959.0520,3.97,158.1580,3.32,2
600229,青岛碱业,2010-03-31,1,200.0000,0.51,0.0000,0.51,1
600230,沧州大化,2010-03-31,5,1284.6918,4.95,-765.8872,7.91,7
600231,凌钢股份,2010-03-31,4,4378.1850,5.45,-3273.2910,9.52,8
600233,大杨创世,2010-03-31,2,109.2901,0.66,109.2901,0.00,0
600236,桂冠电力,2010-03-31,4,1659.2250,1.02,-232.5990,1.28,5
600237,铜峰电子,2010-03-31,1,219.9970,0.55,219.9970,0.00,0
600238,海南椰岛,2010-03-31,2,545.6650,3.29,106.1810,2.65,1
600239,云南城投,2010-03-31,3,1647.6170,2.60,-959.2790,4.12,4
600240,华业地产,2010-03-31,2,1852.8770,2.87,-709.9840,3.97,4
600246,万通地产,2010-03-31,5,1400.1420,1.38,-265.8570,1.64,5
600252,中恒集团,2010-03-31,8,4369.9280,16.75,2.7690,16.74,7
600255,鑫科材料,2010-03-31,1,126.4250,0.28,-12.7050,0.31,1
600256,广汇能源,2010-03-31,8,9157.6100,9.61,3210.0090,6.24,7
600258,首旅酒店,2010-03-31,8,3359.9680,14.52,81.0530,14.17,7
600259,广晟有色,2010-03-31,2,181.6747,0.73,181.6747,0.00,0
600260,凯乐科技,2010-03-31,2,234.6220,0.44,50.2350,0.35,1
600261,阳光照明,2010-03-31,7,3221.2710,12.90,-114.8170,13.36,7
600265,*ST景谷,2010-03-31,1,252.9800,1.95,252.9800,0.00,0
600266,北京城建,2010-03-31,8,6278.0180,8.47,-2462.9080,11.80,8
600267,海正药业,2010-03-31,8,6222.8740,12.86,455.0380,11.92,8
600268,国电南自,2010-03-31,3,482.0680,2.55,262.0730,1.16,2
600269,赣粤高速,2010-03-31,7,5288.3100,2.26,-4528.9340,4.20,8
600270,外运发展,2010-03-31,5,4326.3840,4.78,1432.6510,3.20,5
600276,恒瑞医药,2010-03-31,5,5818.6220,7.81,812.3280,8.07,5
600277,亿利能源,2010-03-31,4,2193.0230,3.65,1652.4545,0.90,2
600279,重庆港九,2010-03-31,1,202.2990,0.89,148.0342,0.24,1
600280,中央商场,2010-03-31,5,1507.8440,10.50,-575.8450,14.52,6
600281,太化股份,2010-03-31,2,439.9960,0.86,239.9960,0.39,1
600282,南钢股份,2010-03-31,6,6111.7040,3.63,-4305.5700,6.18,7
600283,钱江水利,2010-03-31,1,106.8300,0.37,106.8300,0.00,0
600285,羚锐制药,2010-03-31,2,614.8550,3.06,255.5920,1.79,1
600287,江苏舜天,2010-03-31,1,250.0000,0.57,-222.8210,1.08,2
600288,大恒科技,2010-03-31,1,107.4960,0.25,18.2278,0.20,1
600289,亿阳信通,2010-03-31,5,1715.1140,4.87,223.1610,4.24,4
600290,华仪电气,2010-03-31,2,120.0000,0.44,75.3080,0.16,1
600292,中电远达,2010-03-31,2,635.2750,1.90,635.2750,0.00,0
600298,安琪酵母,2010-03-31,6,2805.9400,10.34,-52.4000,10.53,7
600299,蓝星新材,2010-03-31,5,3086.3140,5.90,1439.4040,3.15,3
600300,维维股份,2010-03-31,1,185.2380,0.11,-1053.4170,0.74,3
600303,曙光股份,2010-03-31,11,2877.5830,12.96,2400.2578,2.15,3
600305,恒顺醋业,2010-03-31,2,561.5330,4.42,140.6650,3.31,2
600306,商业城,2010-03-31,3,723.9210,4.06,358.8320,2.05,2
600307,酒钢宏兴,2010-03-31,8,4663.4340,2.28,-597.8870,2.57,9
600308,华泰股份,2010-03-31,5,2539.0610,3.91,-1091.5880,5.60,6
600309,万华化学,2010-03-31,9,18779.8900,11.29,-1342.3600,12.10,9
600310,桂东电力,2010-03-31,4,736.7947,4.70,-8.1113,4.75,3
600312,平高电气,2010-03-31,4,5425.5110,7.95,1805.9980,5.30,3
600315,上海家化,2010-03-31,8,6232.7150,19.15,-161.3000,19.64,8
600316,洪都航空,2010-03-31,4,1393.6120,3.95,-18.3710,4.00,4
600317,营口港,2010-03-31,4,1221.7210,1.11,512.1770,0.65,3
600318,巢东股份,2010-03-31,1,111.2370,0.46,111.2370,0.00,0
600321,国栋建设,2010-03-31,4,609.0186,2.67,609.0186,0.00,0
600322,天房发展,2010-03-31,5,4650.7010,4.21,580.5610,3.68,3
600323,南海发展,2010-03-31,4,999.9800,3.69,-286.6552,4.75,5
600326,西藏天路,2010-03-31,6,3232.3270,7.09,2959.5400,0.60,2
600327,大东方,2010-03-31,8,6132.9790,18.81,-100.4120,19.12,8
600328,兰太实业,2010-03-31,2,839.3910,2.34,-427.1393,3.53,3
600329,中新药业,2010-03-31,4,1327.8180,3.59,-971.7780,6.22,5
600331,宏达股份,2010-03-31,6,7619.6760,7.38,-2204.2230,9.52,7
600332,白云山,2010-03-31,7,2750.4630,3.39,2677.1530,0.09,1
600333,长春燃气,2010-03-31,2,187.3030,0.41,93.9900,0.20,1
600335,国机汽车,2010-03-31,1,100.0000,0.36,-29.9900,0.47,1
600336,澳柯玛,2010-03-31,4,713.4690,2.09,633.1774,0.24,1
600337,美克股份,2010-03-31,6,6566.1600,12.86,1420.5050,10.08,6
600339,天利高新,2010-03-31,4,2635.5060,5.01,752.5590,3.58,4
600346,大橡塑,2010-03-31,2,465.2240,2.22,239.6636,1.07,2
600350,山东高速,2010-03-31,8,5426.7030,1.61,2836.7000,0.77,5
600351,亚宝药业,2010-03-31,5,2914.8150,9.21,914.8040,6.32,3
600359,新农开发,2010-03-31,3,599.0000,1.87,478.4560,0.38,1
600360,华微电子,2010-03-31,4,2246.8880,4.31,-1805.1730,7.77,6
600361,华联综超,2010-03-31,5,6485.9600,13.38,645.7750,12.05,5
600362,江西铜业,2010-03-31,7,3161.6640,1.05,847.1800,0.77,6
600363,联创光电,2010-03-31,1,1068.5300,2.88,697.0400,1.00,2
600365,通葡股份,2010-03-31,3,724.0613,5.17,724.0613,0.00,0
600366,宁波韵升,2010-03-31,4,1166.9517,2.95,644.0127,1.32,2
600367,红星发展,2010-03-31,1,1000.0000,3.43,-126.5029,3.87,2
600368,五洲交通,2010-03-31,4,1402.0580,2.52,220.4540,2.13,3
600369,西南证券,2010-03-31,1,244.1160,0.13,-78.0909,0.17,2
600372,中航电子,2010-03-31,2,901.1510,1.86,0.0000,1.86,2
600373,中文传媒,2010-03-31,7,3653.0540,19.48,2479.7190,6.26,3
600376,首开股份,2010-03-31,7,2967.8390,2.58,150.1550,2.45,7
600377,宁沪高速,2010-03-31,3,2930.5670,0.58,252.1670,0.53,2
600379,宝光股份,2010-03-31,5,1364.3460,6.36,1364.3460,0.00,0
600380,健康元,2010-03-31,7,7716.8850,7.03,2443.3970,4.80,6
600382,广东明珠,2010-03-31,3,2693.6660,7.88,1591.1520,3.23,3
600383,金地集团,2010-03-31,7,15543.8900,6.26,2503.4200,5.25,5
600386,北巴传媒,2010-03-31,6,3346.5490,8.30,-804.7510,10.30,7
600388,龙净环保,2010-03-31,2,311.2150,1.50,-216.3163,2.54,3
600389,江山股份,2010-03-31,3,641.4418,3.24,-799.8334,7.28,5
600391,成发科技,2010-03-31,7,1698.8460,12.94,199.7860,11.42,7
600393,东华实业,2010-03-31,3,812.2720,2.71,-1879.3450,8.97,5
600395,盘江股份,2010-03-31,6,3766.6400,3.41,-1451.8170,4.73,7
600396,金山股份,2010-03-31,7,2168.1373,6.37,1662.6110,1.48,3
600397,安源煤业,2010-03-31,1,162.4070,0.60,162.4070,0.00,0
600398,凯诺科技,2010-03-31,1,181.8530,0.28,-32.0000,0.33,1
600400,红豆股份,2010-03-31,1,90.9251,0.21,-17.2849,0.25,1
600415,小商品城,2010-03-31,7,4542.3650,6.68,-1397.9790,8.73,7
600416,湘电股份,2010-03-31,6,1839.2080,7.83,369.3860,6.25,5
600418,江淮汽车,2010-03-31,6,9947.6600,7.72,-1661.6250,9.01,6
600422,昆明制药,2010-03-31,4,2359.2980,7.51,-194.0680,8.13,6
600426,华鲁恒升,2010-03-31,9,6080.5150,12.27,-627.3130,13.53,8
600428,中远航运,2010-03-31,6,7146.7700,5.45,455.5600,5.11,6
600456,宝钛股份,2010-03-31,6,2801.7800,6.51,531.8710,5.28,4
600458,时代新材,2010-03-31,5,2755.9430,13.49,1703.1080,5.15,2
600466,迪康药业,2010-03-31,1,200.0000,1.14,-493.2640,3.95,2
600468,百利电气,2010-03-31,4,1018.9680,3.22,72.4890,2.99,4
600486,扬农化工,2010-03-31,7,1628.3210,12.30,-245.6310,14.15,8
600488,天药股份,2010-03-31,6,4772.6970,8.79,2757.6240,3.71,3
600496,精工钢构,2010-03-31,5,2092.2110,5.41,-957.3800,7.88,7
600498,烽火通信,2010-03-31,7,3960.7570,8.96,786.8250,7.18,7
600499,科达机电,2010-03-31,3,1879.3670,3.14,977.8820,1.99,2
600500,中化国际,2010-03-31,3,4464.0530,3.11,2610.8230,1.29,4
600501,航天晨光,2010-03-31,2,477.1340,1.47,-259.8632,2.27,2
600503,华丽家族,2010-03-31,2,1230.0100,2.33,382.0970,1.61,3
600505,西昌电力,2010-03-31,1,207.9900,0.57,4.9230,0.56,1
600508,上海能源,2010-03-31,8,2248.0820,3.11,-533.0220,3.85,7
600509,天富热电,2010-03-31,6,2599.4890,3.96,2101.0710,0.76,3
600510,黑牡丹,2010-03-31,5,2746.7090,3.45,1728.5700,1.28,2
600511,国药股份,2010-03-31,8,6656.5130,13.90,816.1050,12.20,8
600516,方大炭素,2010-03-31,4,2588.8700,2.02,-1228.6180,2.98,6
600518,康美药业,2010-03-31,4,19196.6300,11.33,-1752.2700,12.36,4
600519,贵州茅台,2010-03-31,7,4968.0110,5.26,200.3410,5.05,7
600522,中天科技,2010-03-31,4,2007.3720,6.26,-35.3130,6.37,8
600523,贵航股份,2010-03-31,5,1676.0030,5.80,1093.6030,2.02,3
600525,长园集团,2010-03-31,7,2673.7130,12.39,667.4360,9.29,6
600526,菲达环保,2010-03-31,1,69.0400,0.49,69.0400,0.00,0
600528,中铁二局,2010-03-31,6,5853.7060,4.01,-1084.3080,4.75,6
600529,山东药玻,2010-03-31,7,2995.8910,11.64,-1994.7340,19.39,8
600530,交大昂立,2010-03-31,1,65.8230,0.21,65.8230,0.00,0
600531,豫光金铅,2010-03-31,3,163.9213,0.72,79.2618,0.37,2
600533,栖霞建设,2010-03-31,4,6210.0040,5.91,-2813.7610,8.59,6
600535,天士力,2010-03-31,8,6912.7850,14.17,1028.7250,12.06,8
600536,中国软件,2010-03-31,4,912.0640,4.04,912.0640,0.00,0
600548,深高速,2010-03-31,2,912.3530,0.42,398.9830,0.24,1
600549,厦门钨业,2010-03-31,3,1438.4460,2.11,-301.5380,2.55,3
600550,天威保变,2010-03-31,7,4123.9560,3.53,-44.7080,3.57,7
600551,时代出版,2010-03-31,5,1836.7010,4.70,505.0950,3.41,6
600557,康缘药业,2010-03-31,7,4952.1770,15.49,-57.9900,15.67,7
600558,大西洋,2010-03-31,7,1464.9715,12.16,803.0989,5.52,5
600559,老白干酒,2010-03-31,7,2803.2250,20.02,563.8040,16.00,7
600560,金自天正,2010-03-31,2,404.3780,4.07,404.3780,0.00,0
600561,江西长运,2010-03-31,2,201.1380,1.08,201.1380,0.00,0
600563,法拉电子,2010-03-31,7,2631.4750,11.70,133.6350,11.10,7
600565,迪马股份,2010-03-31,2,312.5220,0.43,-0.4300,0.43,2
600568,中珠控股,2010-03-31,1,588.7810,3.54,0.0000,3.54,1
600569,安阳钢铁,2010-03-31,6,8284.7280,3.46,-2984.2260,4.71,9
600571,信雅达,2010-03-31,6,2731.0180,14.04,794.6830,9.95,5
600577,精达股份,2010-03-31,2,585.4720,1.99,305.4800,0.95,1
600578,京能电力,2010-03-31,2,260.4850,0.45,-611.5850,1.52,2
600580,卧龙电气,2010-03-31,5,2547.1210,6.87,702.1330,6.47,4
600581,八一钢铁,2010-03-31,9,8946.5380,11.67,688.3050,10.77,9
600582,天地科技,2010-03-31,6,4393.5490,6.51,-440.7450,7.17,6
600583,海油工程,2010-03-31,6,12098.9800,3.73,-4678.3500,5.18,7
600585,海螺水泥,2010-03-31,4,4444.2510,2.52,-358.6860,2.72,5
600586,金晶科技,2010-03-31,7,5584.3990,9.46,-676.7270,10.61,7
600587,新华医疗,2010-03-31,3,677.7480,5.04,475.7117,1.50,2
600588,用友软件,2010-03-31,6,6667.7040,10.62,270.5040,10.19,5
600589,广东榕泰,2010-03-31,1,126.9340,0.21,-587.6240,1.19,2
600590,泰豪科技,2010-03-31,6,4325.5930,11.40,75.0390,11.20,7
600592,龙溪股份,2010-03-31,6,2692.8360,8.98,479.2860,7.38,7
600593,大连圣亚,2010-03-31,1,99.9953,1.09,0.0000,1.09,1
600595,中孚实业,2010-03-31,8,6240.7120,5.28,2277.8080,6.03,7
600596,新安股份,2010-03-31,9,4785.6390,15.50,-814.2880,18.14,8
600597,光明乳业,2010-03-31,5,3555.4510,3.41,802.1000,2.64,5
600598,北大荒,2010-03-31,7,4664.7960,2.62,-2129.5760,3.96,8
600600,青岛啤酒,2010-03-31,4,4189.4530,3.10,103.4040,3.02,4
600601,方正科技,2010-03-31,7,6136.9460,3.55,2723.5620,1.98,6
600602,仪电电子,2010-03-31,1,883.9910,0.75,183.9910,0.60,1
600606,金丰投资,2010-03-31,2,151.8233,0.39,-521.9887,1.73,3
600611,大众交通,2010-03-31,2,668.1670,0.42,-6.0420,0.43,2
600612,老凤祥,2010-03-31,1,195.2630,0.71,0.0000,0.71,1
600616,金枫酒业,2010-03-31,4,4659.7820,12.75,542.7700,11.26,4
600619,海立股份,2010-03-31,1,1141.5400,2.08,730.5090,0.75,2
600621,华鑫股份,2010-03-31,2,356.3110,0.68,28.9870,0.62,1
600622,嘉宝集团,2010-03-31,5,3955.3960,7.69,-1033.6520,9.70,6
600624,复旦复华,2010-03-31,2,153.4799,0.44,-12.8651,0.48,2
600626,申达股份,2010-03-31,3,536.5770,1.13,-107.1590,1.36,3
600628,新世界,2010-03-31,5,6400.6200,12.04,-89.7710,12.20,5
600629,棱光实业,2010-03-31,3,705.9130,2.62,-80.1750,2.92,2
600630,龙头股份,2010-03-31,1,104.5520,0.25,-13.1700,0.28,1
600635,大众公用,2010-03-31,4,1822.3140,1.22,-64.9690,1.26,4
600636,三爱富,2010-03-31,2,485.4458,1.40,155.4038,0.95,2
600637,百视通,2010-03-31,1,149.5200,0.21,-21.2750,0.24,1
600638,新黄浦,2010-03-31,3,556.0710,0.99,263.9250,0.52,1
600639,浦东金桥,2010-03-31,3,1881.6650,2.23,-230.8360,2.50,3
600640,号百控股,2010-03-31,2,170.5470,0.42,-144.4887,0.78,3
600641,万业企业,2010-03-31,4,514.2610,0.64,-917.4680,1.78,5
600642,申能股份,2010-03-31,3,2434.6040,0.84,652.5800,0.62,2
600643,爱建股份,2010-03-31,2,973.9820,1.19,-7.9200,1.20,2
600644,乐山电力,2010-03-31,1,80.3477,0.25,80.3477,0.00,0
600648,外高桥,2010-03-31,1,171.3750,0.17,-128.6250,0.30,1
600649,城投控股,2010-03-31,5,11157.2000,4.85,915.6900,4.46,4
600650,锦江投资,2010-03-31,3,1327.1270,2.41,1327.1270,0.00,0
600652,爱使股份,2010-03-31,3,430.9960,0.77,65.0700,0.66,2
600653,申华控股,2010-03-31,2,970.7050,0.56,-287.7960,0.72,3
600654,飞乐股份,2010-03-31,1,265.4360,0.35,-37.1850,0.40,1
600655,豫园商城,2010-03-31,2,7312.9300,9.16,-38.2700,9.21,3
600657,信达地产,2010-03-31,8,8560.0430,5.62,-1286.7580,6.46,8
600658,电子城,2010-03-31,5,1784.6810,3.08,813.2110,1.67,3
600660,福耀玻璃,2010-03-31,6,15945.1300,7.96,-5314.5000,10.61,7
600662,强生控股,2010-03-31,3,2032.0610,2.50,2032.0610,0.00,0
600664,哈药股份,2010-03-31,4,13552.6600,10.91,-286.8000,11.14,4
600665,天地源,2010-03-31,5,1265.8620,1.76,-69.3650,1.85,5
600666,西南药业,2010-03-31,5,1333.7750,6.90,1333.7750,0.00,0
600667,太极实业,2010-03-31,1,115.3700,0.25,-21.4310,0.29,1
600673,东阳光铝,2010-03-31,5,1961.0960,2.37,1663.2031,0.36,3
600674,川投能源,2010-03-31,4,2419.5790,2.59,-39.6510,2.64,4
600675,中华企业,2010-03-31,6,3996.6900,3.67,-1512.6830,5.06,7
600676,交运股份,2010-03-31,2,474.2750,0.65,321.7700,0.21,1
600677,航天通信,2010-03-31,1,114.6640,0.35,-722.7190,2.57,2
600682,南京新百,2010-03-31,2,1592.9840,4.45,663.4020,2.59,3
600683,京投银泰,2010-03-31,5,4094.6680,5.53,704.9760,6.86,7
600684,珠江实业,2010-03-31,4,919.1370,4.91,-167.5110,5.81,5
600685,广船国际,2010-03-31,2,185.3121,0.37,-1202.0155,2.80,6
600686,金龙汽车,2010-03-31,4,4892.2810,11.05,52.3590,10.94,4
600688,上海石化,2010-03-31,6,15237.3780,2.12,1733.3740,1.88,6
600689,上海三毛,2010-03-31,1,163.5900,0.81,163.5900,0.00,0
600690,青岛海尔,2010-03-31,8,12510.4300,9.35,444.4200,9.01,7
600692,亚通股份,2010-03-31,1,86.5663,0.25,-167.7827,0.72,1
600693,东百集团,2010-03-31,7,4448.0270,12.96,-676.2820,14.93,7
600694,大商股份,2010-03-31,6,3414.0310,11.62,1388.9560,6.89,4
600697,欧亚集团,2010-03-31,9,3870.3960,24.33,-233.7280,25.80,9
600703,三安光电,2010-03-31,7,5149.4880,9.27,2022.5870,11.26,7
600704,物产中大,2010-03-31,7,2743.9150,6.25,-1874.3140,10.52,7
600707,*ST彩虹,2010-03-31,7,3283.9450,7.80,-41.4550,7.90,6
600708,海博股份,2010-03-31,1,114.1760,0.25,-0.6800,0.25,1
600710,常林股份,2010-03-31,2,193.9203,0.40,51.4183,0.29,1
600712,南宁百货,2010-03-31,5,1750.7440,10.08,1150.7440,3.46,1
600713,南京医药,2010-03-31,8,6477.2250,21.52,632.2940,19.42,8
600717,天津港,2010-03-31,4,6993.1020,4.18,-1944.2550,5.34,3
600718,东软集团,2010-03-31,7,6094.9870,6.45,-894.6450,7.40,8
600720,祁连山,2010-03-31,7,3985.2240,8.39,-2001.4020,12.61,9
600721,百花村,2010-03-31,3,1291.8020,9.12,1291.8020,0.00,0
600723,首商股份,2010-03-31,6,3186.0510,7.78,2233.7470,2.32,4
600724,宁波富达,2010-03-31,1,536.0050,0.37,0.0000,0.37,1
600725,云维股份,2010-03-31,5,1237.3570,3.61,-954.0130,6.40,6
600727,鲁北化工,2010-03-31,1,152.2970,0.43,152.2970,0.00,0
600729,重庆百货,2010-03-31,7,3643.3980,17.86,47.6060,17.63,7
600732,上海新梅,2010-03-31,3,631.5740,2.55,231.5670,1.61,2
600735,新华锦,2010-03-31,1,270.0000,1.74,-257.3790,3.41,1
600736,苏州高新,2010-03-31,7,9930.2270,11.26,-143.4160,11.43,8
600737,中粮屯河,2010-03-31,3,6522.3300,6.49,-2672.9400,9.14,7
600738,兰州民百,2010-03-31,7,2729.5340,10.39,1806.1460,3.51,3
600739,辽宁成大,2010-03-31,6,12427.2300,13.78,1357.0500,12.28,6
600741,华域汽车,2010-03-31,6,13113.4720,5.08,-2068.8480,5.88,7
600742,一汽富维,2010-03-31,7,3235.6900,15.30,570.5200,12.60,5
600743,华远地产,2010-03-31,1,98.8455,0.10,14.1701,0.11,1
600744,华银电力,2010-03-31,2,378.2050,0.53,5.2050,0.52,2
600748,上实发展,2010-03-31,7,3622.4540,3.34,-2905.4770,6.03,8
600750,江中药业,2010-03-31,8,5484.0340,18.53,104.4880,18.18,8
600893,航空动力,2010-03-31,7,2225.2630,4.08,-319.0320,5.75,7
600894,广日股份,2010-03-31,5,3668.6750,4.81,1214.5050,3.22,4
600895,张江高科,2010-03-31,9,6233.5070,4.03,-1784.3320,5.18,9
600896,中海海盛,2010-03-31,2,258.4942,0.44,77.4752,0.31,1
600897,厦门空港,2010-03-31,5,1641.0480,5.51,-144.3910,6.00,5
600272,开开实业,2010-03-31,1,408.8000,1.68,408.8000,0.00,0
600320,振华重工,2010-03-31,2,2971.5400,0.68,162.2200,0.64,2
600555,*ST九龙,2010-03-31,2,799.9950,0.92,45.9830,0.87,1
000001,平安银行,2010-03-31,4,15843.7600,5.10,3618.4400,3.94,3
000002,万科A,2010-03-31,3,31422.1200,2.86,-9643.3800,3.73,5
000005,世纪星源,2010-03-31,1,257.1970,0.28,-179.6850,0.48,2
000006,深振业A,2010-03-31,6,3471.5040,6.84,-1782.4580,10.36,6
000009,中国宝安,2010-03-31,8,14658.9600,13.44,2132.9600,11.48,8
000012,南玻A,2010-03-31,5,8270.6740,6.76,837.7040,6.07,4
000014,沙河股份,2010-03-31,4,1123.7710,5.57,-1007.1790,10.56,6
000016,深康佳A,2010-03-31,5,10497.7300,8.72,2234.4900,6.86,4
000021,长城开发,2010-03-31,6,3717.8430,4.23,-757.5990,5.09,6
000024,招商地产,2010-03-31,8,10173.2470,5.92,2292.3700,56.80,7
000026,飞亚达A,2010-03-31,6,1985.1060,7.96,590.0062,5.60,5
000027,深圳能源,2010-03-31,5,3314.9900,1.51,-322.0460,1.65,6
000028,国药一致,2010-03-31,8,4163.1330,14.45,-178.3570,15.07,8
000029,深深房A,2010-03-31,1,94.0580,0.09,-39.0600,0.13,1
000031,中粮地产,2010-03-31,7,5167.2460,2.85,213.4460,2.73,6
000032,深桑达A,2010-03-31,1,336.0060,1.44,-152.3970,2.10,1
000039,中集集团,2010-03-31,3,7094.6600,2.66,3744.8300,1.26,2
000040,宝安地产,2010-03-31,1,132.0930,0.28,-13.7380,0.31,1
000042,深长城,2010-03-31,4,563.2385,2.35,-193.9538,3.16,5
000043,中航地产,2010-03-31,5,1082.6820,4.87,-372.8520,6.55,5
000046,泛海建设,2010-03-31,8,7985.1450,3.50,849.0570,3.15,7
000050,深天马A,2010-03-31,1,100.9550,0.18,-197.1260,0.52,2
000055,方大集团,2010-03-31,1,330.9310,0.78,330.9310,0.00,0
000059,辽通化工,2010-03-31,7,6895.4590,5.74,-268.9540,5.97,8
000060,中金岭南,2010-03-31,7,9563.5570,9.34,420.6400,8.93,7
000061,农产品,2010-03-31,6,5666.8080,7.37,314.4680,6.96,4
000063,中兴通讯,2010-03-31,6,11317.5000,5.92,1119.5000,5.57,6
000066,长城电脑,2010-03-31,3,1176.8110,2.14,-1515.8620,4.89,5
000069,华侨城A,2010-03-31,8,20160.0400,6.49,467.6800,6.34,9
000078,海王生物,2010-03-31,2,253.9120,0.39,-9.6300,0.40,2
000088,盐田港,2010-03-31,5,1036.3752,0.83,-1770.9248,2.25,3
000089,深圳机场,2010-03-31,7,6387.2220,3.78,-1414.2280,4.62,9
000090,深天健,2010-03-31,5,7085.5700,15.52,3244.4350,8.41,4
000096,广聚能源,2010-03-31,3,490.0000,0.93,230.0000,0.49,2
000099,中信海直,2010-03-31,3,660.7081,1.29,510.2681,0.29,1
000151,中成股份,2010-03-31,1,655.0000,2.21,603.3133,0.17,1
000153,丰原药业,2010-03-31,1,800.0000,3.08,-253.7900,4.05,1
000155,川化股份,2010-03-31,2,158.0353,0.34,-110.4896,0.57,2
000157,中联重科,2010-03-31,4,8056.4800,4.09,-2571.3600,6.35,6
000158,常山股份,2010-03-31,3,680.7640,0.95,72.9570,0.85,3
000301,东方市场,2010-03-31,6,6911.9080,5.67,952.7480,4.89,6
000400,许继电气,2010-03-31,10,6476.7910,17.12,1168.5610,14.03,9
000401,冀东水泥,2010-03-31,5,5776.6700,4.76,-2184.2500,6.56,5
000402,金融街,2010-03-31,8,25100.8200,10.12,-1332.9600,10.65,8
000404,华意压缩,2010-03-31,6,1801.9490,5.55,344.2220,4.49,4
000407,胜利股份,2010-03-31,5,2082.9000,4.17,-2350.1190,8.88,5
000410,沈阳机床,2010-03-31,1,199.9950,0.37,-572.3670,1.42,3
000415,渤海租赁,2010-03-31,3,624.2990,2.08,224.3107,1.33,2
000417,合肥百货,2010-03-31,8,7556.2400,15.75,181.6050,15.37,8
000418,小天鹅A,2010-03-31,4,3240.5580,5.92,-114.4730,6.13,3
000419,通程控股,2010-03-31,2,1317.1000,3.75,1317.1000,0.00,0
000421,南京中北,2010-03-31,1,262.3930,0.75,262.3930,0.00,0
000422,湖北宜化,2010-03-31,8,8257.6090,15.22,-1380.6700,17.77,9
000423,东阿阿胶,2010-03-31,8,8935.1100,13.66,324.9340,13.16,7
000425,徐工机械,2010-03-31,10,7269.1670,8.38,507.8760,7.79,9
000426,兴业矿业,2010-03-31,2,370.7620,0.97,-109.6600,1.26,2
000428,华天酒店,2010-03-31,1,349.8750,0.63,349.8750,0.00,0
600754,锦江股份,2010-03-31,2,613.2470,1.02,418.1800,0.32,1
600755,厦门国贸,2010-03-31,5,2504.8810,3.91,1208.4620,2.03,4
600759,正和股份,2010-03-31,1,98.9818,0.11,98.9818,0.00,0
600760,*ST黑豹,2010-03-31,2,193.0080,0.71,114.2611,0.29,1
600761,安徽合力,2010-03-31,5,2529.2210,7.09,-380.1920,8.15,6
600763,通策医疗,2010-03-31,1,105.4050,0.66,105.4050,0.00,0
600765,中航重机,2010-03-31,6,3988.8290,7.69,2621.8830,2.64,6
600769,*ST祥龙,2010-03-31,3,999.9920,2.67,999.9920,0.00,0
600770,综艺股份,2010-03-31,4,1434.9950,3.23,143.0500,2.91,3
600774,汉商集团,2010-03-31,1,400.0000,2.29,400.0000,0.00,0
600775,南京熊猫,2010-03-31,1,29.0450,0.04,-5.0350,0.05,1
600776,东方通信,2010-03-31,1,134.4340,0.11,-24.7950,0.13,1
600777,新潮实业,2010-03-31,2,285.9020,0.46,-950.8290,1.98,5
600778,友好集团,2010-03-31,5,2850.2580,9.15,2128.6780,2.32,2
600779,水井坊,2010-03-31,6,4985.7400,10.21,21.5560,10.16,8
600780,通宝能源,2010-03-31,1,480.7000,0.55,-212.5030,0.79,2
600782,新钢股份,2010-03-31,3,4677.4800,3.36,841.5620,2.75,3
600785,新华百货,2010-03-31,6,2968.9910,17.18,-512.6140,20.14,7
600787,中储股份,2010-03-31,6,2865.5390,3.41,1140.5960,2.05,3
600789,鲁抗医药,2010-03-31,1,122.6790,0.21,-30.0450,0.26,1
600790,轻纺城,2010-03-31,2,1800.0000,2.91,1193.2630,0.98,2
600791,京能置业,2010-03-31,1,216.2410,0.48,216.2410,0.00,0
600794,保税科技,2010-03-31,1,112.1270,0.63,53.3738,0.33,1
600795,国电电力,2010-03-31,8,42854.2200,7.87,8024.5300,6.39,7
600797,浙大网新,2010-03-31,5,3092.7190,3.80,-2188.9140,6.50,4
600798,宁波海运,2010-03-31,3,342.1036,0.39,89.3450,0.29,2
600801,华新水泥,2010-03-31,1,314.7460,0.78,-54.3510,0.91,1
600802,福建水泥,2010-03-31,1,93.9679,0.25,-821.2841,2.40,2
600803,威远生化,2010-03-31,1,511.7130,2.16,-298.7550,3.43,2
600804,鹏博士,2010-03-31,7,8059.2580,6.02,3556.1650,3.90,6
600805,悦达投资,2010-03-31,6,5764.2640,10.57,37.6320,10.50,7
600806,昆明机床,2010-03-31,5,2174.6400,5.12,-1125.0840,7.77,5
600808,马钢股份,2010-03-31,5,19008.6900,2.47,-12316.9800,4.07,8
600809,山西汾酒,2010-03-31,6,2525.9540,5.83,-414.3070,6.79,7
600810,神马股份,2010-03-31,3,2538.1470,5.74,418.5560,4.79,4
600811,东方集团,2010-03-31,3,1576.4390,0.95,-54.2420,0.98,3
600812,华北制药,2010-03-31,6,5957.9850,5.79,-2646.2790,8.37,7
600814,杭州解百,2010-03-31,3,1706.8070,5.50,531.8490,3.79,2
600815,厦工股份,2010-03-31,3,1972.0120,2.82,-2939.7260,7.02,5
600816,安信信托,2010-03-31,5,3332.8130,7.34,2232.4240,2.42,4
600820,隧道股份,2010-03-31,4,2954.2330,4.03,-2169.8270,6.99,6
600823,世茂股份,2010-03-31,1,533.4980,0.46,-157.2050,0.59,1
600824,益民集团,2010-03-31,5,7812.1810,10.67,1259.1650,8.95,3
600825,新华传媒,2010-03-31,5,2694.6060,3.09,-669.6260,3.86,5
600826,兰生股份,2010-03-31,2,528.6670,1.89,366.8820,0.58,1
600827,友谊股份,2010-03-31,3,4518.8200,9.57,1049.5800,7.35,2
600828,成商集团,2010-03-31,6,2318.5470,11.41,-267.8860,12.73,6
600829,三精制药,2010-03-31,5,1346.2230,3.48,14.6665,3.44,6
600830,香溢融通,2010-03-31,1,312.5000,0.69,312.5000,0.00,0
600831,广电网络,2010-03-31,7,3957.9120,9.13,-1239.3170,11.99,6
600832,东方明珠,2010-03-31,3,6481.0810,2.03,4904.6350,0.49,2
600833,第一医药,2010-03-31,2,508.7150,3.19,508.7150,0.00,0
600835,上海机电,2010-03-31,5,5747.4730,5.62,-2297.2980,7.87,4
600836,界龙实业,2010-03-31,1,88.1825,0.28,-62.8055,0.48,2
600837,海通证券,2010-03-31,3,16523.4600,2.01,-2894.8100,2.36,3
600838,上海九百,2010-03-31,3,1524.3070,3.80,1356.7960,0.42,1
600839,四川长虹,2010-03-31,4,12981.5660,6.84,6453.8000,3.44,5
600844,丹化科技,2010-03-31,3,1316.0330,1.69,947.3060,0.95,2
600845,宝信软件,2010-03-31,2,391.7770,1.49,203.6967,0.72,2
601607,上海医药,2010-03-31,8,11667.4350,5.86,1230.7060,18.34,8
600850,华东电脑,2010-03-31,3,1145.5020,6.70,1145.5020,0.00,0
600851,海欣股份,2010-03-31,1,292.2330,0.24,49.7540,0.20,1
600854,春兰股份,2010-03-31,3,705.8820,1.36,487.9110,0.42,1
600855,航天长峰,2010-03-31,2,292.2761,1.00,196.3100,0.33,1
600856,长百集团,2010-03-31,1,280.0000,1.19,-143.1390,1.80,1
600858,银座股份,2010-03-31,6,3001.0520,10.39,-1818.3170,20.50,9
600859,王府井,2010-03-31,6,3734.0520,9.50,-923.3790,11.85,6
600860,北人股份,2010-03-31,4,684.5860,1.62,684.5860,0.00,0
600861,北京城乡,2010-03-31,3,2550.4330,8.05,357.1230,6.92,4
600862,南通科技,2010-03-31,1,89.9940,0.38,-1516.4890,6.74,5
600863,内蒙华电,2010-03-31,8,6500.4390,3.28,2842.3400,1.85,5
600864,哈投股份,2010-03-31,1,2073.1200,3.79,-298.5780,4.34,3
600865,百大集团,2010-03-31,2,1365.6310,3.63,708.6430,1.75,1
600866,星湖科技,2010-03-31,8,7697.7710,14.77,572.2910,13.67,7
600867,通化东宝,2010-03-31,1,1000.5300,2.09,216.1940,1.64,3
600869,远东电缆,2010-03-31,4,1123.3550,9.36,287.7460,6.96,3
600871,仪征化纤,2010-03-31,3,1379.3990,0.34,1282.5856,0.02,1
600872,中炬高新,2010-03-31,4,4944.9410,6.83,1804.5050,4.34,3
600873,梅花集团,2010-03-31,2,241.0327,2.23,241.0327,0.00,0
600874,创业环保,2010-03-31,5,2066.0770,1.45,1703.8200,0.25,2
600875,东方电气,2010-03-31,6,3137.7470,3.13,-143.1430,3.27,7
600877,中国嘉陵,2010-03-31,5,2117.2790,3.08,1485.8510,0.92,2
600879,航天电子,2010-03-31,5,4727.0430,5.83,2630.5980,2.58,4
600880,博瑞传播,2010-03-31,8,5695.6380,15.18,121.7630,14.85,8
600881,亚泰集团,2010-03-31,4,6268.1800,3.31,1004.6200,2.78,3
600883,博闻科技,2010-03-31,1,742.7330,3.15,355.2390,1.64,1
600884,杉杉股份,2010-03-31,6,3025.8150,7.36,2884.7400,0.34,1
600886,国投电力,2010-03-31,3,5944.8010,2.98,926.2980,2.52,3
600887,伊利股份,2010-03-31,6,8862.3800,11.09,-145.9800,11.27,6
600888,新疆众和,2010-03-31,1,1500.0000,4.26,-579.4610,5.91,3
600889,南京化纤,2010-03-31,1,43.3000,0.17,-46.8700,0.35,1
000488,晨鸣纸业,2010-03-31,4,8912.5500,4.32,-378.5900,4.51,4
000501,鄂武商A,2010-03-31,4,4872.4710,9.61,1251.7900,7.14,3
000503,海虹控股,2010-03-31,3,1948.4930,2.60,487.8990,1.95,3
000507,珠海港,2010-03-31,3,1485.9130,4.31,1380.5990,0.31,1
000511,银基发展,2010-03-31,4,3397.6040,2.94,-70.1530,3.00,5
000513,丽珠集团,2010-03-31,4,2115.5700,7.15,-48.8960,7.32,4
000514,渝开发,2010-03-31,8,2334.3280,3.68,-885.9350,5.08,7
000516,开元投资,2010-03-31,5,2151.4950,5.73,213.1580,5.16,4
000519,江南红箭,2010-03-31,5,1339.0440,7.01,1138.3760,1.05,1
000520,*ST凤凰,2010-03-31,3,1094.7280,3.11,876.4010,0.32,1
000521,美菱电器,2010-03-31,3,1545.2410,3.74,-1336.4930,6.97,4
000523,广州浪奇,2010-03-31,2,179.9991,1.04,179.9991,0.00,0
000524,东方宾馆,2010-03-31,1,563.5710,2.09,70.3990,1.83,1
000525,红太阳,2010-03-31,4,2126.3930,7.59,178.2710,6.95,3
000526,银润投资,2010-03-31,1,108.7760,1.13,-268.3050,3.92,2
000528,柳工,2010-03-31,9,8722.4280,13.42,1588.0660,10.97,7
000530,大冷股份,2010-03-31,2,622.0410,1.78,382.9330,0.68,2
000531,穗恒运A,2010-03-31,3,462.2340,1.73,-668.0210,4.24,4
000532,力合股份,2010-03-31,3,959.7637,5.56,255.8717,2.04,3
000533,万家乐,2010-03-31,4,2225.7110,3.22,838.3850,2.41,3
000536,华映科技,2010-03-31,6,1480.0683,2.11,415.2253,7.36,4
000537,广宇发展,2010-03-31,4,3182.7150,6.21,395.6550,5.44,4
000538,云南白药,2010-03-31,7,4433.3030,8.30,171.1480,7.98,6
000539,粤电力A,2010-03-31,3,4924.8400,1.85,-618.8900,2.08,2
000540,中天城投,2010-03-31,5,3527.1160,6.18,-1645.9700,9.06,9
000541,佛山照明,2010-03-31,6,5089.8450,5.20,2484.3460,2.66,3
000543,皖能电力,2010-03-31,2,1069.4320,1.38,916.2220,0.20,1
000544,中原环保,2010-03-31,1,748.9170,2.78,748.9170,0.00,0
000547,闽福发A,2010-03-31,2,1747.6030,7.14,702.6640,4.27,2
000548,湖南投资,2010-03-31,2,385.7040,0.77,239.7020,0.29,1
000550,江铃汽车,2010-03-31,4,3208.8130,3.72,42.5930,3.67,4
000551,创元科技,2010-03-31,4,747.3220,3.09,747.3220,0.00,0
000552,靖远煤电,2010-03-31,1,20.3201,0.11,20.3201,0.00,0
000554,泰山石油,2010-03-31,1,199.9990,0.42,21.9470,0.37,1
000558,莱茵置业,2010-03-31,1,102.9390,0.28,-151.7600,0.69,2
000559,万向钱潮,2010-03-31,4,3688.9340,3.60,1150.9150,2.47,4
000560,昆百大A,2010-03-31,5,1497.2603,11.14,-355.9037,13.79,6
000562,宏源证券,2010-03-31,4,2699.5580,1.85,783.0550,1.31,4
000563,陕国投A,2010-03-31,2,527.2250,1.47,-9.5038,1.50,3
000564,西安民生,2010-03-31,5,1860.7120,6.11,942.4810,3.40,2
000565,渝三峡A,2010-03-31,1,809.8050,4.67,-99.8560,5.24,3
000566,海南海药,2010-03-31,6,2345.1410,11.10,-920.6870,15.45,7
000568,泸州老窖,2010-03-31,9,12147.1820,8.71,-2354.9880,10.40,9
000571,新大洲A,2010-03-31,2,409.1800,0.56,-23.4680,0.59,2
000572,海马汽车,2010-03-31,1,183.8720,0.18,-1747.2140,1.85,4
000573,粤宏远A,2010-03-31,2,346.1950,0.56,-42.0800,0.62,2
000581,威孚高科,2010-03-31,7,5713.2180,10.07,-1.9470,10.07,7
000582,北海港,2010-03-31,3,590.2510,4.15,-74.7820,4.68,2
000584,友利控股,2010-03-31,5,3506.1160,8.57,131.6580,8.25,5
000589,黔轮胎A,2010-03-31,3,872.6187,3.43,147.4813,2.85,3
000591,桐君阁,2010-03-31,5,465.2931,2.37,465.2931,0.00,0
000592,中福实业,2010-03-31,1,99.9907,0.17,99.9907,0.00,0
000594,*ST国恒,2010-03-31,2,276.8020,0.22,-49.0600,0.26,2
000596,古井贡酒,2010-03-31,3,936.4380,3.98,337.2250,2.55,2
000597,东北制药,2010-03-31,2,488.9900,1.46,-295.5660,2.35,5
000598,兴蓉投资,2010-03-31,4,1970.8650,4.27,970.6250,3.31,4
000599,青岛双星,2010-03-31,2,793.3820,1.51,501.4590,0.56,2
000600,建投能源,2010-03-31,1,95.9715,0.11,-360.5535,0.50,4
000601,韶能股份,2010-03-31,3,2661.1610,2.88,-302.1640,3.20,3
000607,华智控股,2010-03-31,2,1519.6910,3.12,353.4980,2.39,2
000608,阳光股份,2010-03-31,3,1580.6950,2.95,1230.7030,0.65,1
000612,焦作万方,2010-03-31,7,4503.7450,9.38,1097.0800,7.09,6
000616,亿城股份,2010-03-31,5,3136.8320,3.47,-4359.1270,8.30,6
000617,*ST济柴,2010-03-31,3,857.4743,2.98,-30.3064,3.09,4
000619,海螺型材,2010-03-31,3,542.6008,1.51,162.8883,1.05,2
000623,吉林敖东,2010-03-31,7,4026.7560,7.02,-3403.8050,12.96,7
000625,长安汽车,2010-03-31,4,5636.8500,2.42,-344.1200,2.56,3
000627,天茂集团,2010-03-31,1,146.2050,0.22,-46.9350,0.29,1
000628,高新发展,2010-03-31,1,113.9920,0.52,113.9920,0.00,0
000630,铜陵有色,2010-03-31,10,7197.1560,5.56,438.0130,5.22,10
000631,顺发恒业,2010-03-31,3,487.0450,0.47,147.0510,0.33,2
000635,英力特,2010-03-31,5,1622.0680,9.16,-601.9230,12.56,6
000638,万方发展,2010-03-31,1,41.0800,0.27,41.0800,0.00,0
000639,西王食品,2010-03-31,3,609.7162,8.37,609.7162,0.00,0
000650,仁和药业,2010-03-31,8,3546.4490,12.66,242.2050,11.80,9
000651,格力电器,2010-03-31,5,13262.3900,7.06,56.7100,7.03,4
000652,泰达股份,2010-03-31,5,4917.9440,3.33,1214.5260,2.51,5
000655,金岭矿业,2010-03-31,8,3293.0600,5.53,-67.9710,5.65,7
000656,金科股份,2010-03-31,5,2388.1110,9.55,-759.6680,12.59,7
000659,珠海中富,2010-03-31,1,193.6200,0.28,-425.9250,0.90,2
000661,长春高新,2010-03-31,3,520.5830,3.96,312.4130,1.59,2
000663,永安林业,2010-03-31,3,436.6239,2.15,436.6239,0.00,0
000665,湖北广电,2010-03-31,5,1098.2610,6.19,1098.2610,0.00,0
000667,名流置业,2010-03-31,5,5859.4990,4.35,-5853.2210,8.69,6
000677,恒天海龙,2010-03-31,4,2507.5610,2.90,-3253.3930,6.67,6
000678,襄阳轴承,2010-03-31,1,122.0430,0.41,122.0430,0.00,0
000679,大连友谊,2010-03-31,4,1110.9120,4.68,511.4350,2.52,4
000680,山推股份,2010-03-31,9,8628.7640,11.37,-373.1710,11.86,9
000682,东方电子,2010-03-31,2,543.7710,0.56,38.0000,0.52,2
000683,远兴能源,2010-03-31,3,1743.5300,3.41,304.6620,2.81,3
000685,中山公用,2010-03-31,4,3277.2910,5.47,-1297.2780,7.64,4
000686,东北证券,2010-03-31,6,1135.0645,1.78,160.8265,1.52,6
000687,恒天天鹅,2010-03-31,2,214.0020,0.33,8.2760,0.32,2
000690,宝新能源,2010-03-31,4,4680.3730,2.71,1422.4950,2.83,7
001696,宗申动力,2010-03-31,7,8347.3260,13.90,95.0080,13.74,6
000698,沈阳化工,2010-03-31,3,1810.6180,2.74,-2289.3420,6.20,4
000701,厦门信达,2010-03-31,1,56.5718,0.24,56.5718,0.00,0
000705,浙江震元,2010-03-31,1,120.0000,0.96,120.0000,0.00,0
000707,双环科技,2010-03-31,5,3248.3300,7.00,-3131.1770,13.74,9
000708,大冶特钢,2010-03-31,6,4064.7330,9.04,-506.2360,10.17,6
000709,河北钢铁,2010-03-31,6,21124.5500,3.07,10687.8200,2.88,5
000710,天兴仪表,2010-03-31,4,382.4250,2.53,382.4250,0.00,0
000712,锦龙股份,2010-03-31,4,1756.4370,5.77,1095.4660,2.17,1
000713,丰乐种业,2010-03-31,6,1262.1073,5.61,281.9853,4.36,6
000715,中兴商业,2010-03-31,7,3366.2560,12.07,2621.5380,2.67,3
000716,南方食品,2010-03-31,1,446.7560,2.51,446.7560,0.00,0
000717,*ST韶钢,2010-03-31,8,12406.1980,7.43,-6641.7220,11.41,8
000718,苏宁环球,2010-03-31,6,7752.3000,4.55,-382.5080,4.78,6
000720,新能泰山,2010-03-31,3,1867.1300,2.16,1560.0800,0.36,1
000721,西安饮食,2010-03-31,2,460.3166,2.31,460.3166,0.00,0
000726,鲁泰A,2010-03-31,5,3535.5150,3.55,-701.4260,4.26,6
000727,华东科技,2010-03-31,2,772.2510,2.15,236.6070,1.49,2
000728,国元证券,2010-03-31,7,6539.5520,3.33,-1378.2050,4.03,6
000729,燕京啤酒,2010-03-31,8,14039.0860,11.60,-409.0580,11.94,7
000731,四川美丰,2010-03-31,1,140.6010,0.28,-1066.0670,2.41,2
000733,振华科技,2010-03-31,1,88.1444,0.25,88.1444,0.00,0
000737,南风化工,2010-03-31,1,154.3660,0.28,16.3450,0.25,1
000739,普洛药业,2010-03-31,1,75.8999,0.30,3.7700,0.28,1
000748,长城信息,2010-03-31,1,244.9910,0.65,244.9910,0.00,0
000755,山西三维,2010-03-31,4,1422.3550,3.03,-2010.9540,7.32,6
000756,新华制药,2010-03-31,3,693.1240,1.52,408.6010,0.62,2
000758,中色股份,2010-03-31,7,4717.6520,7.38,667.5400,6.34,7
000759,中百集团,2010-03-31,6,9114.3200,13.38,-4095.6580,23.57,9
000762,西藏矿业,2010-03-31,3,1926.8170,6.99,609.4360,4.78,4
000766,通化金马,2010-03-31,2,398.9160,0.89,-206.2540,1.35,2
000768,中航飞机,2010-03-31,6,5906.7020,2.38,1820.7580,1.65,5
000776,广发证券,2010-03-31,7,1773.4570,0.71,1527.7370,1.33,1
000777,中核科技,2010-03-31,1,42.5372,0.21,-5.9020,0.24,1
000778,新兴铸管,2010-03-31,7,8751.5070,5.94,-1722.6160,7.10,9
000780,平庄能源,2010-03-31,7,1302.1670,1.28,234.4040,1.05,4
000783,长江证券,2010-03-31,1,2085.7900,0.96,712.2300,0.63,1
000785,武汉中商,2010-03-31,1,350.0000,1.39,-378.3210,2.90,3
000786,北新建材,2010-03-31,8,8675.3180,15.08,441.9460,14.32,7
000788,北大医药,2010-03-31,5,2559.4070,9.84,142.0500,9.29,4
000789,江西水泥,2010-03-31,5,1218.3992,3.08,1118.4024,0.25,1
000790,华神集团,2010-03-31,3,779.7010,2.89,779.7010,0.00,0
000791,甘肃电投,2010-03-31,1,199.9790,1.06,199.9790,0.00,0
000792,盐湖股份,2010-03-31,7,6816.7070,8.88,1412.7260,7.04,5
000793,华闻传媒,2010-03-31,3,3051.4160,3.98,860.2670,1.61,3
000796,易食股份,2010-03-31,2,1219.9850,4.95,1219.9850,0.00,0
000797,中国武夷,2010-03-31,1,106.9850,0.27,-203.4820,0.80,1
000799,酒鬼酒,2010-03-31,4,1338.6290,4.42,848.6560,1.62,2
000800,一汽轿车,2010-03-31,6,12765.4200,7.84,-1797.9700,8.95,6
000801,四川九洲,2010-03-31,4,1192.1740,9.03,1192.1740,0.00,0
000807,云铝股份,2010-03-31,9,4603.4750,3.89,1516.6630,2.61,4
000811,烟台冰轮,2010-03-31,7,2247.9270,12.82,713.8305,8.75,7
000812,陕西金叶,2010-03-31,2,2225.9100,5.97,1092.3300,3.04,2
000816,江淮动力,2010-03-31,3,479.2080,0.57,-910.6950,1.64,3
000819,岳阳兴长,2010-03-31,2,260.5392,1.34,0.0000,1.34,2
000820,金城股份,2010-03-31,2,617.3960,2.14,617.3960,0.00,0
000821,京山轻机,2010-03-31,1,391.1960,1.13,391.1960,0.00,0
000822,山东海化,2010-03-31,6,6216.5200,6.95,-1067.6040,8.14,8
000823,超声电子,2010-03-31,6,3927.4240,8.92,1985.8360,4.41,3
000825,太钢不锈,2010-03-31,8,20341.6800,3.57,-2449.7700,4.00,8
000826,桑德环境,2010-03-31,7,3116.5580,7.54,308.8860,6.79,5
000828,东莞控股,2010-03-31,1,226.6840,0.22,-317.1870,0.52,2
000829,天音控股,2010-03-31,5,6096.1820,6.44,2018.6500,4.31,4
000830,鲁西化工,2010-03-31,3,1324.8440,1.27,-1780.4890,2.97,6
000831,五矿稀土,2010-03-31,2,290.5820,0.44,21.6760,0.41,2
000837,秦川发展,2010-03-31,9,5227.3390,14.99,502.7450,13.55,8
000839,中信国安,2010-03-31,8,7029.9210,4.48,1916.0110,3.26,6
000848,承德露露,2010-03-31,8,3336.4640,17.55,-192.1240,18.56,9
000852,江钻股份,2010-03-31,3,139.7134,0.35,-207.1251,0.87,2
000858,五粮液,2010-03-31,8,14513.5400,3.82,-1330.2200,4.17,9
000859,国风塑业,2010-03-31,2,223.4950,0.53,86.5650,0.33,1
000860,顺鑫农业,2010-03-31,2,1164.6870,2.66,-1802.1420,6.77,5
000861,海印股份,2010-03-31,8,1431.0906,2.91,345.8965,2.20,3
000862,银星能源,2010-03-31,4,828.0900,3.51,-62.7120,3.78,4
000868,安凯客车,2010-03-31,5,1306.8320,4.26,1306.8320,0.00,0
000869,张裕A,2010-03-31,2,741.9630,1.41,-174.8850,1.74,2
000875,吉电股份,2010-03-31,3,1175.4580,1.40,-262.3400,1.71,3
000876,新希望,2010-03-31,6,3098.7420,4.10,-655.4140,4.96,6
000877,天山股份,2010-03-31,5,2110.0460,6.76,-2118.9620,13.55,6
000878,云南铜业,2010-03-31,9,6238.2400,4.96,541.0670,4.53,8
000880,潍柴重机,2010-03-31,2,993.8890,3.60,559.9680,1.57,1
000881,大连国际,2010-03-31,1,108.6180,0.35,-10.4400,0.39,1
000882,华联股份,2010-03-31,1,52.0924,0.11,52.0924,0.00,0
000885,同力水泥,2010-03-31,1,48.9806,0.19,-8.1600,0.23,1
000886,海南高速,2010-03-31,1,278.1610,0.28,-639.1200,0.93,2
000887,中鼎股份,2010-03-31,7,3634.3280,8.54,-978.5700,10.84,9
000888,峨眉山A,2010-03-31,6,3865.4060,16.44,225.6290,15.48,6
000893,东凌粮油,2010-03-31,7,1925.4080,8.67,936.5460,4.45,5
000895,双汇发展,2010-03-31,8,7745.5980,12.78,-1501.6770,15.26,9
000897,津滨发展,2010-03-31,5,5600.1050,3.46,-1837.1590,4.60,7
000898,*ST鞍钢,2010-03-31,8,15486.5400,2.14,-1842.0700,2.40,8
000899,赣能股份,2010-03-31,1,96.3528,0.18,-10.3552,0.19,1
000900,现代投资,2010-03-31,6,1450.9790,3.64,-650.1170,5.26,8
000901,航天科技,2010-03-31,1,179.9880,0.81,179.9880,0.00,0
000903,云内动力,2010-03-31,3,1210.3830,3.20,-1019.3350,5.90,4
000905,厦门港务,2010-03-31,5,620.8523,1.17,530.6350,0.17,1
000906,物产中拓,2010-03-31,2,151.6771,0.64,-369.8759,2.20,2
000909,数源科技,2010-03-31,1,65.9894,0.34,65.9894,0.00,0
000910,大亚科技,2010-03-31,7,4081.4090,7.74,639.4920,6.52,4
000911,南宁糖业,2010-03-31,5,1509.2677,5.27,-210.0213,6.00,4
000912,泸天化,2010-03-31,6,2479.8690,4.24,-313.0100,4.77,8
000913,钱江摩托,2010-03-31,1,338.9570,0.75,338.9570,0.00,0
000915,山大华特,2010-03-31,1,172.3270,0.96,172.3270,0.00,0
000916,华北高速,2010-03-31,2,485.0120,0.44,202.9370,0.26,2
000917,电广传媒,2010-03-31,7,4206.3310,10.35,925.8780,8.07,6
000918,嘉凯城,2010-03-31,8,1910.1158,1.32,-353.3192,1.57,9
000919,金陵药业,2010-03-31,6,2558.3860,5.08,-1444.4610,7.94,8
000925,众合机电,2010-03-31,1,29.4321,0.11,29.4321,0.00,0
000926,福星股份,2010-03-31,10,10933.8430,15.40,-2366.2690,18.73,10
000927,一汽夏利,2010-03-31,7,10910.9350,6.84,917.5200,6.26,7
000929,兰州黄河,2010-03-31,1,92.5900,0.50,92.5900,0.00,0
000930,中粮生化,2010-03-31,8,7552.8820,7.83,3492.0780,4.21,5
000931,中关村,2010-03-31,1,170.0760,0.25,-17.2100,0.28,1
000932,华菱钢铁,2010-03-31,6,17530.7700,6.40,-23.1700,6.41,7
000933,神火股份,2010-03-31,5,5535.8470,7.38,-1660.1380,9.59,5
000937,冀中能源,2010-03-31,8,5087.0000,4.40,-1287.5540,5.51,9
000938,紫光股份,2010-03-31,1,50.7191,0.25,-9.9300,0.29,1
000939,凯迪电力,2010-03-31,2,1257.4820,2.13,286.3180,2.64,2
000948,南天信息,2010-03-31,7,1830.5590,8.69,-277.7090,10.01,6
000949,新乡化纤,2010-03-31,2,624.1970,1.06,-206.7300,1.41,3
000950,建峰化工,2010-03-31,3,91.5692,0.23,-559.6659,1.63,5
000951,中国重汽,2010-03-31,9,4631.0700,11.04,153.1290,10.68,8
000952,广济药业,2010-03-31,7,2846.2620,11.31,1174.1885,6.64,6
000957,中通客车,2010-03-31,3,1094.3400,4.59,950.9460,0.60,1
000959,首钢股份,2010-03-31,9,19591.3360,6.60,-1492.8240,7.11,8
000960,锡业股份,2010-03-31,7,5994.6450,7.48,700.0020,8.14,8
000961,中南建设,2010-03-31,7,4272.8350,5.49,-2176.7950,8.28,9
000962,东方钽业,2010-03-31,2,477.8555,1.34,392.1540,0.24,1
000963,华东医药,2010-03-31,7,6517.9510,15.02,-191.0140,15.46,7
000965,天保基建,2010-03-31,4,2307.2490,5.00,27.3770,4.94,4
000966,长源电力,2010-03-31,2,429.6760,0.78,252.4020,0.32,1
000967,上风高科,2010-03-31,3,777.6080,3.79,657.6090,0.58,1
000968,煤气化,2010-03-31,6,2377.3290,4.63,-191.4450,5.00,6
000969,安泰科技,2010-03-31,7,2665.0650,6.04,664.1720,4.53,5
000970,中科三环,2010-03-31,1,400.0000,0.79,-320.9600,1.42,3
000972,新中基,2010-03-31,1,1582.2100,3.78,-250.0000,4.37,1
000973,佛塑科技,2010-03-31,5,5489.7770,8.96,5489.7770,0.00,0
000975,银泰资源,2010-03-31,2,303.3190,0.49,303.3190,0.00,0
000977,浪潮信息,2010-03-31,1,58.4000,0.27,58.4000,0.00,0
000978,桂林旅游,2010-03-31,3,700.6330,2.53,-47.8620,4.23,3
000983,西山煤电,2010-03-31,6,10170.9500,4.20,-1866.4500,4.97,6
000985,大庆华科,2010-03-31,1,317.9630,2.45,-5.0000,2.49,1
000987,广州友谊,2010-03-31,8,5132.9750,14.30,-801.4530,16.53,8
000988,华工科技,2010-03-31,4,1841.8110,4.52,1319.9420,1.28,1
000989,九芝堂,2010-03-31,4,1498.0070,5.03,-1650.5960,10.58,8
000990,诚志股份,2010-03-31,7,4076.1610,13.72,698.5210,11.37,7
000996,中国中期,2010-03-31,3,598.3656,2.60,196.4237,1.75,3
000997,新大陆,2010-03-31,5,2587.2690,5.72,2587.2690,0.00,0
000998,隆平高科,2010-03-31,2,914.0806,3.30,-533.1044,5.22,4
000999,华润三九,2010-03-31,8,5800.6920,5.93,476.8680,5.44,8
600537,亿晶光电,2010-03-31,6,2711.8580,11.79,698.8530,8.75,3
600408,安泰集团,2010-03-31,4,917.3960,0.91,-382.2070,1.29,3
600576,万好万家,2010-03-31,3,831.2000,3.81,716.9900,0.52,1
600573,惠泉啤酒,2010-03-31,5,1932.6430,7.73,1179.6520,3.01,2
600521,华海药业,2010-03-31,6,5267.5160,17.60,-618.1530,19.67,7
600460,士兰微,2010-03-31,3,2209.9640,5.47,898.6470,3.25,3
600039,四川路桥,2010-03-31,1,74.8199,0.25,-13.1400,0.29,1
600575,芜湖港,2010-03-31,4,1663.7990,4.68,1177.5430,1.37,2
600375,华菱星马,2010-03-31,3,899.9610,4.80,816.8158,0.44,1
600502,安徽水利,2010-03-31,5,2097.0980,9.40,-81.9130,9.77,6
600481,双良节能,2010-03-31,4,2872.1780,4.25,1221.0180,2.45,2
600004,白云机场,2010-03-31,3,2557.5360,2.22,-335.7480,2.52,4
600459,贵研铂业,2010-03-31,1,43.9580,0.39,43.9580,0.00,0
600570,恒生电子,2010-03-31,5,8134.5100,18.26,1869.7500,14.06,4
600392,盛和资源,2010-03-31,4,1054.5750,6.73,-1019.2360,13.24,4
600584,长电科技,2010-03-31,3,1256.1190,1.69,-5759.6720,9.41,6
600251,冠农股份,2010-03-31,4,2806.1620,7.75,-22.1060,7.81,5
600436,片仔癀,2010-03-31,4,1047.9610,7.49,-480.2910,10.92,5
600409,三友化工,2010-03-31,7,5098.1320,5.43,-2957.5550,8.58,8
600273,华芳纺织,2010-03-31,2,371.5300,1.18,371.5300,0.00,0
600031,三一重工,2010-03-31,8,7834.1060,4.87,-1016.1500,5.95,9
600435,北方导航,2010-03-31,2,422.1492,0.57,368.6771,0.11,1
600439,瑞贝卡,2010-03-31,7,6166.9570,10.00,204.7620,9.67,6
600271,航天信息,2010-03-31,4,5430.2930,5.88,-593.9470,6.52,4
600423,柳化股份,2010-03-31,8,5638.7580,21.18,1465.0330,15.68,8
600475,华光股份,2010-03-31,7,2558.8210,10.00,539.6280,7.89,7
600425,青松建化,2010-03-31,8,4168.5520,11.30,-1376.7680,15.03,5
600029,南方航空,2010-03-31,8,20908.0600,2.61,-4352.4300,3.16,7
600546,山煤国际,2010-03-31,7,5167.2300,6.89,-1180.5410,8.46,9
600352,浙江龙盛,2010-03-31,3,4263.3300,3.21,-336.6700,3.49,3
600485,中创信测,2010-03-31,6,1966.1250,14.19,880.5870,7.94,4
600020,中原高速,2010-03-31,1,258.0100,0.12,-280.4510,0.25,2
600489,中金黄金,2010-03-31,8,3654.3380,4.62,183.2330,4.39,8
600480,凌云股份,2010-03-31,4,1508.6650,4.84,-638.2120,6.88,4
600348,阳泉煤业,2010-03-31,9,6311.2820,6.56,-934.7890,7.53,9
600487,亨通光电,2010-03-31,7,2334.8830,14.06,621.9280,10.31,5
600547,山东黄金,2010-03-31,7,4283.2060,6.02,745.9510,4.97,6
600449,宁夏建材,2010-03-31,3,211.5158,1.08,37.0588,0.89,2
600432,吉恩镍业,2010-03-31,4,860.3760,1.13,-592.8340,1.90,3
600429,三元股份,2010-03-31,3,1258.9850,1.42,258.9850,1.13,1
600478,科力远,2010-03-31,8,2825.7800,9.87,-756.3020,12.51,9
600507,方大特钢,2010-03-31,5,1731.8290,2.53,1284.1260,0.65,2
600403,大有能源,2010-03-31,2,327.3420,2.57,327.3420,0.00,0
600517,置信电气,2010-03-31,4,3725.1720,6.02,-2068.8230,9.36,5
600406,国电南瑞,2010-03-31,7,6780.9390,13.29,3910.2040,11.26,6
600469,风神股份,2010-03-31,3,1576.5100,4.20,-773.0200,6.27,3
600021,上海电力,2010-03-31,4,1261.3850,0.59,410.1340,0.40,2
600184,光电股份,2010-03-31,9,1615.6540,15.39,330.4365,12.24,7
600900,长江电力,2010-03-31,3,11439.9400,1.04,-4082.9400,1.41,4
600527,江南高纤,2010-03-31,2,1035.0440,2.95,1035.0440,0.00,0
600476,湘邮科技,2010-03-31,3,454.8283,2.82,454.8283,0.00,0
600446,金证股份,2010-03-31,2,597.4560,4.35,-189.1330,5.72,3
600340,华夏幸福,2010-03-31,1,500.0250,3.44,500.0250,0.00,0
600540,新赛股份,2010-03-31,5,1530.8523,6.57,-501.1270,8.73,5
600354,敦煌种业,2010-03-31,5,2369.3800,12.74,-1354.4340,20.02,7
600249,两面针,2010-03-31,1,126.5670,0.28,-24.3900,0.34,1
000100,TCL集团,2010-03-31,6,20197.5400,6.88,10779.5600,3.21,5
600387,海越股份,2010-03-31,1,150.0000,0.51,-258.8350,1.38,1
600325,华发股份,2010-03-31,7,10031.5860,12.28,-2432.5260,15.26,7
600438,通威股份,2010-03-31,4,2796.0900,4.07,2155.4540,0.93,1
600470,六国化工,2010-03-31,5,1360.8991,6.02,-349.3959,7.57,6
600035,楚天高速,2010-03-31,7,8181.4880,8.78,5773.4650,2.58,4
600479,千金药业,2010-03-31,5,2964.2590,13.61,184.3990,12.77,5
600284,浦东建设,2010-03-31,2,197.3021,0.57,-72.4749,0.78,2
600463,空港股份,2010-03-31,1,1128.2200,4.48,1128.2200,0.00,0
600594,益佰制药,2010-03-31,5,3331.6830,14.17,395.5170,12.49,5
600543,莫高股份,2010-03-31,4,1750.6150,5.45,-498.2940,7.00,5
600467,好当家,2010-03-31,5,2427.0640,3.83,-1687.5810,6.49,7
600960,渤海活塞,2010-03-31,1,102.0500,0.63,102.0500,0.00,0
002181,粤传媒,2010-03-31,3,936.9190,2.68,700.0190,0.68,1
600969,郴电国际,2010-03-31,1,360.0240,1.71,-810.7010,5.57,3
600572,康恩贝,2010-03-31,4,1409.7940,4.35,1245.9180,0.51,2
600976,武汉健民,2010-03-31,4,898.6670,5.86,-143.5080,6.79,5
600497,驰宏锌锗,2010-03-31,5,4090.2700,4.06,-1538.9210,5.59,7
600986,科达股份,2010-03-31,3,565.0000,1.69,565.0000,0.00,0
600410,华胜天成,2010-03-31,2,2109.0900,4.57,-669.3430,6.03,2
600990,四创电子,2010-03-31,3,477.5520,4.06,159.4988,5.41,3
600114,东睦股份,2010-03-31,2,588.4850,3.01,588.4850,0.00,0
600993,马应龙,2010-03-31,3,1154.3680,6.96,131.1430,6.17,3
600967,北方创业,2010-03-31,1,107.3140,0.62,107.3140,0.00,0
600491,龙元建设,2010-03-31,2,720.1850,1.52,-310.9550,2.18,1
600963,岳阳林纸,2010-03-31,6,9376.5590,14.38,-600.2010,15.30,7
600495,晋西车轴,2010-03-31,3,609.0840,3.63,471.4700,0.82,1
600461,洪城水业,2010-03-31,5,1213.5990,8.67,1213.5990,0.00,0
600997,开滦股份,2010-03-31,6,3691.5220,2.99,-1932.2750,4.56,8
600966,博汇纸业,2010-03-31,8,6692.9920,13.26,529.6810,12.21,6
600995,文山电力,2010-03-31,3,799.9970,1.67,-1500.1210,4.81,4
600420,现代制药,2010-03-31,6,3047.3310,10.59,-586.4800,12.63,5
002001,新和成,2010-03-31,8,3830.2930,10.29,-419.7490,12.42,9
002002,鸿达兴业,2010-03-31,2,831.0060,4.98,-114.9850,5.67,2
002003,伟星股份,2010-03-31,8,3792.5800,18.53,-23.0240,18.96,8
600962,国投中鲁,2010-03-31,5,1771.0980,8.78,370.1040,6.95,5
002004,华邦颖泰,2010-03-31,3,914.6270,6.93,279.8710,4.81,2
002005,德豪润达,2010-03-31,3,2284.5100,7.07,2080.8300,0.63,1
600143,金发科技,2010-03-31,4,5080.6380,3.64,-4063.2850,6.55,7
002006,精功科技,2010-03-31,3,478.8656,3.33,385.0110,0.65,1
002007,华兰生物,2010-03-31,6,5309.2480,14.74,2676.9780,7.31,5
002008,大族激光,2010-03-31,6,5594.6970,8.04,170.5380,7.79,6
600022,山东钢铁,2010-03-31,3,1772.5970,0.57,-5111.3060,2.21,7
002009,天奇股份,2010-03-31,5,1908.4140,8.63,169.8150,7.87,5
002010,传化股份,2010-03-31,7,1388.4540,6.85,62.3420,6.54,7
600981,汇鸿股份,2010-03-31,1,90.7141,0.18,4.4200,0.17,1
002011,盾安环境,2010-03-31,3,587.0155,1.58,485.0195,0.27,1
002012,凯恩股份,2010-03-31,2,433.4960,2.23,77.2040,1.83,2
002013,中航精机,2010-03-31,9,2224.9960,17.31,501.9570,13.41,6
002014,永新股份,2010-03-31,3,529.9850,3.81,-1.1919,3.82,4
002015,霞客环保,2010-03-31,2,270.4670,1.35,-548.4420,4.07,2
002017,东信和平,2010-03-31,7,1243.1810,6.26,-478.4480,8.67,4
002018,华星化工,2010-03-31,5,1747.4380,7.14,689.4050,4.32,4
002019,鑫富药业,2010-03-31,7,2519.1750,11.43,1087.2580,6.50,5
600482,风帆股份,2010-03-31,2,814.3280,1.77,-369.5670,2.57,4
002022,科华生物,2010-03-31,7,6299.7870,15.36,1687.8220,11.24,5
002023,海特高新,2010-03-31,3,1596.4690,7.57,-498.3010,11.13,5
002024,苏宁云商,2010-03-31,7,39463.9300,8.46,6679.9600,7.03,6
002025,航天电器,2010-03-31,8,4682.2070,14.19,-68.2360,14.40,8
600983,合肥三洋,2010-03-31,7,4880.5800,14.66,493.1570,13.18,6
600973,宝胜股份,2010-03-31,2,694.6703,4.45,43.6693,4.17,1
002027,七喜控股,2010-03-31,2,319.8750,1.06,319.8750,0.00,0
002028,思源电气,2010-03-31,7,4623.8200,10.52,93.3050,10.30,7
002029,七匹狼,2010-03-31,7,4918.0710,17.38,-45.8800,17.55,7
600987,航民股份,2010-03-31,4,859.6750,2.03,186.3810,1.59,3
002030,达安基因,2010-03-31,1,143.4620,0.60,-8.8230,0.63,1
600971,恒源煤电,2010-03-31,4,1604.6580,4.07,-374.9700,5.02,6
002032,苏泊尔,2010-03-31,3,1345.4230,3.03,-156.4420,3.38,5
600978,宜华木业,2010-03-31,4,3834.0540,3.82,-265.1530,4.08,4
002033,丽江旅游,2010-03-31,6,964.2009,9.71,41.4073,9.29,5
600961,*ST株冶,2010-03-31,1,563.1200,1.07,-41.8800,1.15,2
002035,华帝股份,2010-03-31,5,1498.6650,8.72,-432.7980,11.24,6
002037,久联发展,2010-03-31,4,1157.2560,8.69,373.3290,5.89,2
002038,双鹭药业,2010-03-31,4,1831.1360,7.28,-212.8660,8.13,5
600027,华电国际,2010-03-31,4,2493.8230,0.37,222.2030,0.34,4
002039,黔源电力,2010-03-31,2,175.8281,1.25,96.8281,0.56,1
600970,中材国际,2010-03-31,6,2829.6530,6.71,-732.9720,8.45,6
002041,登海种业,2010-03-31,5,1665.2250,9.46,-212.3830,10.67,7
002042,华孚色纺,2010-03-31,6,1069.4993,4.55,489.7273,2.47,3
002043,兔宝宝,2010-03-31,5,1876.4154,10.25,1876.4154,0.00,0
002045,国光电器,2010-03-31,8,3743.4030,14.62,65.8290,14.36,8
002047,*ST成霖,2010-03-31,1,129.3600,0.46,-1269.4010,4.93,5
002048,宁波华翔,2010-03-31,5,4054.0120,8.21,-599.4480,9.42,6
002049,同方国芯,2010-03-31,1,140.0230,1.04,-19.4900,1.18,1
002050,三花股份,2010-03-31,6,1305.1910,4.94,0.3280,4.94,7
601588,北辰实业,2010-03-31,3,2377.1990,0.71,180.8910,0.65,3
601991,大唐发电,2010-03-31,1,996.1120,0.08,996.1120,0.00,0
601866,中海集运,2010-03-31,9,9464.0810,0.81,3297.1770,0.53,7
601899,紫金矿业,2010-03-31,4,13337.8100,0.92,785.9900,0.86,3
002051,中工国际,2010-03-31,4,664.5570,3.50,589.7281,0.39,1
002052,同洲电子,2010-03-31,7,3180.9810,9.32,3013.4450,0.49,1
002053,云南盐化,2010-03-31,4,509.9580,2.74,-136.1440,3.48,4
600999,招商证券,2010-03-31,4,1316.0640,0.37,1182.5550,0.04,1
601688,华泰证券,2010-03-31,7,5430.8430,0.97,5430.8430,0.00,0
601788,光大证券,2010-03-31,5,2159.0310,0.63,-2369.5210,1.32,7
601398,工商银行,2010-03-31,3,72426.9000,0.22,21727.0000,0.15,2
601939,建设银行,2010-03-31,3,40237.4000,0.17,8983.0000,0.13,2
601166,兴业银行,2010-03-31,2,13417.5100,2.68,2114.9000,2.26,2
601169,北京银行,2010-03-31,1,4637.3800,0.74,37.3800,0.74,1
601988,中国银行,2010-03-31,2,16269.7900,0.06,-3928.9100,0.08,2
601998,中信银行,2010-03-31,1,2999.9800,0.08,-511.5800,0.09,1
601009,南京银行,2010-03-31,5,12381.5900,6.74,-1327.8900,7.46,6
601628,中国人寿,2010-03-31,3,8207.0600,0.29,3459.5100,0.17,2
601601,中国太保,2010-03-31,3,9133.9300,1.06,546.0700,1.01,3
600018,上港集团,2010-03-31,2,7390.2500,0.35,-2511.3000,0.47,3
002110,三钢闽光,2010-03-31,6,2605.1260,4.87,-810.9280,6.39,7
002281,光迅科技,2010-03-31,5,333.5870,2.08,303.8700,0.19,1
601005,重庆钢铁,2010-03-31,4,1761.9650,1.02,865.9249,0.52,2
601857,中国石油,2010-03-31,6,23093.3900,0.13,900.5200,0.12,6
002302,西部建设,2010-03-31,3,129.8959,0.93,129.8959,0.00,0
002106,莱宝高科,2010-03-31,4,3128.3570,9.48,-1577.1430,14.26,6
601600,中国铝业,2010-03-31,3,5224.3400,0.39,-16.3000,0.39,3
002356,浩宁达,2010-03-31,3,197.5357,2.47,197.5357,0.00,0
601088,中国神华,2010-03-31,5,12665.6100,0.64,-3414.5900,0.81,7
002067,景兴纸业,2010-03-31,3,1001.0110,2.55,771.1410,0.59,1
002060,粤水电,2010-03-31,3,456.7740,1.37,235.1860,0.67,1
002306,湘鄂情,2010-03-31,2,130.0210,0.65,-170.0000,1.50,2
300026,红日药业,2010-03-31,4,122.1102,2.43,122.1102,0.00,0
002139,拓邦股份,2010-03-31,2,335.5050,2.40,-89.0351,3.03,2
601333,广深铁路,2010-03-31,5,10365.3500,1.46,-3756.4200,1.99,5
002187,广百股份,2010-03-31,5,1033.2617,6.12,-422.0332,9.10,6
002230,科大讯飞,2010-03-31,4,1226.2310,7.63,1106.2460,0.75,1
601107,四川成渝,2010-03-31,3,552.4270,0.18,84.9420,0.15,2
002088,鲁阳股份,2010-03-31,3,907.0700,3.88,-584.2640,6.37,6
002267,陕天然气,2010-03-31,5,497.1643,0.98,-470.6734,1.90,6
002153,石基信息,2010-03-31,8,2528.7530,11.29,309.4500,9.91,8
002275,桂林三金,2010-03-31,2,48.5899,0.11,-40.3525,0.20,3
002063,远光软件,2010-03-31,4,962.7400,4.87,36.7300,4.68,4
601111,中国国航,2010-03-31,4,11640.9900,0.95,-19.2200,0.95,4
002205,国统股份,2010-03-31,1,279.6220,2.80,-306.6520,5.86,2
002056,横店东磁,2010-03-31,6,2796.1880,6.81,-843.4580,8.86,7
002272,川润股份,2010-03-31,2,38.1829,0.34,38.1829,0.00,0
002186,全聚德,2010-03-31,2,61.8087,0.44,-106.6608,1.19,3
002142,宁波银行,2010-03-31,7,15404.9200,6.16,1896.1200,5.40,6
002338,奥普光电,2010-03-31,3,91.9796,1.15,91.9796,0.00,0
002185,华天科技,2010-03-31,5,1579.5960,5.50,-802.8070,8.30,6
601727,上海电气,2010-03-31,4,1705.6840,0.14,89.0830,0.13,4
601099,太平洋,2010-03-31,1,192.7500,0.13,-2.9100,0.13,1
002320,海峡股份,2010-03-31,2,96.6297,0.61,96.6297,0.00,0
002101,广东鸿图,2010-03-31,1,30.0000,0.45,0.0000,0.45,1
002206,海利得,2010-03-31,6,679.0274,5.43,-90.8476,6.16,7
002059,云南旅游,2010-03-31,2,235.2704,1.09,25.9094,0.97,2
601168,西部矿业,2010-03-31,3,5512.4600,2.31,-2387.7100,3.32,4
002203,海亮股份,2010-03-31,3,316.6910,0.79,197.9284,0.30,2
000338,潍柴动力,2010-03-31,8,5255.9430,6.31,-49.1330,6.37,8
002119,康强电子,2010-03-31,2,415.2850,2.14,365.2850,0.26,1
002337,赛象科技,2010-03-31,1,10.0000,0.08,10.0000,0.00,0
002261,拓维信息,2010-03-31,6,580.6264,5.19,-421.8805,8.97,6
002140,东华科技,2010-03-31,6,1000.8630,7.18,46.0996,6.85,6
002080,中材科技,2010-03-31,7,2122.9710,14.15,-656.2960,18.53,7
601919,*ST远洋,2010-03-31,5,13596.1100,1.33,4123.1100,0.93,4
002217,联合化工,2010-03-31,1,235.3790,1.06,-738.9920,4.37,2
601808,中海油服,2010-03-31,7,4731.2220,1.05,-55.6040,1.06,7
002358,森源电气,2010-03-31,2,127.9158,1.49,127.9158,0.00,0
002347,泰尔重工,2010-03-31,1,9.9980,0.10,9.9980,0.00,0
002182,云海金属,2010-03-31,3,295.5490,1.54,-222.6480,2.70,4
601001,大同煤业,2010-03-31,7,3165.9780,3.78,-3253.6280,7.67,8
002316,键桥通讯,2010-03-31,5,180.3767,1.50,180.3767,0.00,0
002202,金风科技,2010-03-31,6,5783.1860,4.13,1095.6590,3.35,6
002055,得润电子,2010-03-31,4,1006.2880,7.49,150.7696,6.37,4
002066,瑞泰科技,2010-03-31,2,237.0070,2.05,157.0070,0.69,1
002146,荣盛发展,2010-03-31,8,3712.7820,4.14,-479.0010,4.68,7
002065,东华软件,2010-03-31,5,3260.8150,7.65,-441.8010,8.69,6
600048,保利地产,2010-03-31,7,15774.6900,4.48,1212.8000,4.14,7
601006,大秦铁路,2010-03-31,2,12886.3300,0.99,1202.8600,0.90,2
601699,潞安环能,2010-03-31,5,5256.3740,4.57,-1655.2810,6.01,6
002082,栋梁新材,2010-03-31,4,372.4724,1.57,-148.9506,2.19,3
002089,新海宜,2010-03-31,5,2724.2560,12.72,859.2680,8.71,6
002240,威华股份,2010-03-31,1,99.3862,0.32,99.3862,0.00,0
002234,民和股份,2010-03-31,2,311.1270,2.89,-169.9720,4.48,3
002078,太阳纸业,2010-03-31,5,2532.2640,5.04,-682.2060,6.40,6
002091,江苏国泰,2010-03-31,7,3715.0090,15.48,512.7750,13.34,8
601008,连云港,2010-03-31,2,1368.5906,2.55,75.5906,2.41,1
002118,紫鑫药业,2010-03-31,1,50.9857,0.25,32.1657,0.15,1
002062,宏润建设,2010-03-31,2,325.0025,1.08,-682.0275,3.36,2
002064,华峰氨纶,2010-03-31,5,2438.1010,6.60,-1020.2160,9.37,5
002070,众和股份,2010-03-31,2,451.7010,1.99,4.0120,1.97,2
300040,九洲电气,2010-03-31,2,76.9230,1.11,76.9230,0.00,0
002073,软控股份,2010-03-31,8,6229.8290,12.59,24.7270,12.54,8
002208,合肥城建,2010-03-31,5,1329.5370,8.31,-116.7100,9.04,5
601666,平煤股份,2010-03-31,5,3682.7630,2.64,-5173.7400,6.34,7
002068,黑猫股份,2010-03-31,6,1533.9500,7.98,-490.9650,10.53,7
002308,威创股份,2010-03-31,6,1102.1857,5.16,1102.1857,0.00,0
002362,汉王科技,2010-03-31,2,113.0257,1.06,113.0257,0.00,0
601898,中煤能源,2010-03-31,5,7371.6000,0.56,-4781.5100,0.92,7
002069,獐子岛,2010-03-31,2,94.3964,0.42,26.0263,0.30,1
601678,滨化股份,2010-03-31,4,254.9834,0.58,254.9834,0.00,0
601918,国投新集,2010-03-31,7,3051.2640,1.65,182.5250,1.55,4
002081,金螳螂,2010-03-31,7,1887.2980,8.87,776.6500,5.22,5
002172,澳洋科技,2010-03-31,1,130.6360,0.38,-151.6150,0.81,2
002168,深圳惠程,2010-03-31,2,278.6680,0.93,278.6680,0.00,0
002085,万丰奥威,2010-03-31,1,409.9800,1.44,409.9800,0.00,0
002154,报喜鸟,2010-03-31,9,3545.5310,12.24,-390.8450,13.59,9
600017,日照港,2010-03-31,3,5590.3370,3.70,1167.4880,2.93,4
002074,东源电器,2010-03-31,3,792.8910,5.63,792.8910,0.00,0
300049,福瑞股份,2010-03-31,5,168.7513,2.28,168.7513,0.00,0
002092,中泰化学,2010-03-31,5,3295.2570,6.14,-361.9480,6.81,4
002094,青岛金王,2010-03-31,3,806.9250,3.76,706.9250,0.47,1
601872,招商轮船,2010-03-31,1,1000.0000,0.29,0.0000,0.29,1
002095,生意宝,2010-03-31,5,581.2933,6.46,49.1348,5.91,3
002350,北京科锐,2010-03-31,3,152.9761,1.43,152.9761,0.00,0
002083,孚日股份,2010-03-31,6,1726.3070,1.84,429.9020,1.38,5
002097,山河智能,2010-03-31,2,759.9840,2.77,584.1010,0.64,1
002093,国脉科技,2010-03-31,5,3323.3190,8.30,1183.7888,8.01,6
002099,海翔药业,2010-03-31,2,530.7250,3.31,-139.0390,4.17,2
002100,天康生物,2010-03-31,4,662.6410,4.05,-121.5613,4.79,5
601101,昊华能源,2010-03-31,2,320.0960,0.71,320.0960,0.00,0
002200,*ST大地,2010-03-31,3,1159.7880,7.68,136.0910,6.78,5
002105,信隆实业,2010-03-31,2,322.0188,1.20,231.5379,0.34,1
002104,恒宝股份,2010-03-31,4,1233.6440,4.20,210.5810,3.48,3
002109,兴化股份,2010-03-31,2,356.4900,0.99,-1700.2130,5.74,5
601002,晋亿实业,2010-03-31,3,1902.9340,2.58,1288.5350,0.83,4
002121,科陆电子,2010-03-31,3,983.3830,4.10,-287.8310,5.30,5
002112,三变科技,2010-03-31,2,159.5445,1.42,59.5445,0.89,1
002115,三维通信,2010-03-31,4,825.5970,6.16,-795.1870,12.09,9
002114,罗平锌电,2010-03-31,2,497.1660,2.70,209.5830,1.56,2
002113,天润控股,2010-03-31,2,223.1479,1.88,-116.8301,2.87,1
002250,联化科技,2010-03-31,3,294.8288,2.28,64.8288,1.78,2
002216,三全食品,2010-03-31,8,1506.7834,8.06,855.6207,3.48,3
002349,精华制药,2010-03-31,4,223.3034,2.79,223.3034,0.00,0
002124,天邦股份,2010-03-31,1,306.9640,2.24,43.9990,1.92,1
601003,柳钢股份,2010-03-31,6,3961.8370,1.55,-690.2330,1.82,7
002123,荣信股份,2010-03-31,4,1922.8970,8.58,-502.3570,10.83,7
601007,金陵饭店,2010-03-31,1,65.0805,0.22,65.0805,0.00,0
002122,天马股份,2010-03-31,1,438.5950,0.74,-1527.6010,3.31,9
002129,中环股份,2010-03-31,4,1546.1130,3.20,1222.4490,0.67,2
002131,利欧股份,2010-03-31,3,182.7000,1.21,68.8710,0.76,2
002132,恒星科技,2010-03-31,1,130.0000,0.53,-90.0000,0.90,1
002232,启明信息,2010-03-31,3,623.3105,2.14,-162.4515,3.09,2
002136,安纳达,2010-03-31,1,28.0000,0.35,28.0000,0.00,0
002133,广宇集团,2010-03-31,5,3938.3540,7.90,449.7740,7.00,4
601958,金钼股份,2010-03-31,6,5709.6330,1.77,-934.3370,2.06,8
002128,露天煤业,2010-03-31,3,1224.6800,1.11,5.7220,1.10,3
300016,北陆药业,2010-03-31,2,12.4568,0.18,6.2284,0.09,1
002290,禾盛新材,2010-03-31,1,61.4845,0.41,61.4845,0.00,0
002248,华东数控,2010-03-31,2,60.3722,0.50,28.9767,0.26,1
002137,实益达,2010-03-31,1,37.1804,0.14,-62.2900,0.38,1
002138,顺络电子,2010-03-31,5,427.9501,3.50,-17.7594,3.65,4
002170,芭田股份,2010-03-31,2,326.6091,1.07,-388.1709,2.35,4
002371,七星电子,2010-03-31,5,135.6174,2.09,135.6174,0.00,0
002159,三特索道,2010-03-31,9,2561.8860,21.35,883.2680,13.99,7
002148,北纬通信,2010-03-31,4,453.8600,6.00,-209.3160,8.77,4
002152,广电运通,2010-03-31,9,4502.2530,13.16,623.7980,11.34,7
002296,辉煌科技,2010-03-31,8,423.7001,6.89,105.5956,5.17,8
002149,西部材料,2010-03-31,3,743.3540,4.26,-176.0470,5.26,3
002157,正邦科技,2010-03-31,6,1241.9110,4.61,1078.6745,0.72,2
002147,方圆支承,2010-03-31,2,817.6020,3.62,381.5240,1.93,2
002151,北斗星通,2010-03-31,1,135.0600,1.49,135.0600,0.00,0
002156,通富微电,2010-03-31,5,1358.9760,3.92,75.6180,3.70,6
002155,辰州矿业,2010-03-31,4,1485.5730,2.71,-435.4660,3.51,6
002158,汉钟精机,2010-03-31,4,836.3112,5.29,-2.7464,5.31,5
002254,泰和新材,2010-03-31,8,2022.5240,12.40,30.9620,12.21,8
002161,远望谷,2010-03-31,6,1254.3683,4.88,1038.0158,0.84,3
002163,中航三鑫,2010-03-31,3,517.4224,2.54,517.4224,0.00,0
002164,东力传动,2010-03-31,7,834.0685,4.63,151.7015,3.79,5
002171,精诚铜业,2010-03-31,1,36.3400,0.22,36.3400,0.00,0
002175,广陆数测,2010-03-31,1,315.5600,3.70,0.0000,3.70,1
002165,红宝丽,2010-03-31,6,1744.3520,11.08,-406.4840,13.66,7
002360,同德化工,2010-03-31,1,12.0000,0.20,12.0000,0.00,0
002295,精艺股份,2010-03-31,1,51.1179,0.36,51.1179,0.00,0
002179,中航光电,2010-03-31,7,2532.9420,9.46,793.9004,6.49,7
002177,御银股份,2010-03-31,2,262.2419,0.99,-87.8221,1.32,2
002178,延华智能,2010-03-31,1,38.0910,0.48,38.0910,0.00,0
002183,怡亚通,2010-03-31,6,2428.2480,6.55,1046.0707,3.73,4
002304,洋河股份,2010-03-31,7,800.8044,1.78,198.8651,1.34,6
002193,山东如意,2010-03-31,3,397.6561,2.49,397.6561,0.00,0
601390,中国中铁,2010-03-31,6,33531.8600,1.57,-11119.7900,2.10,7
002191,劲嘉股份,2010-03-31,8,2809.7880,4.38,1323.0200,2.32,5
002190,成飞集成,2010-03-31,1,44.4972,0.35,44.4972,0.00,0
002194,武汉凡谷,2010-03-31,6,2478.1820,4.46,-161.4060,4.75,6
002197,证通电子,2010-03-31,3,526.5666,4.02,348.9290,1.35,3
002210,飞马国际,2010-03-31,2,322.9400,1.58,322.9400,0.00,0
601999,出版传媒,2010-03-31,8,4430.5100,8.04,3746.8112,1.24,5
002204,大连重工,2010-03-31,4,441.3581,2.06,-524.2552,4.51,7
002346,柘中建设,2010-03-31,1,9.0540,0.07,9.0540,0.00,0
601139,深圳燃气,2010-03-31,2,230.0605,0.19,230.0605,0.00,0
002209,达意隆,2010-03-31,1,128.9400,0.99,-36.8573,1.27,2
002220,天宝股份,2010-03-31,3,533.6533,5.45,65.8273,4.77,1
002212,南洋股份,2010-03-31,4,688.4172,3.04,619.4098,0.30,2
002215,诺普信,2010-03-31,10,2822.4840,12.75,391.7630,11.99,10
002214,大立科技,2010-03-31,8,1369.1779,13.69,338.8857,10.30,8
002218,拓日新能,2010-03-31,3,125.4110,0.44,-244.4862,1.28,5
601766,中国南车,2010-03-31,7,34187.8700,2.89,5649.3300,2.41,6
002221,东华能源,2010-03-31,3,1208.0540,5.44,143.9049,4.79,2
002364,中恒电气,2010-03-31,1,130.5910,1.95,130.5910,0.00,0
002219,独一味,2010-03-31,1,200.0000,1.07,0.0000,1.07,1
601186,中国铁建,2010-03-31,6,13159.1700,1.07,-5639.2000,1.52,7
002273,水晶光电,2010-03-31,2,254.8670,2.94,-48.1579,3.49,3
002297,博云新材,2010-03-31,1,44.4521,0.42,44.4521,0.00,0
002223,鱼跃医疗,2010-03-31,9,1263.8361,8.18,58.7518,7.80,8
002225,濮耐股份,2010-03-31,5,1723.5800,3.30,1198.4037,1.01,4
002228,合兴包装,2010-03-31,2,337.4300,1.78,215.2870,0.64,1
002244,滨江集团,2010-03-31,4,2256.3730,1.67,153.5400,1.56,4
002227,奥特迅,2010-03-31,4,135.4674,1.25,49.5629,0.79,2
002237,恒邦股份,2010-03-31,3,116.4823,0.61,-130.4147,1.29,3
002235,安妮股份,2010-03-31,2,732.5160,4.88,-40.2563,5.15,3
002249,大洋电机,2010-03-31,7,1183.6835,4.70,698.7595,1.92,4
002253,川大智胜,2010-03-31,7,518.1133,8.30,281.8320,3.79,3
002233,塔牌集团,2010-03-31,5,1234.7526,3.09,-1686.9184,7.30,9
002243,通产丽星,2010-03-31,2,279.8770,1.08,0.0000,1.08,2
002236,大华股份,2010-03-31,2,106.6295,1.60,-97.5209,3.06,3
002252,上海莱士,2010-03-31,6,522.6477,3.27,123.2947,2.50,5
002238,天威视讯,2010-03-31,5,1517.2780,5.68,429.5830,4.07,4
002239,金飞达,2010-03-31,4,910.5110,4.53,-69.8320,4.88,4
002372,伟星新材,2010-03-31,1,342.9400,1.35,342.9400,0.00,0
002241,歌尔声学,2010-03-31,8,3883.5680,10.79,1313.2340,10.71,10
002242,九阳股份,2010-03-31,7,1003.3583,1.98,-50.5990,2.08,6
002251,步步高,2010-03-31,8,2360.8510,8.73,561.7904,6.65,7
002274,华昌化工,2010-03-31,1,65.9145,0.33,-200.1019,1.32,3
002256,彩虹精化,2010-03-31,1,80.4000,0.58,80.4000,0.00,0
002255,海陆重工,2010-03-31,3,227.9170,1.77,197.5452,0.24,1
002262,恩华药业,2010-03-31,4,606.6640,3.37,-48.2440,3.64,4
601268,*ST二重,2010-03-31,5,3346.3000,1.98,3346.3000,0.00,0
002258,利尔化学,2010-03-31,3,242.4440,1.20,-67.7580,1.53,2
002264,新华都,2010-03-31,4,387.2265,3.62,-644.6225,9.65,7
002322,理工监测,2010-03-31,10,427.4851,6.41,339.2535,1.32,2
002342,巨力索具,2010-03-31,3,155.0560,0.32,155.0560,0.00,0
300054,鼎龙股份,2010-03-31,3,177.4663,2.96,177.4663,0.00,0
300011,鼎汉技术,2010-03-31,1,37.7084,0.73,37.7084,0.00,0
601668,中国建筑,2010-03-31,2,27453.0000,0.92,-14009.0000,1.38,3
002268,卫士通,2010-03-31,3,312.6250,3.88,212.6335,1.24,1
002269,美邦服饰,2010-03-31,9,3911.5390,3.89,-20.5680,3.91,9
002270,法因数控,2010-03-31,1,42.7679,0.29,-122.3284,1.13,2
002266,浙富股份,2010-03-31,4,1050.0820,7.33,41.9140,7.04,4
300015,爱尔眼科,2010-03-31,2,81.4524,0.61,81.4524,0.00,0
002299,圣农发展,2010-03-31,4,433.5052,1.06,403.8127,0.07,1
002344,海宁皮城,2010-03-31,8,1111.7395,3.97,1111.7395,0.00,0
300036,超图软件,2010-03-31,6,266.9733,3.56,266.9733,0.00,0
002277,友阿股份,2010-03-31,2,67.5774,0.35,-4.5325,0.37,2
300002,神州泰岳,2010-03-31,8,643.7891,5.09,567.0635,0.61,5
002278,神开股份,2010-03-31,2,44.1749,0.24,-19.9918,0.35,2
002285,世联地产,2010-03-31,3,71.5472,0.56,71.5472,0.00,0
002286,保龄宝,2010-03-31,3,128.6868,1.61,-25.4892,1.93,3
002291,星期六,2010-03-31,6,757.5529,3.52,-59.4111,3.80,5
002292,奥飞动漫,2010-03-31,9,706.1579,4.41,607.8183,0.61,3
002293,罗莱家纺,2010-03-31,5,534.8419,3.81,395.4138,0.99,3
002294,信立泰,2010-03-31,5,354.9048,3.13,1.7149,3.11,8
601299,中国北车,2010-03-31,4,13698.1100,1.65,5298.1200,1.01,2
601117,中国化学,2010-03-31,2,324.3020,0.07,324.3020,0.00,0
300052,中青宝,2010-03-31,2,352.2910,3.52,352.2910,0.00,0
601618,中国中冶,2010-03-31,2,5609.3200,0.29,395.8100,0.27,2
300058,蓝色光标,2010-03-31,9,324.0985,4.05,324.0985,0.00,0
601888,中国国旅,2010-03-31,7,3114.4950,3.54,-811.1800,4.46,9
002301,齐心文具,2010-03-31,6,780.6496,6.27,301.8272,3.84,3
601989,中国重工,2010-03-31,4,11681.0200,1.76,4880.3840,1.02,7
002315,焦点科技,2010-03-31,10,847.8640,7.22,297.9654,4.68,9
002303,美盈森,2010-03-31,9,1095.8142,6.13,1095.8142,0.00,0
300021,大禹节水,2010-03-31,1,11.0204,0.16,11.0204,0.00,0
300012,华测检测,2010-03-31,10,759.0536,9.28,759.0536,0.00,0
300044,赛为智能,2010-03-31,4,325.5698,4.07,325.5698,0.00,0
300047,天源迪科,2010-03-31,4,83.5026,0.80,83.5026,0.00,0
300037,新宙邦,2010-03-31,4,377.2800,3.53,377.2800,0.00,0
300005,探路者,2010-03-31,1,27.9852,0.42,27.9852,0.00,0
300045,华力创通,2010-03-31,2,191.7392,2.86,191.7392,0.00,0
300027,华谊兄弟,2010-03-31,9,948.2430,5.64,948.2430,0.00,0
300003,乐普医疗,2010-03-31,4,355.9483,0.88,355.9483,0.00,0
300010,立思辰,2010-03-31,2,185.2602,1.76,185.2602,0.00,0
300053,欧比特,2010-03-31,1,28.3900,0.28,28.3900,0.00,0
300041,回天胶业,2010-03-31,3,109.1847,1.65,109.1847,0.00,0
300001,特锐德,2010-03-31,2,129.1752,0.97,129.1752,0.00,0
002310,东方园林,2010-03-31,8,424.0154,5.64,274.2154,2.99,6
002309,中利科技,2010-03-31,3,261.1337,1.96,261.1337,0.00,0
002311,海大集团,2010-03-31,5,570.0020,2.54,570.0020,0.00,0
002377,国创高新,2010-03-31,2,52.4932,0.49,52.4932,0.00,0
002324,普利特,2010-03-31,3,209.2680,1.55,209.2680,0.00,0
002327,富安娜,2010-03-31,8,529.6990,5.14,529.6990,0.00,0
002318,久立特材,2010-03-31,3,219.9470,1.37,219.9470,0.00,0
002317,众生药业,2010-03-31,3,50.7428,0.63,50.7428,0.00,0
002325,洪涛股份,2010-03-31,6,447.7715,3.73,345.5654,0.85,3
300004,南风股份,2010-03-31,6,355.3471,3.78,355.3471,0.00,0
601179,中国西电,2010-03-31,5,6451.5230,1.48,6451.5230,0.00,0
601801,皖新传媒,2010-03-31,2,110.0000,0.12,110.0000,0.00,0
601877,正泰电器,2010-03-31,3,264.0508,0.26,264.0508,0.00,0
300020,银江股份,2010-03-31,2,126.9988,1.59,126.9988,0.00,0
300025,华星创业,2010-03-31,1,6.0265,0.15,6.0265,0.00,0
002326,永太科技,2010-03-31,9,828.9878,6.21,764.6541,0.48,2
002330,得利斯,2010-03-31,1,105.3950,0.42,-108.6230,0.85,20
002329,皇氏乳业,2010-03-31,2,251.4156,2.35,251.4156,0.00,0
002334,英威腾,2010-03-31,2,177.9975,2.78,177.9975,0.00,0
002336,人人乐,2010-03-31,4,410.1791,1.03,410.1791,0.00,0
002340,格林美,2010-03-31,6,295.1322,3.16,295.1322,0.00,0
002339,积成电子,2010-03-31,7,352.8870,4.10,352.8870,0.00,0
002341,新纶科技,2010-03-31,1,93.2950,1.27,93.2950,0.00,0
002345,潮宏基,2010-03-31,6,757.6291,6.31,757.6291,0.00,0
002351,漫步者,2010-03-31,10,923.8646,6.28,923.8646,0.00,0
002353,杰瑞股份,2010-03-31,7,209.9874,1.83,209.9874,0.00,0
300030,阳普医疗,2010-03-31,5,141.1800,1.91,141.1800,0.00,0
002375,亚厦股份,2010-03-31,6,604.9673,2.87,604.9673,0.00,0
002369,卓翼科技,2010-03-31,2,70.9922,0.71,70.9922,0.00,0
300039,上海凯宝,2010-03-31,6,632.1925,5.77,632.1925,0.00,0
002367,康力电梯,2010-03-31,2,74.6424,0.56,74.6424,0.00,0
002361,神剑股份,2010-03-31,2,28.9971,0.36,28.9971,0.00,0
002368,太极股份,2010-03-31,1,10.0000,0.10,10.0000,0.00,0
300048,合康变频,2010-03-31,8,506.1615,4.22,506.1615,0.00,0
002373,联信永益,2010-03-31,1,12.0000,0.18,12.0000,0.00,0
002380,科远股份,2010-03-31,1,7.9971,0.12,7.9971,0.00,0
002376,新北洋,2010-03-31,9,431.0372,2.87,431.0372,0.00,0
601106,中国一重,2010-03-31,5,4139.3140,0.63,4139.3140,0.00,0
300043,星辉车模,2010-03-31,2,60.7550,1.15,60.7550,0.00,0
300050,世纪鼎利,2010-03-31,2,32.7401,0.61,32.7401,0.00,0
300055,万邦达,2010-03-31,5,430.7887,4.90,430.7887,0.00,0
300057,万顺股份,2010-03-31,3,137.3034,0.65,137.3034,0.00,0
300059,东方财富,2010-03-31,1,28.0885,0.20,28.0885,0.00,0
