600000,浦发银行,2010-06-30,2,17098.0800,1.49,3988.1700,1.48,2
600005,武钢股份,2010-06-30,6,11655.9300,1.49,-5060.8200,2.13,7
600006,东风汽车,2010-06-30,3,3139.3280,1.57,-3566.3930,3.35,7
600007,中国国贸,2010-06-30,4,2227.1180,2.21,-757.5890,2.96,5
600008,首创股份,2010-06-30,5,2279.9560,1.04,657.8660,0.74,4
600009,上海机场,2010-06-30,5,10130.7780,5.26,-5515.9230,8.12,5
600010,包钢股份,2010-06-30,6,6294.4750,0.98,-3441.3940,1.52,8
600012,皖通高速,2010-06-30,2,810.4380,0.49,-446.4540,0.76,5
600019,宝钢股份,2010-06-30,4,32404.0100,1.85,-7588.5900,2.28,6
600026,中海发展,2010-06-30,6,2702.1040,0.79,-1822.6650,1.33,6
600028,中国石化,2010-06-30,5,21526.0000,0.25,1673.7000,0.23,5
600030,中信证券,2010-06-30,1,6031.3100,0.61,1750.4400,0.65,1
600033,福建高速,2010-06-30,6,4260.6070,1.55,1431.3700,1.55,6
600037,歌华有线,2010-06-30,5,5540.5860,5.23,511.2580,4.74,5
600038,哈飞股份,2010-06-30,4,3314.4160,9.82,421.2270,8.58,5
600050,中国联通,2010-06-30,8,81316.2500,3.84,-4853.2100,4.07,9
600052,浙江广厦,2010-06-30,2,2051.1400,2.35,-1134.4000,3.65,3
600053,中江地产,2010-06-30,2,319.3170,0.88,319.3170,0.00,0
600054,黄山旅游,2010-06-30,5,3408.4000,7.23,1853.9710,3.30,4
600055,华润万东,2010-06-30,7,3314.3260,15.31,1122.6400,10.13,7
600056,中国医药,2010-06-30,6,1373.1260,4.42,350.7618,4.27,4
600058,五矿发展,2010-06-30,7,1807.3680,1.69,-414.2810,2.07,6
600059,古越龙山,2010-06-30,5,5002.1040,7.88,3609.6780,2.19,2
600060,海信电器,2010-06-30,8,8370.5690,9.66,146.1970,14.23,8
600061,中纺投资,2010-06-30,1,1030.0000,2.40,131.0760,2.09,1
600062,华润双鹤,2010-06-30,8,7644.0760,13.37,112.5940,13.17,9
600063,皖维高新,2010-06-30,3,615.0819,1.67,-2108.2051,7.40,6
600064,南京高科,2010-06-30,2,301.4590,0.58,100.0487,0.59,2
600066,宇通客车,2010-06-30,6,5570.4000,10.71,-1499.9080,13.60,7
600067,冠城大通,2010-06-30,8,7309.3810,9.94,-184.2330,12.23,9
600068,葛洲坝,2010-06-30,3,5180.9300,2.23,-187.1200,2.31,3
600069,银鸽投资,2010-06-30,1,950.0000,1.15,-666.9410,2.94,3
600070,浙江富润,2010-06-30,1,43.0524,0.31,43.0524,0.00,0
600071,凤凰光学,2010-06-30,4,2041.0710,8.59,224.2980,7.65,6
600072,中船股份,2010-06-30,5,656.8076,1.65,535.9412,0.33,2
600074,*ST中达,2010-06-30,2,256.3340,0.39,-0.9522,0.39,2
600075,新疆天业,2010-06-30,3,849.3810,1.94,-2625.4840,7.92,7
600077,宋都股份,2010-06-30,2,432.7150,2.72,-392.6620,5.19,4
600078,澄星股份,2010-06-30,2,769.9410,1.18,-2590.0890,5.16,3
600079,人福医药,2010-06-30,9,9270.0840,19.66,1370.1530,16.75,9
600081,东风科技,2010-06-30,5,2215.7860,7.07,-903.9630,9.95,7
600085,同仁堂,2010-06-30,7,4346.8560,8.35,172.1840,8.02,7
600086,东方金钰,2010-06-30,1,55.6290,0.16,-6.2900,0.18,1
600087,*ST长油,2010-06-30,6,4267.1520,2.65,162.6460,2.55,5
600088,中视传媒,2010-06-30,7,2264.7390,9.57,112.0370,9.09,6
600089,特变电工,2010-06-30,5,8368.6600,4.66,-2072.5800,5.81,5
600090,啤酒花,2010-06-30,3,932.4020,2.53,-922.5610,5.04,2
600096,云天化,2010-06-30,7,2754.1200,4.67,-2843.0510,9.48,8
600097,开创国际,2010-06-30,1,299.9920,1.48,123.3770,0.87,1
600098,广州发展,2010-06-30,6,1875.4650,0.91,435.2110,0.70,5
600100,同方股份,2010-06-30,7,9310.3800,9.53,548.8020,8.97,9
600103,青山纸业,2010-06-30,2,470.4410,0.44,-1.7200,0.44,2
600104,上汽集团,2010-06-30,5,28375.6600,3.33,6727.8900,3.30,6
600105,永鼎股份,2010-06-30,1,210.0000,0.55,138.9600,0.26,1
600106,重庆路桥,2010-06-30,4,656.3583,1.45,-1461.0503,5.13,7
600108,亚盛集团,2010-06-30,4,2556.0470,1.47,699.2950,1.07,3
600109,国金证券,2010-06-30,2,329.5380,0.33,-58.8385,0.39,3
600110,中科英华,2010-06-30,2,509.6510,0.44,-147.6170,0.65,2
600111,包钢稀土,2010-06-30,7,4623.9970,5.73,1823.3610,3.47,7
600112,长征电气,2010-06-30,1,1247.4000,2.94,-70.8080,3.40,2
600113,浙江东日,2010-06-30,1,223.9920,0.95,-77.0030,2.04,2
600115,东方航空,2010-06-30,4,19892.3600,1.76,2179.1000,1.57,5
600117,西宁特钢,2010-06-30,4,2223.7840,3.00,-2963.4210,7.00,7
600118,中国卫星,2010-06-30,6,5207.5140,7.39,2215.0740,8.49,6
600120,浙江东方,2010-06-30,2,1424.3850,2.82,-93.4920,3.00,2
600121,郑州煤电,2010-06-30,2,174.2145,0.28,63.6285,0.18,1
600122,宏图高科,2010-06-30,2,1432.2540,2.53,-624.7450,4.63,3
600123,兰花科创,2010-06-30,7,6593.5350,11.54,-1981.6830,15.01,8
600125,铁龙物流,2010-06-30,8,12596.5700,12.54,5247.5720,7.32,8
600126,杭钢股份,2010-06-30,3,3070.5320,3.66,-998.5780,4.85,7
600127,金健米业,2010-06-30,2,241.2180,0.44,-451.9060,1.27,2
600128,弘业股份,2010-06-30,3,389.3227,1.58,39.9260,1.42,2
600129,太极集团,2010-06-30,3,1287.9680,3.02,-1822.0250,9.47,6
600132,重庆啤酒,2010-06-30,6,4477.9600,9.25,-83.2610,9.42,7
600133,东湖高新,2010-06-30,3,2380.0020,4.80,11.9500,4.77,3
600135,乐凯胶片,2010-06-30,6,4244.8850,12.41,-1122.9520,15.70,7
600137,浪莎股份,2010-06-30,1,114.9910,1.18,114.9910,0.00,0
600138,中青旅,2010-06-30,6,5874.6920,14.14,432.9500,13.10,5
600139,西部资源,2010-06-30,4,1014.7394,4.28,463.5015,2.32,4
600141,兴发集团,2010-06-30,4,2890.2740,9.09,-83.4920,9.83,4
600150,中国船舶,2010-06-30,8,995.9748,1.50,765.0628,0.35,5
600151,航天机电,2010-06-30,3,748.1460,1.00,189.6180,0.75,4
600153,建发股份,2010-06-30,8,14081.9800,11.33,-4984.7400,15.34,9
600157,永泰能源,2010-06-30,5,2682.9440,10.49,148.4660,9.91,5
600158,中体产业,2010-06-30,3,609.6470,0.76,-254.0040,1.07,3
600159,大龙地产,2010-06-30,1,738.0650,1.78,-1621.7379,5.69,3
600160,巨化股份,2010-06-30,5,1322.9400,2.16,-4641.1970,10.71,8
600161,天坛生物,2010-06-30,6,3153.3570,6.46,2023.2380,2.31,5
600162,香江控股,2010-06-30,4,1572.1910,2.05,-2343.7250,5.10,6
600163,福建南纸,2010-06-30,3,836.7050,1.16,684.5390,0.21,1
600166,福田汽车,2010-06-30,5,12675.2400,13.83,1790.9400,11.88,5
600168,武汉控股,2010-06-30,6,2061.6691,4.67,-211.1119,5.15,8
600169,太原重工,2010-06-30,5,6587.9530,9.22,-2554.0710,12.79,6
600170,上海建工,2010-06-30,8,1380.1721,1.32,706.2788,0.94,5
600171,上海贝岭,2010-06-30,5,1091.0280,1.62,528.8530,0.83,3
600172,黄河旋风,2010-06-30,1,258.9800,0.97,258.9800,0.00,0
600173,卧龙地产,2010-06-30,3,756.3779,1.04,-462.5501,1.68,5
600176,中国玻纤,2010-06-30,6,3286.2730,7.69,325.0230,6.93,6
600177,雅戈尔,2010-06-30,2,2505.6100,1.13,1135.5100,0.62,1
600178,东安动力,2010-06-30,8,4671.7200,10.11,-2137.5460,14.74,9
600183,生益科技,2010-06-30,4,6072.0670,6.34,553.9810,5.77,6
600185,格力地产,2010-06-30,3,2812.3750,4.87,73.7730,4.74,4
600186,莲花味精,2010-06-30,1,234.7940,0.22,-1507.9260,1.64,3
600188,兖州煤业,2010-06-30,6,2364.5390,0.48,-254.4220,0.53,7
600189,吉林森工,2010-06-30,4,1299.3240,4.18,179.2620,3.61,6
600190,锦州港,2010-06-30,1,610.7320,0.39,0.0000,0.39,1
600193,创兴资源,2010-06-30,2,1100.3270,5.04,-39.6560,5.23,3
600195,中牧股份,2010-06-30,8,4249.4420,10.90,-930.1440,13.28,9
600196,复星医药,2010-06-30,7,10701.5930,31.48,2233.2320,6.84,6
600197,伊力特,2010-06-30,6,3889.7100,8.82,642.9230,7.36,5
600198,大唐电信,2010-06-30,5,3057.3880,6.96,852.9440,5.02,3
600199,金种子酒,2010-06-30,3,3272.1190,6.28,1735.3170,5.89,3
600200,江苏吴中,2010-06-30,3,1866.3740,2.99,1866.3740,0.00,0
600201,金宇集团,2010-06-30,2,852.3090,3.04,-342.7830,4.26,4
600202,哈空调,2010-06-30,7,5820.9500,15.18,-767.3230,17.19,9
600208,新湖中宝,2010-06-30,6,18641.5100,3.67,6173.1900,3.68,6
600210,紫江企业,2010-06-30,4,2499.2830,1.74,43.6720,1.71,5
600213,亚星客车,2010-06-30,2,983.1260,4.47,983.1260,0.00,0
600216,浙江医药,2010-06-30,5,3038.6910,6.75,227.8350,6.25,5
600218,全柴动力,2010-06-30,1,116.4720,0.41,-854.5060,3.43,1
600219,南山铝业,2010-06-30,5,1973.5600,1.02,-482.0760,1.27,5
600220,江苏阳光,2010-06-30,4,2012.6120,1.13,85.5570,1.08,4
600221,海南航空,2010-06-30,5,9083.3030,2.20,4418.3830,1.13,3
600223,鲁商置业,2010-06-30,6,7446.2240,7.44,-1254.0410,8.69,7
600226,升华拜克,2010-06-30,1,369.4960,0.91,65.3810,1.12,1
600227,赤天化,2010-06-30,1,1060.0000,1.12,152.7180,1.91,3
600228,昌九生化,2010-06-30,4,1238.8640,5.13,279.8120,3.97,3
600229,青岛碱业,2010-06-30,2,1950.0000,4.93,1750.0000,0.51,1
600230,沧州大化,2010-06-30,1,299.9920,1.16,-984.6998,4.95,5
600231,凌钢股份,2010-06-30,4,2985.8650,3.71,-1392.3200,5.45,4
600233,大杨创世,2010-06-30,2,155.4289,0.94,46.1388,0.66,2
600236,桂冠电力,2010-06-30,4,2394.8880,1.05,735.6630,1.02,4
600237,铜峰电子,2010-06-30,2,402.2995,1.01,182.3025,0.55,1
600238,海南椰岛,2010-06-30,3,1656.3410,5.54,1110.6760,3.29,2
600239,云南城投,2010-06-30,2,1133.5720,1.79,-514.0450,2.60,3
600240,华业地产,2010-06-30,1,1199.9800,1.86,-652.8970,2.87,2
600241,时代万恒,2010-06-30,1,22.4590,0.21,22.4590,0.00,0
600246,万通地产,2010-06-30,5,1848.2170,1.52,448.0750,1.38,5
600252,中恒集团,2010-06-30,7,3941.9250,14.44,-428.0030,16.75,8
600255,鑫科材料,2010-06-30,1,113.5750,0.25,-12.8500,0.28,1
600256,广汇能源,2010-06-30,8,12165.0420,9.82,3007.4320,9.61,8
600257,大湖股份,2010-06-30,1,326.3720,0.76,326.3720,0.00,0
600258,首旅酒店,2010-06-30,7,2716.9660,11.74,-643.0020,14.52,8
600259,广晟有色,2010-06-30,1,500.0000,2.00,318.3253,0.73,2
600260,凯乐科技,2010-06-30,2,233.7720,0.44,-0.8500,0.44,2
600261,阳光照明,2010-06-30,8,3526.6500,14.12,305.3790,12.90,7
600265,*ST景谷,2010-06-30,1,302.9760,2.33,49.9960,1.95,1
600266,北京城建,2010-06-30,9,5710.5150,7.71,-567.5030,8.47,8
600267,海正药业,2010-06-30,8,6982.1180,14.43,759.2440,12.86,8
600268,国电南自,2010-06-30,7,2520.1600,8.88,2038.0920,2.55,3
600269,赣粤高速,2010-06-30,7,7938.8560,3.40,2650.5460,2.26,7
600270,外运发展,2010-06-30,4,1738.9630,1.92,-2587.4210,4.78,5
600276,恒瑞医药,2010-06-30,5,5620.6010,7.55,-198.0210,7.81,5
600277,亿利能源,2010-06-30,3,2473.7390,2.74,280.7160,3.65,4
600280,中央商场,2010-06-30,5,1568.1500,10.92,60.3060,10.50,5
600281,太化股份,2010-06-30,1,260.0000,0.51,-179.9960,0.86,2
600282,南钢股份,2010-06-30,6,5385.7800,3.20,-725.9240,3.63,6
600283,钱江水利,2010-06-30,1,333.9890,1.17,227.1590,0.37,1
600285,羚锐制药,2010-06-30,6,1955.2140,9.74,1340.3590,3.06,2
600287,江苏舜天,2010-06-30,1,200.0000,0.46,-50.0000,0.57,1
600288,大恒科技,2010-06-30,2,169.3265,0.39,61.8305,0.25,1
600289,亿阳信通,2010-06-30,5,3722.0620,6.61,2006.9480,4.87,5
600292,中电远达,2010-06-30,2,575.8870,1.72,-59.3880,1.90,2
600297,美罗药业,2010-06-30,3,334.4223,0.96,334.4223,0.00,0
600298,安琪酵母,2010-06-30,7,3694.2720,12.07,888.3320,10.34,6
600299,蓝星新材,2010-06-30,2,518.8200,0.99,-2567.4940,5.90,5
600300,维维股份,2010-06-30,5,1261.6190,0.75,1076.3810,0.11,1
600302,标准股份,2010-06-30,1,122.4350,0.35,122.4350,0.00,0
600303,曙光股份,2010-06-30,10,4753.9350,21.41,1876.3520,12.96,11
600305,恒顺醋业,2010-06-30,5,1380.6930,10.86,819.1600,4.42,2
600306,商业城,2010-06-30,2,641.7080,3.60,-82.2130,4.06,3
600307,酒钢宏兴,2010-06-30,3,1664.9500,0.81,-2998.4840,2.28,8
600308,华泰股份,2010-06-30,3,514.0130,0.79,-2025.0480,3.91,5
600309,万华化学,2010-06-30,9,17175.4100,10.33,-1604.4800,11.29,9
600310,桂东电力,2010-06-30,4,895.5877,4.87,158.7930,4.70,4
600312,平高电气,2010-06-30,5,7694.4390,9.40,2268.9280,7.95,4
600315,上海家化,2010-06-30,8,7548.4340,17.84,1315.7190,19.15,8
600316,洪都航空,2010-06-30,1,154.0020,0.44,-1239.6100,3.95,4
600317,营口港,2010-06-30,2,303.9250,0.28,-917.7960,1.11,4
600318,巢东股份,2010-06-30,3,400.0060,1.65,288.7690,0.46,1
600319,*ST亚星,2010-06-30,1,62.6919,0.20,62.6919,0.00,0
600321,国栋建设,2010-06-30,3,865.1220,3.80,256.1034,2.67,4
600322,天房发展,2010-06-30,4,3636.6580,3.29,-1014.0430,4.21,5
600323,南海发展,2010-06-30,6,1318.6620,4.86,318.6820,3.69,4
600326,西藏天路,2010-06-30,4,3140.7950,5.74,-91.5320,7.09,6
600327,大东方,2010-06-30,8,10599.0330,20.32,4466.0540,18.81,8
600328,兰太实业,2010-06-30,2,119.3370,0.33,-720.0540,2.34,2
600329,中新药业,2010-06-30,3,932.7640,2.52,-395.0540,3.59,4
600330,天通股份,2010-06-30,3,4042.2200,6.86,4042.2200,0.00,0
600331,宏达股份,2010-06-30,7,7469.3030,7.24,-150.3730,7.38,6
600332,白云山,2010-06-30,6,2693.8420,3.32,-56.6210,3.39,7
600333,长春燃气,2010-06-30,2,127.8552,0.28,-59.4478,0.41,2
600336,澳柯玛,2010-06-30,2,880.5930,2.58,167.1240,2.09,4
600337,美克股份,2010-06-30,7,7457.8080,14.61,891.6480,12.86,6
600338,西藏珠峰,2010-06-30,2,889.6060,5.62,889.6060,0.00,0
600339,天利高新,2010-06-30,2,1357.0240,2.58,-1278.4820,5.01,4
600350,山东高速,2010-06-30,7,5686.7660,1.69,260.0630,1.61,8
600351,亚宝药业,2010-06-30,5,6847.6400,10.82,3932.8250,9.21,5
600353,旭光股份,2010-06-30,1,74.5900,0.66,74.5900,0.00,0
600356,恒丰纸业,2010-06-30,1,149.9920,0.78,149.9920,0.00,0
600359,新农开发,2010-06-30,4,296.7164,0.92,-302.2836,1.87,3
600360,华微电子,2010-06-30,6,2837.9360,5.44,591.0480,4.31,4
600361,华联综超,2010-06-30,5,6598.4370,13.61,112.4770,13.38,5
600362,江西铜业,2010-06-30,4,1620.6230,0.54,-1541.0410,1.05,7
600363,联创光电,2010-06-30,1,1043.4100,2.81,-25.1200,2.88,1
600365,通葡股份,2010-06-30,4,1379.9900,9.86,655.9287,5.17,3
600366,宁波韵升,2010-06-30,7,4723.8840,11.94,3556.9323,2.95,4
600367,红星发展,2010-06-30,1,668.0000,2.29,-332.0000,3.43,1
600368,五洲交通,2010-06-30,2,639.2600,1.15,-762.7980,2.52,4
600369,西南证券,2010-06-30,1,238.6160,0.13,-5.5000,0.13,1
600371,万向德农,2010-06-30,1,249.8930,1.47,249.8930,0.00,0
600372,中航电子,2010-06-30,2,901.1510,1.86,0.0000,1.86,2
600373,中文传媒,2010-06-30,7,4005.1700,21.36,352.1160,19.48,7
600376,首开股份,2010-06-30,7,1365.9330,1.19,-1601.9060,2.58,7
600377,宁沪高速,2010-06-30,6,4710.1080,0.93,1779.5410,0.58,3
600378,天科股份,2010-06-30,1,128.1500,0.47,128.1500,0.00,0
600379,宝光股份,2010-06-30,5,2523.3010,11.77,1158.9550,6.36,5
600380,健康元,2010-06-30,6,6585.9610,5.00,-1130.9240,7.03,7
600382,广东明珠,2010-06-30,3,2233.4840,6.54,-460.1820,7.88,3
600383,金地集团,2010-06-30,7,22649.0500,5.07,7105.1600,6.26,7
600386,北巴传媒,2010-06-30,6,3140.3600,7.79,-206.1890,8.30,6
600388,龙净环保,2010-06-30,3,1114.4780,5.36,803.2630,1.50,2
600391,成发科技,2010-06-30,7,1377.0560,10.49,-321.7900,12.94,7
600393,东华实业,2010-06-30,2,697.6940,2.33,-114.5780,2.71,3
600395,盘江股份,2010-06-30,5,3615.0490,3.28,-151.5910,3.41,6
600396,金山股份,2010-06-30,7,3689.1860,10.83,1521.0487,6.37,7
600398,凯诺科技,2010-06-30,1,163.3730,0.25,-18.4800,0.28,1
600400,红豆股份,2010-06-30,1,81.6876,0.19,-9.2375,0.21,1
600415,小商品城,2010-06-30,6,6514.3000,4.79,1971.9350,6.68,7
600416,湘电股份,2010-06-30,6,2524.1270,10.74,684.9190,7.83,6
600418,江淮汽车,2010-06-30,4,3896.6620,3.02,-6050.9980,7.72,6
600422,昆明制药,2010-06-30,3,1739.8380,5.54,-619.4600,7.51,4
600426,华鲁恒升,2010-06-30,7,4039.4600,8.15,-2041.0550,12.27,9
600428,中远航运,2010-06-30,6,6050.8100,4.62,-1095.9600,5.45,6
600456,宝钛股份,2010-06-30,8,2270.5870,5.28,-531.1930,6.51,6
600458,时代新材,2010-06-30,5,2685.7510,11.42,-70.1920,13.49,5
600466,迪康药业,2010-06-30,1,200.0000,1.14,0.0000,1.14,1
600468,百利电气,2010-06-30,4,1221.9340,3.21,202.9660,3.22,4
600486,扬农化工,2010-06-30,7,1922.1850,11.16,293.8640,12.30,7
600488,天药股份,2010-06-30,4,3185.2720,5.87,-1587.4250,8.79,6
600496,精工钢构,2010-06-30,5,1936.0030,5.00,-156.2080,5.41,5
600498,烽火通信,2010-06-30,5,3042.4960,6.89,-918.2610,8.96,7
600499,科达机电,2010-06-30,4,3329.5650,5.56,1450.1980,3.14,3
600500,中化国际,2010-06-30,4,5946.2170,4.14,1482.1640,3.11,3
600501,航天晨光,2010-06-30,2,640.7980,1.98,163.6640,1.47,2
600503,华丽家族,2010-06-30,3,1282.8050,2.43,52.7950,2.33,2
600505,西昌电力,2010-06-30,4,2693.5360,7.39,2485.5460,0.57,1
600508,上海能源,2010-06-30,6,2004.7560,2.77,-243.3260,3.11,8
600509,天富热电,2010-06-30,6,2248.7140,3.43,-350.7750,3.96,6
600510,黑牡丹,2010-06-30,2,975.1660,1.23,-1771.5430,3.45,5
600511,国药股份,2010-06-30,7,5984.7790,12.50,-671.7340,13.90,8
600516,方大炭素,2010-06-30,3,1244.5920,0.97,-1344.2780,2.02,4
600518,康美药业,2010-06-30,4,19256.4200,11.36,59.7900,11.33,4
600519,贵州茅台,2010-06-30,5,3868.1700,4.10,-1099.8410,5.26,7
600520,中发科技,2010-06-30,2,496.7910,4.39,496.7910,0.00,0
600522,中天科技,2010-06-30,6,2359.4480,7.35,352.0760,6.26,4
600523,贵航股份,2010-06-30,3,538.4960,1.86,-1137.5070,5.80,5
600525,长园集团,2010-06-30,5,3182.6760,7.37,508.9630,12.39,7
600528,中铁二局,2010-06-30,5,5248.2380,3.60,-605.4680,4.01,6
600529,山东药玻,2010-06-30,6,4272.5240,16.60,1276.6330,11.64,7
600530,交大昂立,2010-06-30,1,59.1221,0.19,-6.7009,0.21,1
600531,豫光金铅,2010-06-30,3,109.2861,0.48,-54.6352,0.72,3
600533,栖霞建设,2010-06-30,4,5886.9510,5.61,-323.0530,5.91,4
600535,天士力,2010-06-30,8,7195.5130,14.74,282.7280,14.17,8
600536,中国软件,2010-06-30,4,849.4970,3.76,-62.5670,4.04,4
600548,深高速,2010-06-30,2,670.3880,0.31,-241.9650,0.42,2
600549,厦门钨业,2010-06-30,3,1422.1170,2.09,-16.3290,2.11,3
600550,天威保变,2010-06-30,6,3531.1040,3.02,-592.8520,3.53,7
600551,时代出版,2010-06-30,5,1889.1970,4.48,52.4960,4.70,5
600557,康缘药业,2010-06-30,7,5741.6760,17.96,789.4990,15.49,7
600558,大西洋,2010-06-30,5,1596.3000,11.55,131.3285,12.16,7
600559,老白干酒,2010-06-30,6,2562.4760,18.30,-240.7490,20.02,7
600560,金自天正,2010-06-30,3,381.0280,3.83,-23.3500,4.07,2
600563,法拉电子,2010-06-30,8,3586.4910,15.94,955.0160,11.70,7
600565,迪马股份,2010-06-30,2,279.1160,0.39,-33.4060,0.43,2
600568,中珠控股,2010-06-30,1,259.0300,1.56,-329.7510,3.54,1
600569,安阳钢铁,2010-06-30,7,8701.2690,3.64,416.5410,3.46,6
600571,信雅达,2010-06-30,4,1372.5520,7.05,-1358.4660,14.04,6
600577,精达股份,2010-06-30,1,534.9680,1.82,-50.5040,1.99,2
600578,京能电力,2010-06-30,3,155.8340,0.27,-104.6510,0.45,2
600580,卧龙电气,2010-06-30,6,4181.2890,9.80,1634.1680,6.87,5
600581,八一钢铁,2010-06-30,8,6279.4520,8.19,-2667.0860,11.67,9
600582,天地科技,2010-06-30,5,4062.6050,6.02,-330.9440,6.51,6
600583,海油工程,2010-06-30,6,12401.9200,3.19,302.9400,3.73,6
600585,海螺水泥,2010-06-30,2,4257.5700,1.21,-186.6810,2.52,4
600586,金晶科技,2010-06-30,4,1384.7510,2.35,-4199.6480,9.46,7
600587,新华医疗,2010-06-30,3,948.6940,7.06,270.9460,5.04,3
600588,用友软件,2010-06-30,6,8265.1440,10.13,1597.4400,10.62,6
600589,广东榕泰,2010-06-30,2,599.9910,1.00,473.0570,0.21,1
600590,泰豪科技,2010-06-30,8,6151.2150,13.51,1825.6220,11.40,6
600592,龙溪股份,2010-06-30,6,3141.1610,10.47,448.3250,8.98,6
600593,大连圣亚,2010-06-30,1,99.9953,1.09,0.0000,1.09,1
600595,中孚实业,2010-06-30,6,2693.5320,2.28,-3547.1800,5.28,8
600596,新安股份,2010-06-30,5,6925.5230,10.20,2139.8840,15.50,9
600597,光明乳业,2010-06-30,7,5161.9090,4.95,1606.4580,3.41,5
600598,北大荒,2010-06-30,7,8433.0480,4.74,3768.2520,2.62,7
600599,熊猫烟花,2010-06-30,1,20.8400,0.17,20.8400,0.00,0
600600,青岛啤酒,2010-06-30,4,3868.3000,3.35,-321.1530,3.10,4
600601,方正科技,2010-06-30,7,3308.7510,1.92,-2828.1950,3.55,7
600602,仪电电子,2010-06-30,1,125.5890,0.11,-758.4020,0.75,1
600606,金丰投资,2010-06-30,2,158.7721,0.37,6.9488,0.39,2
600611,大众交通,2010-06-30,2,659.1370,0.42,-9.0300,0.42,2
600612,老凤祥,2010-06-30,1,179.9850,0.65,-15.2780,0.71,1
600613,神奇制药,2010-06-30,1,49.1840,0.33,49.1840,0.00,0
600616,金枫酒业,2010-06-30,5,5936.0820,13.53,1276.3000,12.75,4
600619,海立股份,2010-06-30,1,1113.7800,2.03,-27.7600,2.08,1
600621,华鑫股份,2010-06-30,3,461.4490,0.88,105.1380,0.68,2
600622,嘉宝集团,2010-06-30,3,2187.9010,4.25,-1767.4950,7.69,5
600624,复旦复华,2010-06-30,2,152.9159,0.44,-0.5640,0.44,2
600626,申达股份,2010-06-30,2,428.3430,0.90,-108.2340,1.13,3
600628,新世界,2010-06-30,4,5556.7300,10.45,-843.8900,12.04,5
600629,棱光实业,2010-06-30,4,1158.6590,4.31,452.7460,2.62,3
600630,龙头股份,2010-06-30,2,186.1582,0.44,81.6062,0.25,1
600635,大众公用,2010-06-30,4,1899.6530,1.27,77.3390,1.22,4
600636,三爱富,2010-06-30,1,76.7648,0.22,-408.6810,1.40,2
600637,百视通,2010-06-30,2,235.5500,0.33,86.0300,0.21,1
600638,新黄浦,2010-06-30,2,324.4880,0.58,-231.5830,0.99,3
600639,浦东金桥,2010-06-30,5,2333.7900,2.76,452.1250,2.23,3
600640,号百控股,2010-06-30,1,63.3842,0.16,-107.1628,0.42,2
600641,万业企业,2010-06-30,3,1198.1070,1.49,683.8460,0.64,4
600642,申能股份,2010-06-30,3,2432.1940,0.84,-2.4100,0.84,3
600643,爱建股份,2010-06-30,2,962.1410,1.17,-11.8410,1.19,2
600644,乐山电力,2010-06-30,2,222.1777,0.68,141.8300,0.25,1
600645,中源协和,2010-06-30,1,311.7620,0.96,311.7620,0.00,0
600649,城投控股,2010-06-30,5,12340.8910,5.37,1183.6910,4.85,5
600650,锦江投资,2010-06-30,2,685.1810,1.24,-641.9460,2.41,3
600651,飞乐音响,2010-06-30,3,2608.4330,4.24,2608.4330,0.00,0
600652,爱使股份,2010-06-30,3,581.8650,1.04,150.8690,0.77,3
600653,申华控股,2010-06-30,2,967.1570,0.55,-3.5480,0.56,2
600654,飞乐股份,2010-06-30,2,418.1520,0.55,152.7160,0.35,1
600655,豫园商城,2010-06-30,3,7492.1400,9.38,179.2100,9.16,2
600657,信达地产,2010-06-30,6,7937.9750,5.21,-622.0680,5.62,8
600658,电子城,2010-06-30,2,987.8480,1.70,-796.8330,3.08,5
600660,福耀玻璃,2010-06-30,5,13820.3000,6.90,-2124.8300,7.96,6
600662,强生控股,2010-06-30,2,314.9460,0.39,-1717.1150,2.50,3
600664,哈药股份,2010-06-30,4,14107.8600,11.36,555.2000,10.91,4
600665,天地源,2010-06-30,3,3522.1420,4.89,2256.2800,1.76,5
600666,西南药业,2010-06-30,3,1273.8850,6.59,-59.8900,6.90,5
600667,太极实业,2010-06-30,1,999.9810,2.13,884.6110,0.25,1
600673,东阳光铝,2010-06-30,4,4066.4100,4.91,2105.3140,2.37,5
600674,川投能源,2010-06-30,5,1954.9750,2.10,-464.6040,2.59,4
600675,中华企业,2010-06-30,4,6495.7070,4.59,2499.0170,3.67,6
600676,交运股份,2010-06-30,3,1745.3660,2.39,1271.0910,0.65,2
600677,航天通信,2010-06-30,3,666.4826,2.04,551.8186,0.35,1
600682,南京新百,2010-06-30,3,2420.2100,6.75,827.2260,4.45,2
600683,京投银泰,2010-06-30,5,4098.9020,5.53,4.2340,5.53,5
600684,珠江实业,2010-06-30,2,366.9560,1.96,-552.1810,4.91,4
600685,广船国际,2010-06-30,3,572.8721,1.16,387.5600,0.37,2
600686,金龙汽车,2010-06-30,4,3982.3100,9.00,-909.9710,11.05,4
600688,上海石化,2010-06-30,7,17778.4190,2.47,2541.0410,2.12,6
600690,青岛海尔,2010-06-30,7,11123.2300,8.31,-1387.2000,9.35,8
600692,亚通股份,2010-06-30,1,77.7663,0.22,-8.8000,0.25,1
600693,东百集团,2010-06-30,8,5820.9520,16.96,1372.9250,12.96,7
600694,大商股份,2010-06-30,6,3675.5740,12.51,261.5430,11.62,6
600697,欧亚集团,2010-06-30,9,3717.5900,23.37,-152.8060,24.33,9
600702,沱牌舍得,2010-06-30,2,1034.1690,3.07,1034.1690,0.00,0
600703,三安光电,2010-06-30,10,5814.8630,10.47,665.3750,9.27,7
600704,物产中大,2010-06-30,6,2557.3550,5.82,-186.5600,6.25,7
600707,*ST彩虹,2010-06-30,6,3654.8370,8.68,370.8920,7.80,7
600708,海博股份,2010-06-30,1,112.8340,0.22,-1.3420,0.25,1
600710,常林股份,2010-06-30,4,1509.1550,3.10,1315.2347,0.40,2
600712,南宁百货,2010-06-30,5,1764.7140,10.17,13.9700,10.08,5
600713,南京医药,2010-06-30,9,6448.7750,18.60,-28.4500,21.52,8
600717,天津港,2010-06-30,4,4563.9250,2.73,-2429.1770,4.18,4
600718,东软集团,2010-06-30,5,4131.7870,4.38,-1963.2000,6.45,7
600719,大连热电,2010-06-30,1,33.9920,0.17,33.9920,0.00,0
600720,祁连山,2010-06-30,4,2492.6690,5.25,-1492.5550,8.39,7
600721,百花村,2010-06-30,3,1023.4150,7.22,-268.3870,9.12,3
600722,金牛化工,2010-06-30,1,363.0460,0.86,363.0460,0.00,0
600723,首商股份,2010-06-30,8,5043.3660,12.31,1857.3150,7.78,6
600724,宁波富达,2010-06-30,2,1105.9870,0.77,569.9820,0.37,1
600725,云维股份,2010-06-30,3,395.3977,0.64,-841.9593,3.61,5
600726,华电能源,2010-06-30,1,242.3470,0.12,242.3470,0.00,0
600729,重庆百货,2010-06-30,7,3570.3060,17.50,-73.0920,17.86,7
600732,上海新梅,2010-06-30,1,231.5670,0.93,-400.0070,2.55,3
600735,新华锦,2010-06-30,2,712.3580,4.60,442.3580,1.74,1
600736,苏州高新,2010-06-30,5,10028.5040,11.38,98.2770,11.26,7
600737,中粮屯河,2010-06-30,3,3634.2310,3.61,-2888.0990,6.49,3
600738,兰州民百,2010-06-30,6,3843.0930,14.62,1113.5590,10.39,7
600739,辽宁成大,2010-06-30,7,13277.4440,14.69,850.2140,13.78,6
600741,华域汽车,2010-06-30,3,8728.9500,3.38,-4384.5220,5.08,6
600742,一汽富维,2010-06-30,5,2408.5100,11.39,-827.1800,15.30,7
600744,华银电力,2010-06-30,4,680.0000,0.96,301.7950,0.53,2
600747,大连控股,2010-06-30,1,198.0460,0.19,198.0460,0.00,0
600748,上实发展,2010-06-30,8,1733.2180,1.60,-1889.2360,3.34,7
600749,西藏旅游,2010-06-30,3,1048.5330,6.35,1048.5330,0.00,0
600750,江中药业,2010-06-30,8,5686.5740,19.22,202.5400,18.53,8
600893,航空动力,2010-06-30,8,3108.2850,5.71,883.0220,4.08,7
600894,广日股份,2010-06-30,5,2895.2500,3.80,-773.4250,4.81,5
600895,张江高科,2010-06-30,8,4084.0070,2.64,-2149.5000,4.03,9
600896,中海海盛,2010-06-30,1,146.8840,0.25,-111.6102,0.44,2
600897,厦门空港,2010-06-30,6,2027.2750,6.81,386.2270,5.51,5
600320,振华重工,2010-06-30,2,2190.1400,0.50,-781.4000,0.68,2
000001,平安银行,2010-06-30,4,15486.6900,4.44,-357.0700,5.10,4
000002,万科A,2010-06-30,2,26286.1000,2.39,-5136.0200,2.86,3
000005,世纪星源,2010-06-30,1,231.0170,0.25,-26.1800,0.28,1
000006,深振业A,2010-06-30,2,803.2500,1.06,-2668.2540,6.84,6
000009,中国宝安,2010-06-30,7,15595.1300,14.30,936.1700,13.44,8
000012,南玻A,2010-06-30,5,12768.4100,6.14,4497.7360,6.76,5
000014,沙河股份,2010-06-30,2,750.0000,3.72,-373.7710,5.57,4
000016,深康佳A,2010-06-30,3,3557.6500,2.95,-6940.0800,8.72,5
000019,深深宝A,2010-06-30,1,365.1400,2.01,365.1400,0.00,0
000021,长城开发,2010-06-30,7,9361.7900,7.10,5643.9470,4.23,6
000024,招商地产,2010-06-30,6,8777.5880,5.11,-1395.6590,5.92,8
000026,飞亚达A,2010-06-30,7,2069.6800,8.30,84.5740,7.96,6
000027,深圳能源,2010-06-30,6,3659.9580,1.66,344.9680,1.51,5
000028,国药一致,2010-06-30,8,4021.1550,13.96,-141.9780,14.45,8
000029,深深房A,2010-06-30,1,84.4880,0.08,-9.5700,0.09,1
000031,中粮地产,2010-06-30,6,8976.3620,4.95,3809.1160,2.85,7
000032,深桑达A,2010-06-30,5,2262.2700,9.71,1926.2640,1.44,1
000039,中集集团,2010-06-30,4,8373.0400,3.14,1278.3800,2.66,3
000042,深长城,2010-06-30,2,265.6020,1.11,-297.6365,2.35,4
000043,中航地产,2010-06-30,3,424.3320,1.91,-658.3500,4.87,5
000045,深纺织A,2010-06-30,2,358.9740,1.46,358.9740,0.00,0
000046,泛海建设,2010-06-30,6,6196.0780,2.72,-1789.0670,3.50,8
000049,德赛电池,2010-06-30,5,1290.3630,9.43,1290.3630,0.00,0
000050,深天马A,2010-06-30,6,1953.1450,3.40,1852.1900,0.18,1
000055,方大集团,2010-06-30,4,1364.7440,2.70,1033.8130,0.78,1
000059,辽通化工,2010-06-30,7,7191.9480,5.99,296.4890,5.74,7
000060,中金岭南,2010-06-30,7,14459.6700,9.11,4896.1130,9.34,7
000061,农产品,2010-06-30,6,6122.4240,7.97,455.6160,7.37,6
000063,中兴通讯,2010-06-30,6,17122.1500,5.97,5804.6500,5.92,6
000065,北方国际,2010-06-30,1,88.8397,0.55,88.8397,0.00,0
000066,长城电脑,2010-06-30,4,4315.2800,3.92,3138.4690,2.14,3
000069,华侨城A,2010-06-30,5,14451.5900,4.65,-5708.4500,6.49,8
000070,特发信息,2010-06-30,1,47.2733,0.19,47.2733,0.00,0
000078,海王生物,2010-06-30,3,307.4226,0.47,53.5106,0.39,2
000088,盐田港,2010-06-30,1,118.5100,0.10,-917.8652,0.83,5
000089,深圳机场,2010-06-30,7,4777.9770,2.83,-1609.2450,3.78,7
000090,深天健,2010-06-30,5,7027.2540,15.39,-58.3160,15.52,5
000096,广聚能源,2010-06-30,3,363.2952,0.69,-126.7048,0.93,3
000099,中信海直,2010-06-30,2,170.6627,0.33,-490.0454,1.29,3
000151,中成股份,2010-06-30,2,545.7230,1.84,-109.2770,2.21,1
000153,丰原药业,2010-06-30,1,800.0000,3.08,0.0000,3.08,1
000155,川化股份,2010-06-30,2,111.0383,0.24,-46.9970,0.34,2
000157,中联重科,2010-06-30,3,6120.5300,3.11,-1935.9500,4.09,4
000158,常山股份,2010-06-30,2,1146.8200,1.60,466.0560,0.95,3
000159,国际实业,2010-06-30,1,53.1858,0.22,53.1858,0.00,0
000301,东方市场,2010-06-30,6,6940.8710,5.70,28.9630,5.67,6
000400,许继电气,2010-06-30,10,7026.9540,18.58,550.1630,17.12,10
000401,冀东水泥,2010-06-30,5,6438.4300,5.31,661.7600,4.76,5
000402,金融街,2010-06-30,7,22095.5700,8.91,-3005.2500,10.12,8
000404,华意压缩,2010-06-30,5,2237.5620,6.89,435.6130,5.55,6
000407,胜利股份,2010-06-30,3,773.1760,1.55,-1309.7240,4.17,5
000410,沈阳机床,2010-06-30,4,1443.3150,2.65,1243.3200,0.37,1
000411,英特集团,2010-06-30,1,404.4850,1.95,404.4850,0.00,0
000413,宝石A,2010-06-30,4,1564.5570,4.09,1564.5570,0.00,0
000415,渤海租赁,2010-06-30,3,929.8610,3.10,305.5620,2.08,3
000416,民生投资,2010-06-30,1,1100.0600,2.07,1100.0600,0.00,0
000417,合肥百货,2010-06-30,8,7696.1960,16.04,139.9560,15.75,8
000418,小天鹅A,2010-06-30,4,4040.7780,7.38,800.2200,5.92,4
000419,通程控股,2010-06-30,3,1673.9010,4.77,356.8010,3.75,2
000420,吉林化纤,2010-06-30,3,1109.6090,2.93,1109.6090,0.00,0
000422,湖北宜化,2010-06-30,5,4482.0630,8.26,-3775.5460,15.22,8
000423,东阿阿胶,2010-06-30,8,9724.1910,14.87,789.0810,13.66,8
000425,徐工机械,2010-06-30,10,6413.2810,7.39,-855.8860,8.38,10
000426,兴业矿业,2010-06-30,2,426.7620,1.12,56.0000,0.97,2
000428,华天酒店,2010-06-30,1,713.4280,1.29,363.5530,0.63,1
600754,锦江股份,2010-06-30,3,686.4460,1.14,73.1990,1.02,2
600755,厦门国贸,2010-06-30,5,907.2020,1.42,-1597.6790,3.91,5
600759,正和股份,2010-06-30,1,88.9316,0.09,-10.0502,0.11,1
600760,*ST黑豹,2010-06-30,3,974.8120,3.57,781.8040,0.71,2
600761,安徽合力,2010-06-30,6,3882.5280,10.88,1353.3070,7.09,5
600763,通策医疗,2010-06-30,3,605.6770,3.78,500.2720,0.66,1
600765,中航重机,2010-06-30,8,9006.4770,11.58,5017.6480,7.69,6
600769,*ST祥龙,2010-06-30,1,253.2190,0.68,-746.7730,2.67,3
600770,综艺股份,2010-06-30,6,2861.0400,6.44,1426.0450,3.23,4
600776,东方通信,2010-06-30,1,120.7740,0.10,-13.6600,0.11,1
600778,友好集团,2010-06-30,7,4120.6490,13.23,1270.3910,9.15,5
600779,水井坊,2010-06-30,8,6230.7930,12.75,1245.0530,10.21,6
600780,通宝能源,2010-06-30,2,800.0440,0.92,319.3440,0.55,1
600782,新钢股份,2010-06-30,6,4373.8720,3.14,-303.6080,3.36,3
600783,鲁信创投,2010-06-30,2,193.9711,0.52,193.9711,0.00,0
600785,新华百货,2010-06-30,5,3239.1100,15.62,270.1190,17.18,6
600787,中储股份,2010-06-30,6,2857.3080,3.40,-8.2310,3.41,6
600789,鲁抗医药,2010-06-30,5,2457.1870,4.23,2334.5080,0.21,1
600790,轻纺城,2010-06-30,1,399.9950,0.65,-1400.0050,2.91,2
600795,国电电力,2010-06-30,8,84476.2700,6.82,41622.0500,7.87,8
600797,浙大网新,2010-06-30,6,2213.0330,2.72,-879.6860,3.80,5
600798,宁波海运,2010-06-30,2,241.2210,0.28,-100.8826,0.39,3
600801,华新水泥,2010-06-30,1,314.7460,0.78,0.0000,0.78,1
600802,福建水泥,2010-06-30,2,476.4970,1.25,382.5291,0.25,1
600803,威远生化,2010-06-30,1,511.7130,2.16,0.0000,2.16,1
600804,鹏博士,2010-06-30,1,2507.2600,1.87,-5551.9980,6.02,7
600805,悦达投资,2010-06-30,7,7909.3600,14.50,2145.0960,10.57,6
600806,昆明机床,2010-06-30,2,697.3530,1.64,-1477.2870,5.12,5
600808,马钢股份,2010-06-30,7,16029.9850,2.08,-2978.7050,2.47,5
600809,山西汾酒,2010-06-30,6,2805.4250,6.48,279.4710,5.83,6
600810,神马股份,2010-06-30,4,1288.9320,2.91,-1249.2150,5.74,3
600811,东方集团,2010-06-30,2,1390.3200,0.83,-186.1190,0.95,3
600812,华北制药,2010-06-30,5,6419.4310,6.24,461.4460,5.79,6
600814,杭州解百,2010-06-30,3,2283.6210,7.36,576.8140,5.50,3
600815,厦工股份,2010-06-30,1,199.9940,0.29,-1772.0180,2.82,3
600816,安信信托,2010-06-30,4,2303.2170,5.07,-1029.5960,7.34,5
600820,隧道股份,2010-06-30,6,2330.5970,3.18,-623.6360,4.03,4
600822,上海物贸,2010-06-30,1,556.8840,1.12,556.8840,0.00,0
600823,世茂股份,2010-06-30,1,412.5580,0.35,-120.9400,0.46,1
600824,益民集团,2010-06-30,6,5643.7680,7.71,-2168.4130,10.67,5
600825,新华传媒,2010-06-30,6,5044.8930,5.79,2350.2870,3.09,5
600826,兰生股份,2010-06-30,2,647.4170,2.31,118.7500,1.89,2
600827,友谊股份,2010-06-30,4,4590.4820,9.72,71.6620,9.57,3
600828,成商集团,2010-06-30,5,3852.3790,10.54,1533.8320,11.41,6
600829,三精制药,2010-06-30,5,2037.7690,5.27,691.5460,3.48,5
600830,香溢融通,2010-06-30,6,3843.6290,8.46,3531.1290,0.69,1
600831,广电网络,2010-06-30,7,4329.8090,7.68,371.8970,9.13,7
600832,东方明珠,2010-06-30,2,2506.8610,0.79,-3974.2200,2.03,3
600833,第一医药,2010-06-30,2,515.0640,3.23,6.3490,3.19,2
600834,申通地铁,2010-06-30,5,2018.8200,4.23,2018.8200,0.00,0
600835,上海机电,2010-06-30,5,6331.8920,6.19,584.4190,5.62,5
600836,界龙实业,2010-06-30,2,138.9282,0.44,50.7457,0.28,1
600837,海通证券,2010-06-30,2,9513.5400,1.16,-7009.9200,2.01,3
600838,上海九百,2010-06-30,4,3738.8250,9.33,2214.5180,3.80,3
600839,四川长虹,2010-06-30,4,18301.5400,6.43,5319.9740,6.84,4
600844,丹化科技,2010-06-30,3,2817.2590,3.62,1501.2260,1.69,3
600845,宝信软件,2010-06-30,3,407.4250,1.55,15.6480,1.49,2
600846,同济科技,2010-06-30,1,149.0680,0.29,149.0680,0.00,0
600848,自仪股份,2010-06-30,1,404.4740,1.01,404.4740,0.00,0
601607,上海医药,2010-06-30,8,14808.0600,7.43,3140.6250,5.86,8
600850,华东电脑,2010-06-30,6,1949.3440,11.40,803.8420,6.70,3
600851,海欣股份,2010-06-30,1,230.6030,0.19,-61.6300,0.24,1
600854,春兰股份,2010-06-30,3,705.8890,1.36,0.0070,1.36,3
600855,航天长峰,2010-06-30,2,283.6152,0.97,-8.6609,1.00,2
600856,长百集团,2010-06-30,1,355.3700,1.51,75.3700,1.19,1
600857,工大首创,2010-06-30,1,308.3150,1.37,308.3150,0.00,0
600858,银座股份,2010-06-30,8,4065.4590,14.07,1064.4070,10.39,6
600859,王府井,2010-06-30,5,2814.4180,7.16,-919.6340,9.50,6
600860,北人股份,2010-06-30,2,1117.2720,2.65,432.6860,1.62,4
600861,北京城乡,2010-06-30,3,2545.6830,8.04,-4.7500,8.05,3
600862,南通科技,2010-06-30,1,89.9940,0.28,0.0000,0.38,1
600863,内蒙华电,2010-06-30,6,6874.5830,3.47,374.1440,3.28,8
600864,哈投股份,2010-06-30,1,1409.5100,2.58,-663.6100,3.79,1
600865,百大集团,2010-06-30,2,1171.8960,3.11,-193.7350,3.63,2
600866,星湖科技,2010-06-30,7,7523.6730,14.44,-174.0980,14.77,8
600867,通化东宝,2010-06-30,6,3287.4600,5.72,2286.9300,2.09,1
600869,远东电缆,2010-06-30,5,1006.6290,8.39,-116.7260,9.36,4
600870,厦华电子,2010-06-30,2,1124.0340,3.03,1124.0340,0.00,0
600871,仪征化纤,2010-06-30,2,3129.9010,0.78,1750.5020,0.34,3
600872,中炬高新,2010-06-30,1,1122.1900,1.55,-3822.7510,6.83,4
600873,梅花集团,2010-06-30,2,800.4790,7.40,559.4463,2.23,2
600874,创业环保,2010-06-30,2,223.4900,0.16,-1842.5870,1.45,5
600875,东方电气,2010-06-30,6,3541.2290,3.53,403.4820,3.13,6
600877,中国嘉陵,2010-06-30,3,920.6660,1.34,-1196.6130,3.08,5
600879,航天电子,2010-06-30,7,5874.2850,7.24,1147.2420,5.83,5
600880,博瑞传播,2010-06-30,6,7043.9200,11.44,1348.2820,15.18,8
600881,亚泰集团,2010-06-30,3,3166.1980,1.67,-3101.9820,3.31,4
600883,博闻科技,2010-06-30,1,767.1330,3.25,24.4000,3.15,1
600884,杉杉股份,2010-06-30,5,2860.8050,6.96,-165.0100,7.36,6
600886,国投电力,2010-06-30,4,6088.8150,3.05,144.0140,2.98,3
600887,伊利股份,2010-06-30,8,13092.3900,16.38,4230.0100,11.09,6
600888,新疆众和,2010-06-30,3,1414.5030,4.02,-85.4970,4.26,1
600889,南京化纤,2010-06-30,1,295.3680,0.96,252.0680,0.17,1
000488,晨鸣纸业,2010-06-30,3,6469.1500,3.14,-2443.4000,4.32,4
000501,鄂武商A,2010-06-30,4,4528.0570,8.93,-344.4140,9.61,4
000503,海虹控股,2010-06-30,3,1984.7280,2.65,36.2350,2.60,3
000507,珠海港,2010-06-30,3,1633.5240,4.73,147.6110,4.31,3
000510,金路集团,2010-06-30,1,192.3980,0.32,192.3980,0.00,0
000511,银基发展,2010-06-30,5,3679.3640,3.19,281.7600,2.94,4
000513,丽珠集团,2010-06-30,4,2158.4400,7.30,42.8700,7.15,4
000514,渝开发,2010-06-30,3,601.2840,0.86,-1733.0440,3.68,8
000516,开元投资,2010-06-30,3,3644.6550,5.11,1493.1600,5.73,5
000519,江南红箭,2010-06-30,4,1573.4980,8.23,234.4540,7.01,5
000520,*ST凤凰,2010-06-30,1,170.4770,0.25,-924.2510,3.11,3
000521,美菱电器,2010-06-30,2,398.7460,0.96,-1146.4950,3.74,3
000524,东方宾馆,2010-06-30,1,334.9920,1.24,-228.5790,2.09,1
000525,红太阳,2010-06-30,2,1505.1450,5.37,-621.2480,7.59,4
000528,柳工,2010-06-30,8,6749.8030,10.38,-1972.6250,13.42,9
000530,大冷股份,2010-06-30,3,882.2860,2.52,260.2450,1.78,2
000531,穗恒运A,2010-06-30,2,710.8000,2.67,248.5660,1.73,3
000532,力合股份,2010-06-30,2,152.7237,0.44,-807.0400,5.56,3
000533,万家乐,2010-06-30,3,1420.4780,2.06,-805.2330,3.22,4
000534,万泽股份,2010-06-30,1,349.9810,1.37,349.9810,0.00,0
000536,华映科技,2010-06-30,4,2359.4230,3.37,879.3547,2.11,6
000537,广宇发展,2010-06-30,4,3585.5470,6.99,402.8320,6.21,4
000538,云南白药,2010-06-30,7,5023.9370,9.41,590.6340,8.30,7
000539,粤电力A,2010-06-30,3,4103.5100,1.47,-821.3300,1.85,3
000540,中天城投,2010-06-30,6,4045.4740,4.43,518.3580,6.18,5
000541,佛山照明,2010-06-30,6,8096.1770,8.27,3006.3320,5.20,6
000543,皖能电力,2010-06-30,1,948.9750,1.23,-120.4570,1.38,2
000545,金浦钛业,2010-06-30,3,438.1917,2.77,438.1917,0.00,0
000546,光华控股,2010-06-30,5,1421.6300,8.39,1421.6300,0.00,0
000547,闽福发A,2010-06-30,6,3278.0670,13.39,1530.4640,7.14,2
000548,湖南投资,2010-06-30,2,340.3580,0.68,-45.3460,0.77,2
000550,江铃汽车,2010-06-30,3,2986.5850,3.46,-222.2280,3.72,4
000551,创元科技,2010-06-30,5,1966.7940,8.14,1219.4720,3.09,4
000554,泰山石油,2010-06-30,2,479.4060,1.00,279.4070,0.42,1
000559,万向钱潮,2010-06-30,7,12086.9270,9.86,8397.9930,3.60,4
000560,昆百大A,2010-06-30,2,698.7887,5.20,-798.4716,11.14,5
000562,宏源证券,2010-06-30,5,3135.1080,2.15,435.5500,1.85,4
000564,西安民生,2010-06-30,6,1881.3480,6.18,20.6360,6.11,5
000565,渝三峡A,2010-06-30,1,809.8050,4.67,0.0000,4.67,1
000566,海南海药,2010-06-30,6,3094.5840,14.64,749.4430,11.10,6
000568,泸州老窖,2010-06-30,9,11901.3710,8.54,-245.8110,8.71,9
000571,新大洲A,2010-06-30,2,407.6400,0.55,-1.5400,0.56,2
000572,海马汽车,2010-06-30,2,289.5920,0.28,105.7200,0.18,1
000573,粤宏远A,2010-06-30,2,344.8850,0.55,-1.3100,0.56,2
000581,威孚高科,2010-06-30,7,6013.9340,10.60,300.7160,10.07,7
000582,北海港,2010-06-30,3,530.1960,3.73,-60.0550,4.15,3
000584,友利控股,2010-06-30,2,691.3130,1.69,-2814.8030,8.57,5
000589,黔轮胎A,2010-06-30,3,227.9326,0.90,-644.6861,3.43,3
000591,桐君阁,2010-06-30,2,350.9000,1.79,-114.3931,2.37,5
000592,中福实业,2010-06-30,1,399.9950,0.69,300.0043,0.17,1
000594,*ST国恒,2010-06-30,3,460.4060,0.37,183.6040,0.22,2
000596,古井贡酒,2010-06-30,4,1283.1190,5.46,346.6810,3.98,3
000597,东北制药,2010-06-30,3,643.6720,1.93,154.6820,1.46,2
000598,兴蓉投资,2010-06-30,6,3308.4600,7.16,1337.5950,4.27,4
000599,青岛双星,2010-06-30,2,265.6821,0.51,-527.6999,1.51,2
000600,建投能源,2010-06-30,1,86.5715,0.09,-9.4000,0.11,1
000601,韶能股份,2010-06-30,4,2854.9140,3.08,193.7530,2.88,3
000607,华智控股,2010-06-30,3,1910.5810,3.92,390.8900,3.12,2
000608,阳光股份,2010-06-30,4,2194.1710,2.93,613.4760,2.95,3
000610,西安旅游,2010-06-30,1,554.8330,2.82,554.8330,0.00,0
000612,焦作万方,2010-06-30,6,3106.6050,6.47,-1397.1400,9.38,7
000616,亿城股份,2010-06-30,6,4816.8390,4.85,1680.0070,3.47,5
000617,*ST济柴,2010-06-30,4,919.9001,3.20,62.4258,2.98,3
000619,海螺型材,2010-06-30,4,585.2750,1.63,42.6742,1.51,3
000623,吉林敖东,2010-06-30,6,2892.8220,5.05,-1133.9340,7.02,7
000625,长安汽车,2010-06-30,2,2123.7260,0.91,-3513.1240,2.42,4
000626,如意集团,2010-06-30,1,88.6783,0.44,88.6783,0.00,0
000627,天茂集团,2010-06-30,2,481.9980,0.36,335.7930,0.22,1
000630,铜陵有色,2010-06-30,9,6346.2630,4.90,-850.8930,5.56,10
000631,顺发恒业,2010-06-30,3,445.5903,0.43,-41.4547,0.47,3
000635,英力特,2010-06-30,3,906.2450,5.12,-715.8230,9.16,5
000636,风华高科,2010-06-30,1,1830.0000,2.73,1830.0000,0.00,0
000639,西王食品,2010-06-30,6,1200.7250,16.48,591.0088,8.37,3
000650,仁和药业,2010-06-30,9,6324.6430,15.05,2778.1940,12.66,8
000651,格力电器,2010-06-30,3,7109.6800,3.78,-6152.7100,7.06,5
000652,泰达股份,2010-06-30,7,8074.1150,5.47,3156.1710,3.33,5
000655,金岭矿业,2010-06-30,3,1312.6260,2.20,-1980.4340,5.53,8
000656,金科股份,2010-06-30,6,1901.8650,7.61,-486.2460,9.55,5
000659,珠海中富,2010-06-30,2,514.0030,0.75,320.3830,0.28,1
000661,长春高新,2010-06-30,5,937.6750,7.14,417.0920,3.96,3
000663,永安林业,2010-06-30,4,1141.1769,5.63,704.5530,2.15,3
000665,湖北广电,2010-06-30,5,1629.8046,9.18,531.5436,6.19,5
000667,名流置业,2010-06-30,5,11383.2800,4.45,5523.7810,4.35,5
000671,阳光城,2010-06-30,2,158.9183,0.47,158.9183,0.00,0
000677,恒天海龙,2010-06-30,1,163.7250,0.19,-2343.8360,2.90,4
000678,襄阳轴承,2010-06-30,5,2947.0940,9.79,2825.0510,0.41,1
000679,大连友谊,2010-06-30,2,473.9660,1.99,-636.9460,4.68,4
000680,山推股份,2010-06-30,8,8157.1520,10.74,-471.6120,11.37,9
000682,东方电子,2010-06-30,3,1026.1770,1.05,482.4060,0.56,2
000683,远兴能源,2010-06-30,5,4945.0600,6.44,3201.5300,3.41,3
000685,中山公用,2010-06-30,4,921.4970,1.54,-2355.7940,5.47,4
000686,东北证券,2010-06-30,6,1266.0805,1.98,131.0160,1.78,6
000687,恒天天鹅,2010-06-30,1,121.5880,0.19,-92.4140,0.33,2
000690,宝新能源,2010-06-30,5,5546.9530,3.21,866.5800,2.71,4
001696,宗申动力,2010-06-30,7,14155.0600,13.86,5807.7340,13.90,7
000698,沈阳化工,2010-06-30,5,2349.4400,3.55,538.8220,2.74,3
000701,厦门信达,2010-06-30,1,158.2590,0.66,101.6872,0.24,1
000707,双环科技,2010-06-30,2,399.9890,0.86,-2848.3410,7.00,5
000708,大冶特钢,2010-06-30,5,3762.3040,8.37,-302.4290,9.04,6
000709,河北钢铁,2010-06-30,6,21115.5000,3.07,-9.0500,3.07,6
000712,锦龙股份,2010-06-30,6,2388.8900,7.84,632.4530,5.77,4
000713,丰乐种业,2010-06-30,6,1532.8122,5.68,270.7049,5.61,6
000715,中兴商业,2010-06-30,7,3695.8610,13.25,329.6050,12.07,7
000716,南方食品,2010-06-30,6,1693.8260,9.50,1247.0700,2.51,1
000717,*ST韶钢,2010-06-30,7,6241.2460,3.74,-6164.9520,7.43,8
000718,苏宁环球,2010-06-30,4,5039.3800,2.96,-2712.9200,4.55,6
000720,新能泰山,2010-06-30,2,497.4390,0.58,-1369.6910,2.16,3
000721,西安饮食,2010-06-30,1,407.1900,2.04,-53.1266,2.31,2
000726,鲁泰A,2010-06-30,3,2064.4420,2.08,-1471.0730,3.55,5
000727,华东科技,2010-06-30,3,2223.8540,6.19,1451.6030,2.15,2
000728,国元证券,2010-06-30,5,3996.5410,2.03,-2543.0110,3.33,7
000729,燕京啤酒,2010-06-30,8,14817.4600,12.24,778.3740,11.60,8
000731,四川美丰,2010-06-30,1,126.2910,0.25,-14.3100,0.28,1
000733,振华科技,2010-06-30,1,79.1744,0.22,-8.9700,0.25,1
000735,罗牛山,2010-06-30,1,277.9770,0.32,277.9770,0.00,0
000737,南风化工,2010-06-30,1,138.6560,0.25,-15.7100,0.28,1
000753,漳州发展,2010-06-30,1,400.0000,1.26,400.0000,0.00,0
000755,山西三维,2010-06-30,3,1652.6600,3.52,230.3050,3.03,4
000756,新华制药,2010-06-30,1,449.9900,0.98,-243.1340,1.52,3
000758,中色股份,2010-06-30,8,3722.6530,5.83,-994.9990,7.38,7
000759,中百集团,2010-06-30,6,8773.0700,12.88,-341.2500,13.38,6
000762,西藏矿业,2010-06-30,5,2428.8620,8.81,502.0450,6.99,3
000766,通化金马,2010-06-30,1,229.9950,0.51,-168.9210,0.89,2
000767,漳泽电力,2010-06-30,1,126.0100,0.10,126.0100,0.00,0
000768,中航飞机,2010-06-30,7,7516.5300,3.03,1609.8280,2.38,6
000776,广发证券,2010-06-30,6,1132.4555,0.45,-641.0015,0.71,7
000777,中核科技,2010-06-30,2,347.9712,1.73,305.4340,0.21,1
000778,新兴铸管,2010-06-30,6,10335.6900,5.39,1584.1830,5.94,7
000780,平庄能源,2010-06-30,4,823.0720,0.81,-479.0950,1.28,7
000783,长江证券,2010-06-30,2,3629.5400,1.67,1543.7500,0.96,1
000786,北新建材,2010-06-30,8,7324.2400,12.73,-1351.0780,15.08,8
000788,北大医药,2010-06-30,7,4522.3880,10.86,1962.9810,9.84,5
000790,华神集团,2010-06-30,2,1097.3470,4.07,317.6460,2.89,3
000791,甘肃电投,2010-06-30,1,610.7880,3.23,410.8090,1.06,1
000792,盐湖股份,2010-06-30,8,7727.7540,10.07,911.0470,8.88,7
000793,华闻传媒,2010-06-30,3,2984.8210,2.19,-66.5950,3.98,3
000796,易食股份,2010-06-30,1,939.9890,3.81,-279.9960,4.95,2
000797,中国武夷,2010-06-30,1,97.0000,0.25,-9.9850,0.27,1
000799,酒鬼酒,2010-06-30,6,1666.0580,5.50,327.4290,4.42,4
000800,一汽轿车,2010-06-30,7,13749.6700,8.45,984.2500,7.84,6
000801,四川九洲,2010-06-30,3,1048.2270,5.52,-143.9470,9.03,4
000807,云铝股份,2010-06-30,7,3650.0020,3.08,-953.4730,3.89,9
000811,烟台冰轮,2010-06-30,7,4246.8120,16.14,1998.8850,12.82,7
000812,陕西金叶,2010-06-30,1,1255.9100,3.37,-970.0000,5.97,2
000816,江淮动力,2010-06-30,4,1098.1050,1.30,618.8970,0.57,3
000819,岳阳兴长,2010-06-30,2,260.5392,1.34,0.0000,1.34,2
000822,山东海化,2010-06-30,4,5031.5220,5.62,-1184.9980,6.95,6
000823,超声电子,2010-06-30,7,6100.0210,13.85,2172.5970,8.92,6
000825,太钢不锈,2010-06-30,9,19922.6000,3.50,-419.0800,3.57,8
000826,桑德环境,2010-06-30,7,3664.6150,8.87,548.0570,7.54,7
000828,东莞控股,2010-06-30,2,308.0060,0.30,81.3220,0.22,1
000829,天音控股,2010-06-30,5,4896.8020,5.17,-1199.3800,6.44,5
000830,鲁西化工,2010-06-30,2,1000.2470,0.96,-324.5970,1.27,3
000831,五矿稀土,2010-06-30,1,165.0920,0.25,-125.4900,0.44,2
000836,鑫茂科技,2010-06-30,1,129.9970,0.44,129.9970,0.00,0
000837,秦川发展,2010-06-30,9,5706.5340,16.36,479.1950,14.99,9
000839,中信国安,2010-06-30,6,5497.0660,3.51,-1532.8550,4.48,8
000848,承德露露,2010-06-30,9,3807.9300,20.03,471.4660,17.55,8
000852,江钻股份,2010-06-30,2,88.6955,0.22,-51.0179,0.35,3
000858,五粮液,2010-06-30,6,12008.0700,3.16,-2505.4700,3.82,8
000859,国风塑业,2010-06-30,1,92.9647,0.22,-130.5303,0.53,2
000860,顺鑫农业,2010-06-30,5,3157.1270,7.20,1992.4400,2.66,2
000861,海印股份,2010-06-30,5,1055.2790,2.14,-375.8116,2.91,8
000862,银星能源,2010-06-30,3,671.4370,2.85,-156.6530,3.51,4
000869,张裕A,2010-06-30,2,753.8780,1.43,11.9150,1.41,2
000875,吉电股份,2010-06-30,3,1175.4580,1.40,0.0000,1.40,3
000876,新希望,2010-06-30,3,1513.3500,2.00,-1585.3920,4.10,6
000877,天山股份,2010-06-30,5,2927.9800,7.53,817.9340,6.76,5
000878,云南铜业,2010-06-30,9,5361.8080,4.27,-876.4320,4.96,9
000880,潍柴重机,2010-06-30,5,2188.6450,7.93,1194.7560,3.60,2
000881,大连国际,2010-06-30,2,1745.5350,5.65,1636.9170,0.35,1
000886,海南高速,2010-06-30,3,971.2620,0.98,693.1010,0.28,1
000887,中鼎股份,2010-06-30,7,4046.2600,9.51,411.9320,8.54,7
000888,峨眉山A,2010-06-30,7,4763.0530,20.25,897.6470,16.44,6
000893,东凌粮油,2010-06-30,6,2032.2440,9.15,106.8360,8.67,7
000895,双汇发展,2010-06-30,8,7745.5980,12.78,0.0000,12.78,8
000897,津滨发展,2010-06-30,6,5992.2890,3.71,392.1840,3.46,5
000898,*ST鞍钢,2010-06-30,8,13704.7700,1.89,-1781.7700,2.14,8
000899,赣能股份,2010-06-30,2,179.0694,0.28,82.7166,0.18,1
000900,现代投资,2010-06-30,7,2141.1440,5.36,690.1650,3.64,6
000901,航天科技,2010-06-30,5,2147.2660,8.58,1967.2780,0.81,1
000903,云内动力,2010-06-30,6,2046.2650,5.41,835.8820,3.20,3
000905,厦门港务,2010-06-30,1,67.0823,0.13,-553.7700,1.17,5
000906,物产中拓,2010-06-30,1,121.7570,0.37,-29.9201,0.64,2
000910,大亚科技,2010-06-30,3,1857.1460,3.52,-2224.2630,7.74,7
000911,南宁糖业,2010-06-30,5,1388.4448,4.84,-120.8229,5.27,5
000912,泸天化,2010-06-30,6,2549.7444,4.36,69.8754,4.24,6
000913,钱江摩托,2010-06-30,3,685.4950,1.51,346.5380,0.75,1
000915,山大华特,2010-06-30,5,1917.4000,10.64,1745.0730,0.96,1
000916,华北高速,2010-06-30,3,371.0800,0.34,-113.9320,0.44,2
000917,电广传媒,2010-06-30,7,4214.7250,10.37,8.3940,10.35,7
000918,嘉凯城,2010-06-30,5,2488.8100,1.38,578.6942,1.32,8
000919,金陵药业,2010-06-30,6,3835.5010,7.61,1277.1150,5.08,6
000920,南方汇通,2010-06-30,2,376.2760,0.89,376.2760,0.00,0
000921,海信科龙,2010-06-30,2,410.6670,0.30,410.6670,0.00,0
000926,福星股份,2010-06-30,10,10262.0180,14.45,-671.8250,15.40,10
000927,一汽夏利,2010-06-30,6,8283.1180,5.19,-2627.8170,6.84,7
000928,中钢吉炭,2010-06-30,1,242.4980,0.86,242.4980,0.00,0
000930,中粮生化,2010-06-30,7,8983.5060,9.32,1430.6240,7.83,8
000931,中关村,2010-06-30,1,149.1960,0.22,-20.8800,0.25,1
000932,华菱钢铁,2010-06-30,6,18553.2700,6.78,1022.5000,6.40,6
000933,神火股份,2010-06-30,5,6999.7100,6.67,1463.8630,7.38,5
000937,冀中能源,2010-06-30,8,4770.5530,4.13,-316.4470,4.40,8
000938,紫光股份,2010-06-30,1,45.5591,0.22,-5.1600,0.25,1
000939,凯迪电力,2010-06-30,4,2459.0580,4.17,1201.5760,2.13,2
000948,南天信息,2010-06-30,3,1161.5750,5.52,-668.9840,8.69,7
000949,新乡化纤,2010-06-30,2,285.8770,0.45,-338.3200,1.06,2
000950,建峰化工,2010-06-30,2,100.8557,0.17,9.2865,0.23,3
000951,中国重汽,2010-06-30,8,2877.5090,6.86,-1753.5610,11.04,9
000952,广济药业,2010-06-30,2,901.1300,3.58,-1945.1320,11.31,7
000959,首钢股份,2010-06-30,7,7192.5620,2.42,-12398.7740,6.60,9
000960,锡业股份,2010-06-30,8,6419.4600,8.01,424.8150,7.48,7
000961,中南建设,2010-06-30,7,6265.5510,5.37,1992.7160,5.49,7
000962,东方钽业,2010-06-30,4,800.0110,2.24,322.1555,1.34,2
000963,华东医药,2010-06-30,8,6014.7080,13.86,-503.2430,15.02,7
000965,天保基建,2010-06-30,3,1574.2640,3.41,-732.9850,5.00,4
000966,长源电力,2010-06-30,1,282.0000,0.51,-147.6760,0.78,2
000967,上风高科,2010-06-30,2,1664.9120,8.11,887.3040,3.79,3
000968,煤气化,2010-06-30,6,2397.1020,4.67,19.7730,4.63,6
000969,安泰科技,2010-06-30,8,5540.3150,6.48,2875.2500,6.04,7
000970,中科三环,2010-06-30,3,1173.3520,2.31,773.3520,0.79,1
000972,新中基,2010-06-30,3,4355.2200,9.03,2773.0100,3.78,1
000973,佛塑科技,2010-06-30,6,7062.5290,11.53,1572.7520,8.96,5
000977,浪潮信息,2010-06-30,1,101.8020,0.47,43.4020,0.27,1
000978,桂林旅游,2010-06-30,5,1578.1040,4.38,877.4710,2.53,3
000982,中银绒业,2010-06-30,2,283.2281,1.71,283.2281,0.00,0
000983,西山煤电,2010-06-30,7,15882.2000,5.04,5711.2500,4.20,6
000985,大庆华科,2010-06-30,1,317.9630,2.45,0.0000,2.45,1
000987,广州友谊,2010-06-30,9,4798.2850,13.37,-334.6900,14.30,8
000988,华工科技,2010-06-30,8,4294.6980,10.54,2452.8870,4.52,4
000989,九芝堂,2010-06-30,4,1773.4520,5.96,275.4450,5.03,4
000990,诚志股份,2010-06-30,4,2435.9700,8.20,-1640.1910,13.72,7
000996,中国中期,2010-06-30,4,877.1080,3.81,278.7424,2.60,3
000997,新大陆,2010-06-30,5,2188.9480,4.29,-398.3210,5.72,5
000998,隆平高科,2010-06-30,7,2432.1690,8.77,1518.0884,3.30,2
000999,华润三九,2010-06-30,9,8600.2670,8.79,2799.5750,5.93,8
600537,亿晶光电,2010-06-30,7,3328.2350,14.47,616.3770,11.79,6
600408,安泰集团,2010-06-30,3,475.4560,0.47,-441.9400,0.91,4
600576,万好万家,2010-06-30,7,1899.0910,8.71,1067.8910,3.81,3
600573,惠泉啤酒,2010-06-30,7,3661.7990,14.65,1729.1560,7.73,5
600521,华海药业,2010-06-30,7,7722.2090,17.20,2454.6930,17.60,6
600460,士兰微,2010-06-30,4,1845.5480,4.57,-364.4160,5.47,3
600039,四川路桥,2010-06-30,1,67.2099,0.22,-7.6100,0.25,1
600575,芜湖港,2010-06-30,4,2175.3190,6.11,511.5200,4.68,4
600375,华菱星马,2010-06-30,2,684.2300,3.65,-215.7310,4.80,3
600502,安徽水利,2010-06-30,2,606.4820,2.72,-1490.6160,9.40,5
600481,双良节能,2010-06-30,4,2960.5490,3.65,88.3710,4.25,4
600004,白云机场,2010-06-30,3,1807.5590,1.57,-749.9770,2.22,3
600459,贵研铂业,2010-06-30,3,581.1360,5.20,537.1780,0.39,1
600570,恒生电子,2010-06-30,5,11682.2000,18.73,3547.6900,18.26,5
600392,盛和资源,2010-06-30,1,154.3050,0.99,-900.2700,6.73,4
600584,长电科技,2010-06-30,4,882.6900,1.18,-373.4290,1.69,3
600251,冠农股份,2010-06-30,4,1245.8750,3.44,-1560.2870,7.75,4
600436,片仔癀,2010-06-30,5,1350.2410,9.64,302.2800,7.49,4
600409,三友化工,2010-06-30,1,148.3060,0.16,-4949.8260,5.43,7
600273,华芳纺织,2010-06-30,7,3996.4940,12.69,3624.9640,1.18,2
600031,三一重工,2010-06-30,8,12224.5300,5.07,4390.4240,4.87,8
600435,北方导航,2010-06-30,2,151.4533,0.20,-270.6959,0.57,2
600439,瑞贝卡,2010-06-30,7,7072.7580,9.56,905.8010,10.00,7
600271,航天信息,2010-06-30,5,6539.3670,7.08,1109.0740,5.88,4
600423,柳化股份,2010-06-30,7,5606.7250,14.04,-32.0330,21.18,8
600475,华光股份,2010-06-30,7,2500.5000,9.77,-58.3210,10.00,7
600425,青松建化,2010-06-30,7,4465.2070,12.10,296.6550,11.30,8
600029,南方航空,2010-06-30,8,18894.5200,2.36,-2013.5400,2.61,8
600546,山煤国际,2010-06-30,8,5310.8490,7.08,143.6190,6.89,7
600352,浙江龙盛,2010-06-30,3,4990.5700,3.40,727.2400,3.21,3
600485,中创信测,2010-06-30,6,2508.6380,18.10,542.5130,14.19,6
600020,中原高速,2010-06-30,2,481.5870,0.23,223.5770,0.12,1
600489,中金黄金,2010-06-30,10,5857.5670,7.41,2203.2290,4.62,8
600480,凌云股份,2010-06-30,3,1359.6180,4.36,-149.0470,4.84,4
600348,阳泉煤业,2010-06-30,7,12413.9480,5.16,6102.6660,6.56,9
600487,亨通光电,2010-06-30,8,2973.9290,17.90,639.0460,14.06,7
600547,山东黄金,2010-06-30,8,8018.9540,5.63,3735.7480,6.02,7
600449,宁夏建材,2010-06-30,4,427.6260,2.19,216.1102,1.08,3
600432,吉恩镍业,2010-06-30,4,849.3110,1.05,-11.0650,1.13,4
600429,三元股份,2010-06-30,2,1111.8070,1.26,-147.1780,1.42,3
600478,科力远,2010-06-30,4,635.3680,2.22,-2190.4120,9.87,8
600507,方大特钢,2010-06-30,4,1116.9260,1.63,-614.9030,2.53,5
600403,大有能源,2010-06-30,2,490.0500,3.84,162.7080,2.57,2
600517,置信电气,2010-06-30,4,5052.2070,8.17,1327.0350,6.02,4
600406,国电南瑞,2010-06-30,7,7448.9060,14.60,667.9670,13.29,7
600469,风神股份,2010-06-30,2,834.5160,2.23,-741.9940,4.20,3
600021,上海电力,2010-06-30,2,1266.0330,0.59,4.6480,0.59,4
600184,光电股份,2010-06-30,9,1458.6480,13.89,-157.0060,15.39,9
600900,长江电力,2010-06-30,4,14958.6700,1.36,3518.7300,1.04,3
600527,江南高纤,2010-06-30,2,1187.4130,3.38,152.3690,2.95,2
600545,新疆城建,2010-06-30,2,206.4800,0.31,206.4800,0.00,0
600476,湘邮科技,2010-06-30,2,577.7920,3.59,122.9637,2.82,3
600446,金证股份,2010-06-30,1,476.9950,3.47,-120.4610,4.35,2
600340,华夏幸福,2010-06-30,1,370.0000,2.55,-130.0250,3.44,1
600540,新赛股份,2010-06-30,3,781.7093,3.36,-749.1430,6.57,5
600354,敦煌种业,2010-06-30,7,3459.0600,18.60,1089.6800,12.74,5
600249,两面针,2010-06-30,2,199.3670,0.44,72.8000,0.28,1
000100,TCL集团,2010-06-30,2,6404.1800,2.18,-13793.3600,6.88,6
600444,*ST国通,2010-06-30,2,379.3550,3.61,379.3550,0.00,0
600325,华发股份,2010-06-30,6,8504.4030,10.41,-1527.1830,12.28,7
600438,通威股份,2010-06-30,2,1621.1050,2.36,-1174.9850,4.07,4
600452,涪陵电力,2010-06-30,8,1336.1030,8.35,1336.1030,0.00,0
600470,六国化工,2010-06-30,4,1593.7040,7.05,232.8049,6.02,5
600035,楚天高速,2010-06-30,6,7437.7020,7.98,-743.7860,8.78,7
600479,千金药业,2010-06-30,5,3154.3970,10.35,190.1380,13.61,5
600284,浦东建设,2010-06-30,5,3995.6580,11.55,3798.3559,0.57,2
600463,空港股份,2010-06-30,1,1098.2200,4.36,-30.0000,4.48,1
600594,益佰制药,2010-06-30,6,4148.1460,17.64,816.4630,14.17,5
600543,莫高股份,2010-06-30,5,1742.8130,5.43,-7.8020,5.45,4
600405,动力源,2010-06-30,2,376.6780,1.80,376.6780,0.00,0
600467,好当家,2010-06-30,5,2312.4350,3.65,-114.6290,3.83,5
600960,渤海活塞,2010-06-30,1,580.5900,3.57,478.5400,0.63,1
002181,粤传媒,2010-06-30,2,353.5170,1.01,-583.4020,2.68,3
600572,康恩贝,2010-06-30,6,2628.8940,8.11,1219.1000,4.35,4
600976,武汉健民,2010-06-30,4,1223.9560,7.98,325.2890,5.86,4
600497,驰宏锌锗,2010-06-30,5,3395.1330,3.37,-695.1370,4.06,5
600410,华胜天成,2010-06-30,2,1868.3750,3.68,-240.7150,4.57,2
600985,雷鸣科化,2010-06-30,1,81.5045,0.75,81.5045,0.00,0
600990,四创电子,2010-06-30,6,1134.6440,9.65,657.0920,4.06,3
600114,东睦股份,2010-06-30,1,93.7790,0.48,-494.7060,3.01,2
600993,马应龙,2010-06-30,3,1273.2310,7.68,118.8630,6.96,3
600967,北方创业,2010-06-30,4,1207.2650,6.97,1099.9510,0.62,1
600963,岳阳林纸,2010-06-30,7,10859.0100,16.65,1482.4510,14.38,6
600461,洪城水业,2010-06-30,6,1546.9410,11.05,333.3420,8.67,5
600997,开滦股份,2010-06-30,6,4233.1320,3.43,541.6100,2.99,6
600966,博汇纸业,2010-06-30,7,5574.4760,11.05,-1118.5160,13.26,8
600975,新五丰,2010-06-30,1,460.2090,2.55,460.2090,0.00,0
600995,文山电力,2010-06-30,1,399.9970,0.84,-400.0000,1.67,3
600420,现代制药,2010-06-30,7,3098.4860,10.77,51.1550,10.59,6
002001,新和成,2010-06-30,9,5073.7950,10.48,1243.5020,10.29,8
002003,伟星股份,2010-06-30,9,5024.7390,24.55,1232.1590,18.53,8
600962,国投中鲁,2010-06-30,2,550.4980,2.73,-1220.6000,8.78,5
002004,华邦颖泰,2010-06-30,3,961.1420,7.28,46.5150,6.93,3
002005,德豪润达,2010-06-30,5,3834.4650,11.86,1549.9550,7.07,3
600143,金发科技,2010-06-30,3,3596.2880,2.58,-1484.3500,3.64,4
002006,精功科技,2010-06-30,2,381.5773,2.65,-97.2883,3.33,3
002007,华兰生物,2010-06-30,6,9199.3490,15.97,3890.1010,14.74,6
002008,大族激光,2010-06-30,5,3571.1560,5.13,-2023.5410,8.04,6
600022,山东钢铁,2010-06-30,2,921.7800,0.30,-850.8170,0.57,3
002009,天奇股份,2010-06-30,4,1478.7750,6.69,-429.6390,8.63,5
002010,传化股份,2010-06-30,7,2134.4406,8.75,745.9866,6.85,7
600981,汇鸿股份,2010-06-30,2,142.9736,0.28,52.2595,0.18,1
002011,盾安环境,2010-06-30,3,819.9710,2.20,232.9555,1.58,3
002012,凯恩股份,2010-06-30,3,841.7680,4.32,408.2720,2.23,2
002013,中航精机,2010-06-30,9,3443.4190,20.61,1218.4230,17.31,9
002014,永新股份,2010-06-30,5,1517.2490,10.90,987.2640,3.81,3
002015,霞客环保,2010-06-30,2,272.6150,1.36,2.1480,1.35,2
002017,东信和平,2010-06-30,7,1610.1480,8.11,366.9670,6.26,7
002018,华星化工,2010-06-30,2,331.9080,1.13,-1415.5300,7.14,5
002019,鑫富药业,2010-06-30,6,2176.5500,9.87,-342.6250,11.43,7
600482,风帆股份,2010-06-30,4,1570.8540,3.41,756.5260,1.77,2
002020,京新药业,2010-06-30,4,1238.2650,12.19,1238.2650,0.00,0
002022,科华生物,2010-06-30,7,6241.0100,12.68,-58.7770,15.36,7
002023,海特高新,2010-06-30,7,4132.6230,14.00,2536.1540,7.57,3
002024,苏宁云商,2010-06-30,7,60078.1500,8.59,20614.2200,8.46,7
002025,航天电器,2010-06-30,8,4366.7890,13.23,-315.4180,14.19,8
600983,合肥三洋,2010-06-30,9,5144.1640,15.45,263.5840,14.66,7
600973,宝胜股份,2010-06-30,2,1167.6520,7.48,472.9817,4.45,2
002027,七喜控股,2010-06-30,2,319.8750,1.06,0.0000,1.06,2
002028,思源电气,2010-06-30,8,5362.7550,12.20,738.9350,10.52,7
002029,七匹狼,2010-06-30,8,5233.4200,18.50,315.3490,17.38,7
600987,航民股份,2010-06-30,2,282.2870,0.67,-577.3880,2.03,4
002030,达安基因,2010-06-30,2,564.3490,1.95,420.8870,0.60,1
600971,恒源煤电,2010-06-30,6,2598.0360,6.59,993.3780,4.07,4
002032,苏泊尔,2010-06-30,5,2620.7760,4.54,1275.3530,3.03,3
600978,宜华木业,2010-06-30,6,3753.2450,3.74,-80.8090,3.82,4
002033,丽江旅游,2010-06-30,7,1656.1782,14.24,691.9773,9.71,6
600961,*ST株冶,2010-06-30,1,250.0000,0.47,-313.1200,1.07,1
002035,华帝股份,2010-06-30,2,329.9830,1.48,-1168.6820,8.72,5
002036,宜科科技,2010-06-30,1,696.0410,3.44,696.0410,0.00,0
002037,久联发展,2010-06-30,4,1761.3220,10.18,604.0660,8.69,4
002038,双鹭药业,2010-06-30,5,2170.9200,8.63,339.7840,7.28,4
600027,华电国际,2010-06-30,4,2099.5360,0.31,-394.2870,0.37,4
002039,黔源电力,2010-06-30,1,78.3366,0.56,-97.4915,1.25,2
600970,中材国际,2010-06-30,8,6113.0050,8.05,3283.3520,6.71,6
002041,登海种业,2010-06-30,6,2696.9500,15.32,1031.7250,9.46,5
002042,华孚色纺,2010-06-30,7,1786.0660,7.60,716.5667,4.55,6
002043,兔宝宝,2010-06-30,3,1136.7814,6.21,-739.6340,10.25,5
002045,国光电器,2010-06-30,8,3716.3020,13.37,-27.1010,14.62,8
002047,*ST成霖,2010-06-30,1,217.6590,0.48,88.2990,0.46,1
002048,宁波华翔,2010-06-30,3,1934.0490,3.41,-2119.9630,8.21,5
002050,三花股份,2010-06-30,8,1869.5850,7.08,564.3940,4.94,6
601588,北辰实业,2010-06-30,2,1955.7930,0.58,-421.4060,0.71,3
601991,大唐发电,2010-06-30,1,979.6920,0.08,-16.4200,0.08,1
601866,中海集运,2010-06-30,8,9077.1280,0.78,-386.9530,0.81,9
601899,紫金矿业,2010-06-30,3,11860.0400,0.82,-1477.7700,0.92,4
002051,中工国际,2010-06-30,5,1057.7190,5.57,393.1620,3.50,4
002052,同洲电子,2010-06-30,4,894.3970,2.62,-2286.5840,9.32,7
002053,云南盐化,2010-06-30,2,259.1050,1.39,-250.8530,2.74,4
600999,招商证券,2010-06-30,3,789.9930,0.22,-526.0710,0.37,4
601688,华泰证券,2010-06-30,5,2481.3160,0.44,-2949.5270,0.97,7
601788,光大证券,2010-06-30,3,1070.5140,0.31,-1088.5170,0.63,5
601398,工商银行,2010-06-30,2,47683.7000,0.14,-24743.2000,0.22,3
601939,建设银行,2010-06-30,2,24963.4000,0.11,-15274.0000,0.17,3
601166,兴业银行,2010-06-30,2,16797.9900,2.80,3380.4800,2.68,2
601169,北京银行,2010-06-30,1,5023.7800,0.81,386.4000,0.74,1
601998,中信银行,2010-06-30,1,4417.3400,0.11,1417.3600,0.08,1
601009,南京银行,2010-06-30,3,8055.2700,3.37,-4326.3200,6.74,5
601628,中国人寿,2010-06-30,2,6949.9900,0.25,-1257.0700,0.29,3
601601,中国太保,2010-06-30,2,8844.1300,1.03,-289.8000,1.06,3
002307,北新路桥,2010-06-30,1,80.0300,0.42,80.0300,0.00,0
600018,上港集团,2010-06-30,1,2630.8700,0.13,-4759.3800,0.35,2
002110,三钢闽光,2010-06-30,4,523.5115,0.98,-2081.6145,4.87,6
002281,光迅科技,2010-06-30,5,689.6542,4.31,356.0672,2.08,5
601005,重庆钢铁,2010-06-30,2,912.4750,0.53,-849.4900,1.02,4
601857,中国石油,2010-06-30,5,20697.3000,0.11,-2396.0900,0.13,6
002106,莱宝高科,2010-06-30,4,3683.6160,8.59,555.2590,9.48,4
601600,中国铝业,2010-06-30,2,3868.6300,0.29,-1355.7100,0.39,3
002356,浩宁达,2010-06-30,6,286.8626,3.59,89.3269,2.47,3
300077,国民技术,2010-06-30,9,395.3129,3.63,395.3129,0.00,0
601088,中国神华,2010-06-30,4,11627.4800,0.58,-1038.1300,0.64,5
002067,景兴纸业,2010-06-30,3,1699.4400,4.34,698.4290,2.55,3
002060,粤水电,2010-06-30,4,700.0180,2.11,243.2440,1.37,3
002306,湘鄂情,2010-06-30,4,606.7528,3.03,476.7318,0.65,2
300026,红日药业,2010-06-30,5,467.6393,4.64,345.5291,2.43,4
002139,拓邦股份,2010-06-30,3,1382.0000,8.23,1046.4950,2.40,2
601333,广深铁路,2010-06-30,4,8950.8600,1.26,-1414.4900,1.46,5
002187,广百股份,2010-06-30,5,866.9131,5.13,-166.3486,6.12,5
002230,科大讯飞,2010-06-30,7,1962.2800,12.21,736.0490,7.63,4
002167,东方锆业,2010-06-30,1,349.9830,1.95,349.9830,0.00,0
601107,四川成渝,2010-06-30,3,761.8400,0.25,209.4130,0.18,3
002088,鲁阳股份,2010-06-30,6,1495.3770,6.39,588.3070,3.88,3
002332,仙琚制药,2010-06-30,4,512.7168,1.50,512.7168,0.00,0
002267,陕天然气,2010-06-30,3,244.4655,0.48,-252.6988,0.98,5
002153,石基信息,2010-06-30,8,2560.4560,11.43,31.7030,11.29,8
002275,桂林三金,2010-06-30,1,107.1320,0.24,58.5421,0.11,2
002331,皖通科技,2010-06-30,1,26.4800,0.37,26.4800,0.00,0
002063,远光软件,2010-06-30,4,1892.4430,7.36,929.7030,4.87,4
601111,中国国航,2010-06-30,5,13265.4000,1.08,1624.4100,0.95,4
002205,国统股份,2010-06-30,2,351.4040,3.51,71.7820,2.80,1
002056,横店东磁,2010-06-30,5,2159.2290,5.25,-636.9590,6.81,6
002272,川润股份,2010-06-30,2,92.9115,0.82,54.7286,0.34,2
002186,全聚德,2010-06-30,2,74.3802,0.53,12.5715,0.44,2
002142,宁波银行,2010-06-30,7,10657.0200,4.26,-4747.9000,6.16,7
002338,奥普光电,2010-06-30,2,200.0592,2.50,108.0796,1.15,3
002185,华天科技,2010-06-30,3,586.9330,1.57,-992.6630,5.50,5
601727,上海电气,2010-06-30,3,1574.4580,0.12,-131.2260,0.14,4
601099,太平洋,2010-06-30,1,188.4150,0.13,-4.3350,0.13,1
002320,海峡股份,2010-06-30,5,423.9946,2.07,327.3649,0.61,2
002206,海利得,2010-06-30,6,1073.8676,4.30,394.8402,5.43,6
002370,亚太药业,2010-06-30,1,12.9372,0.11,12.9372,0.00,0
601168,西部矿业,2010-06-30,3,5423.5500,2.28,-88.9100,2.31,3
002203,海亮股份,2010-06-30,2,70.4265,0.18,-246.2645,0.79,3
000338,潍柴动力,2010-06-30,9,6949.4400,8.34,1693.4970,6.31,8
002416,爱施德,2010-06-30,7,837.9246,1.70,837.9246,0.00,0
002337,赛象科技,2010-06-30,2,57.8523,0.48,47.8523,0.08,1
002261,拓维信息,2010-06-30,6,1327.5650,9.13,746.9386,5.19,6
002140,东华科技,2010-06-30,6,1593.3530,5.72,592.4900,7.18,6
002080,中材科技,2010-06-30,7,1815.1070,12.10,-307.8640,14.15,7
601919,*ST远洋,2010-06-30,4,15129.7700,1.48,1533.6600,1.33,5
002117,东港股份,2010-06-30,6,553.8411,5.03,553.8411,0.00,0
300034,钢研高纳,2010-06-30,2,108.6900,0.92,108.6900,0.00,0
601808,中海油服,2010-06-30,6,4044.7640,0.90,-686.4580,1.05,7
002358,森源电气,2010-06-30,8,1025.9350,11.93,898.0192,1.49,2
002182,云海金属,2010-06-30,1,49.7869,0.26,-245.7621,1.54,3
002430,杭氧股份,2010-06-30,7,777.8260,1.94,777.8260,0.00,0
002405,四维图新,2010-06-30,5,470.8999,1.18,470.8999,0.00,0
002176,江特电机,2010-06-30,1,40.2000,0.37,40.2000,0.00,0
601001,大同煤业,2010-06-30,6,2328.8930,2.78,-837.0850,3.78,7
002316,键桥通讯,2010-06-30,6,550.7578,3.53,370.3811,1.50,5
002202,金风科技,2010-06-30,6,9496.4800,4.24,3713.2940,4.13,6
002425,凯撒股份,2010-06-30,1,48.4560,0.45,48.4560,0.00,0
002055,得润电子,2010-06-30,7,2713.6580,15.54,1707.3700,7.49,4
002066,瑞泰科技,2010-06-30,1,190.0840,1.65,-46.9230,2.05,2
002146,荣盛发展,2010-06-30,6,4442.0490,3.10,729.2670,4.14,8
002065,东华软件,2010-06-30,4,3006.3580,7.06,-254.4570,7.65,5
600048,保利地产,2010-06-30,5,15693.1300,3.43,-81.5600,4.48,7
601006,大秦铁路,2010-06-30,1,9185.2000,0.71,-3701.1300,0.99,2
601699,潞安环能,2010-06-30,5,5175.8900,4.50,-80.4840,4.57,5
002082,栋梁新材,2010-06-30,2,120.4417,0.51,-252.0307,1.57,4
002089,新海宜,2010-06-30,6,1903.8510,8.09,-820.4050,12.72,5
002234,民和股份,2010-06-30,1,252.9290,2.35,-58.1980,2.89,2
002078,太阳纸业,2010-06-30,5,3194.1170,3.18,661.8530,5.04,5
002091,江苏国泰,2010-06-30,9,4665.6080,15.55,950.5990,15.48,7
601008,连云港,2010-06-30,1,1293.0000,2.41,-75.5906,2.55,2
002096,南岭民爆,2010-06-30,3,578.3490,4.37,578.3490,0.00,0
002263,大东南,2010-06-30,2,414.1400,0.89,414.1400,0.00,0
002118,紫鑫药业,2010-06-30,1,38.3448,0.19,-12.6409,0.25,1
002062,宏润建设,2010-06-30,1,219.7400,0.49,-105.2625,1.08,2
002064,华峰氨纶,2010-06-30,2,709.2650,0.96,-1728.8360,6.60,5
002070,众和股份,2010-06-30,1,204.9910,0.71,-246.7100,1.99,2
002184,海得控制,2010-06-30,2,535.7910,2.44,535.7910,0.00,0
300040,九洲电气,2010-06-30,5,397.4488,2.86,320.5258,1.11,2
002073,软控股份,2010-06-30,6,8991.0110,12.11,2761.1820,12.59,8
002208,合肥城建,2010-06-30,2,1668.8550,5.21,339.3180,8.31,5
002079,苏州固锝,2010-06-30,3,592.3114,2.15,592.3114,0.00,0
601666,平煤股份,2010-06-30,6,5935.4040,3.27,2252.6410,2.64,5
002071,江苏宏宝,2010-06-30,1,77.6230,0.63,77.6230,0.00,0
002068,黑猫股份,2010-06-30,7,1353.0756,5.41,-180.8744,7.98,6
002287,奇正藏药,2010-06-30,1,19.3200,0.05,19.3200,0.00,0
300024,机器人,2010-06-30,1,100.5930,0.74,100.5930,0.00,0
300082,奥克股份,2010-06-30,5,88.0241,0.82,88.0241,0.00,0
002308,威创股份,2010-06-30,8,2135.4730,4.99,1033.2873,5.16,6
002396,星网锐捷,2010-06-30,2,74.9950,0.43,74.9950,0.00,0
002362,汉王科技,2010-06-30,1,17.5311,0.16,-95.4946,1.06,2
601898,中煤能源,2010-06-30,5,7575.2160,0.57,203.6160,0.56,5
002069,獐子岛,2010-06-30,4,575.2306,1.27,480.8342,0.42,2
601678,滨化股份,2010-06-30,4,792.2100,1.80,537.2266,0.58,4
601918,国投新集,2010-06-30,6,2216.9440,1.20,-834.3200,1.65,7
002081,金螳螂,2010-06-30,6,2590.5870,8.12,703.2890,8.87,7
002084,海鸥卫浴,2010-06-30,1,179.4850,1.39,179.4850,0.00,0
002172,澳洋科技,2010-06-30,2,399.6270,0.77,268.9910,0.38,1
002168,深圳惠程,2010-06-30,2,185.9161,0.62,-92.7519,0.93,2
002085,万丰奥威,2010-06-30,1,232.9580,0.82,-177.0220,1.44,1
002154,报喜鸟,2010-06-30,10,4766.2160,16.23,1220.6850,12.24,9
002086,东方海洋,2010-06-30,1,399.3330,1.64,399.3330,0.00,0
600017,日照港,2010-06-30,3,5806.1150,3.84,215.7780,3.70,3
002074,东源电器,2010-06-30,2,586.7440,4.17,-206.1470,5.63,3
300049,福瑞股份,2010-06-30,4,247.3181,3.34,78.5668,2.28,5
002092,中泰化学,2010-06-30,5,2826.5230,3.67,-468.7340,6.14,5
002094,青岛金王,2010-06-30,3,959.9700,4.47,153.0450,3.76,3
601872,招商轮船,2010-06-30,1,860.6460,0.25,-139.3540,0.29,1
002095,生意宝,2010-06-30,4,536.1940,3.97,-45.0993,6.46,5
002090,金智科技,2010-06-30,1,120.0000,0.59,120.0000,0.00,0
002350,北京科锐,2010-06-30,1,59.9883,0.47,-92.9878,1.43,3
002083,孚日股份,2010-06-30,2,1037.4210,1.11,-688.8860,1.84,6
002098,浔兴股份,2010-06-30,2,109.3504,0.71,109.3504,0.00,0
002097,山河智能,2010-06-30,2,729.9840,2.66,-30.0000,2.77,2
002093,国脉科技,2010-06-30,5,2502.1460,6.25,-821.1730,8.30,5
002099,海翔药业,2010-06-30,6,2279.1490,14.20,1748.4240,3.31,2
002100,天康生物,2010-06-30,2,225.5331,1.29,-437.1079,4.05,4
601101,昊华能源,2010-06-30,4,1260.6810,2.78,940.5850,0.71,2
002200,*ST大地,2010-06-30,1,160.0000,1.06,-999.7880,7.68,3
002104,恒宝股份,2010-06-30,4,1992.8640,4.52,759.2200,4.20,4
002108,沧州明珠,2010-06-30,2,250.9940,1.50,250.9940,0.00,0
002109,兴化股份,2010-06-30,5,1766.0990,4.93,1409.6090,0.99,2
601002,晋亿实业,2010-06-30,2,2212.2690,3.00,309.3350,2.58,3
002111,威海广泰,2010-06-30,1,55.9817,0.38,55.9817,0.00,0
002121,科陆电子,2010-06-30,3,1132.0070,4.72,148.6240,4.10,3
002115,三维通信,2010-06-30,6,1693.3230,7.89,867.7260,6.16,4
002114,罗平锌电,2010-06-30,3,772.9660,4.20,275.8000,2.70,2
002250,联化科技,2010-06-30,5,1633.1420,6.66,1338.3132,2.28,3
002207,准油股份,2010-06-30,1,80.1840,0.81,80.1840,0.00,0
002216,三全食品,2010-06-30,8,1715.2430,9.17,208.4596,8.06,8
002349,精华制药,2010-06-30,3,203.3445,2.54,-19.9589,2.79,4
002124,天邦股份,2010-06-30,1,467.9450,2.28,160.9810,2.24,1
601003,柳钢股份,2010-06-30,4,902.7700,0.35,-3059.0670,1.55,6
002123,荣信股份,2010-06-30,6,3732.4790,11.11,1809.5820,8.58,4
601007,金陵饭店,2010-06-30,3,369.3100,1.23,304.2295,0.22,1
002129,中环股份,2010-06-30,6,4205.4090,8.71,2659.2960,3.20,4
002232,启明信息,2010-06-30,4,883.8519,3.03,260.5414,2.14,3
002133,广宇集团,2010-06-30,2,1082.0710,2.17,-2856.2830,7.90,5
601958,金钼股份,2010-06-30,5,5463.5500,1.69,-246.0830,1.77,6
002128,露天煤业,2010-06-30,3,1492.6190,1.13,267.9390,1.11,3
300016,北陆药业,2010-06-30,1,9.9923,0.10,-2.4645,0.18,2
002279,久其软件,2010-06-30,1,20.1487,0.18,20.1487,0.00,0
002290,禾盛新材,2010-06-30,6,363.6284,2.42,302.1439,0.41,1
002248,华东数控,2010-06-30,6,514.9958,4.00,454.6236,0.50,2
002138,顺络电子,2010-06-30,2,405.5087,3.13,-22.4414,3.50,5
002170,芭田股份,2010-06-30,1,250.0000,0.82,-76.6091,1.07,2
002144,宏达高科,2010-06-30,4,1318.9744,12.29,1318.9744,0.00,0
002371,七星电子,2010-06-30,2,388.9503,5.98,253.3329,2.09,5
002159,三特索道,2010-06-30,8,2843.1990,23.69,281.3130,21.35,9
002148,北纬通信,2010-06-30,4,495.3860,6.55,41.5260,6.00,4
002152,广电运通,2010-06-30,8,4351.3740,12.72,-150.8790,13.16,9
002296,辉煌科技,2010-06-30,9,1091.4049,10.44,667.7048,6.89,8
002149,西部材料,2010-06-30,3,808.5790,4.63,65.2250,4.26,3
002157,正邦科技,2010-06-30,6,2325.6160,8.63,1083.7050,4.61,6
002147,方圆支承,2010-06-30,2,351.6420,2.93,-465.9600,3.62,2
002151,北斗星通,2010-06-30,5,638.5062,7.02,503.4462,1.49,1
002156,通富微电,2010-06-30,7,1131.6304,3.26,-227.3456,3.92,5
002155,辰州矿业,2010-06-30,5,2474.7470,4.52,989.1740,2.71,4
002158,汉钟精机,2010-06-30,7,1554.1888,8.55,717.8776,5.29,4
002254,泰和新材,2010-06-30,7,2736.2370,10.48,713.7130,12.40,8
002161,远望谷,2010-06-30,6,991.0690,3.86,-263.2993,4.88,6
002169,智光电气,2010-06-30,3,297.1279,1.79,297.1279,0.00,0
002163,中航三鑫,2010-06-30,7,2184.9090,5.44,1667.4866,2.54,3
002164,东力传动,2010-06-30,6,884.7491,4.92,50.6806,4.63,7
002175,广陆数测,2010-06-30,1,315.5600,3.70,0.0000,3.70,1
002165,红宝丽,2010-06-30,7,2280.8010,9.05,536.4490,11.08,6
002192,路翔股份,2010-06-30,1,450.0830,3.71,450.0830,0.00,0
002360,同德化工,2010-06-30,1,25.5168,0.43,13.5168,0.20,1
002328,新朋股份,2010-06-30,3,351.0433,1.17,351.0433,0.00,0
002179,中航光电,2010-06-30,5,3342.3320,8.32,809.3900,9.46,7
002177,御银股份,2010-06-30,1,199.9770,0.75,-62.2649,0.99,2
002183,怡亚通,2010-06-30,5,2763.7220,4.97,335.4740,6.55,6
002304,洋河股份,2010-06-30,8,1042.4123,2.32,241.6079,1.78,7
002193,山东如意,2010-06-30,3,423.5260,2.65,25.8699,2.49,3
601390,中国中铁,2010-06-30,5,19131.7400,0.90,-14400.1200,1.57,6
002191,劲嘉股份,2010-06-30,4,1067.5690,1.66,-1742.2190,4.38,8
002194,武汉凡谷,2010-06-30,7,2177.1560,3.92,-301.0260,4.46,6
002197,证通电子,2010-06-30,4,752.4822,5.74,225.9156,4.02,3
002407,多氟多,2010-06-30,4,109.3144,1.02,109.3144,0.00,0
002210,飞马国际,2010-06-30,2,680.0670,2.22,357.1270,1.58,2
601999,出版传媒,2010-06-30,9,4051.7810,7.35,-378.7290,8.04,8
002204,大连重工,2010-06-30,3,356.4143,1.67,-84.9438,2.06,4
002346,柘中建设,2010-06-30,2,92.4701,0.68,83.4161,0.07,1
601139,深圳燃气,2010-06-30,3,539.4980,0.44,309.4375,0.19,2
002397,梦洁家纺,2010-06-30,8,342.6928,5.44,342.6928,0.00,0
002220,天宝股份,2010-06-30,7,2135.8260,10.90,1602.1727,5.45,3
002212,南洋股份,2010-06-30,2,559.8590,2.47,-128.5582,3.04,4
002215,诺普信,2010-06-30,8,2849.3940,12.88,26.9100,12.75,10
002214,大立科技,2010-06-30,7,1480.3740,14.80,111.1961,13.69,8
002218,拓日新能,2010-06-30,3,121.3719,0.42,-4.0391,0.44,3
601766,中国南车,2010-06-30,6,31689.6800,2.68,-2498.1900,2.89,7
002221,东华能源,2010-06-30,4,1546.5850,6.97,338.5310,5.44,3
002364,中恒电气,2010-06-30,2,321.6940,4.82,191.1030,1.95,1
601186,中国铁建,2010-06-30,6,14144.3600,1.15,985.1900,1.07,6
002273,水晶光电,2010-06-30,7,895.5454,7.94,640.6784,2.94,2
002297,博云新材,2010-06-30,4,670.0110,3.13,625.5589,0.42,1
002223,鱼跃医疗,2010-06-30,9,2080.3270,8.14,816.4909,8.18,9
002225,濮耐股份,2010-06-30,6,1566.2125,3.00,-157.3675,3.30,5
002228,合兴包装,2010-06-30,5,1060.2419,4.88,722.8119,1.78,2
002244,滨江集团,2010-06-30,4,2260.2490,1.67,3.8760,1.67,4
002227,奥特迅,2010-06-30,5,233.8213,2.15,98.3539,1.25,4
002237,恒邦股份,2010-06-30,2,92.0811,0.48,-24.4012,0.61,3
002235,安妮股份,2010-06-30,2,966.7050,4.96,234.1890,4.88,2
002420,毅昌股份,2010-06-30,1,30.0000,0.07,30.0000,0.00,0
002249,大洋电机,2010-06-30,8,3217.9120,7.51,2034.2285,4.70,7
002253,川大智胜,2010-06-30,6,639.5094,8.54,121.3961,8.30,7
002233,塔牌集团,2010-06-30,5,560.3028,1.40,-674.4498,3.09,5
002243,通产丽星,2010-06-30,6,1272.5380,4.93,992.6610,1.08,2
002236,大华股份,2010-06-30,7,1146.5570,8.58,1039.9275,1.60,2
002252,上海莱士,2010-06-30,7,810.6112,5.07,287.9635,3.27,6
002238,天威视讯,2010-06-30,7,1615.6450,6.05,98.3670,5.68,5
002239,金飞达,2010-06-30,2,609.1290,3.03,-301.3820,4.53,4
002372,伟星新材,2010-06-30,5,479.7464,1.89,136.8064,1.35,1
002241,歌尔声学,2010-06-30,9,4361.7060,12.12,478.1380,10.79,8
002242,九阳股份,2010-06-30,6,1674.5900,2.20,671.2317,1.98,7
002251,步步高,2010-06-30,8,2462.3530,9.11,101.5020,8.73,8
002274,华昌化工,2010-06-30,2,451.8470,1.73,385.9325,0.33,1
002256,彩虹精化,2010-06-30,1,156.4500,0.75,76.0500,0.58,1
002255,海陆重工,2010-06-30,6,585.8009,4.54,357.8839,1.77,3
002262,恩华药业,2010-06-30,2,561.6160,2.40,-45.0480,3.37,4
601268,*ST二重,2010-06-30,8,5079.7550,3.01,1733.4550,1.98,5
002258,利尔化学,2010-06-30,2,125.5770,0.62,-116.8670,1.20,3
002264,新华都,2010-06-30,5,751.7010,4.69,364.4745,3.62,4
002419,天虹商场,2010-06-30,5,391.4730,0.98,391.4730,0.00,0
002322,理工监测,2010-06-30,9,618.1476,9.27,190.6625,6.41,10
002342,巨力索具,2010-06-30,3,240.2019,0.50,85.1459,0.32,3
300054,鼎龙股份,2010-06-30,7,392.1931,6.54,214.7268,2.96,3
300011,鼎汉技术,2010-06-30,6,441.7303,4.30,404.0219,0.73,1
601668,中国建筑,2010-06-30,3,36936.3100,1.23,9483.3100,0.92,2
002271,东方雨虹,2010-06-30,1,99.9948,0.63,99.9948,0.00,0
002268,卫士通,2010-06-30,2,161.1699,1.21,-151.4551,3.88,3
002269,美邦服饰,2010-06-30,9,3523.7520,3.51,-387.7870,3.89,9
002270,法因数控,2010-06-30,1,42.7679,0.29,0.0000,0.29,1
002266,浙富股份,2010-06-30,4,1445.2170,10.09,395.1350,7.33,4
300015,爱尔眼科,2010-06-30,5,386.9801,1.45,305.5277,0.61,2
002299,圣农发展,2010-06-30,6,1291.3766,3.15,857.8714,1.06,4
002344,海宁皮城,2010-06-30,8,2687.4310,9.60,1575.6915,3.97,8
002276,万马电缆,2010-06-30,2,53.8308,0.13,53.8308,0.00,0
300036,超图软件,2010-06-30,6,545.8750,7.28,278.9017,3.56,6
002277,友阿股份,2010-06-30,6,802.6288,2.30,735.0514,0.35,2
300002,神州泰岳,2010-06-30,7,1875.6940,5.94,1231.9049,5.09,8
002438,江苏神通,2010-06-30,3,132.4565,1.27,132.4565,0.00,0
002285,世联地产,2010-06-30,6,748.7301,3.44,677.1829,0.56,3
002286,保龄宝,2010-06-30,3,172.8973,1.66,44.2105,1.61,3
300070,碧水源,2010-06-30,10,948.6554,6.45,948.6554,0.00,0
002291,星期六,2010-06-30,7,1297.7602,4.64,540.2073,3.52,6
002292,奥飞动漫,2010-06-30,10,1671.3437,6.53,965.1858,4.41,9
002293,罗莱家纺,2010-06-30,8,1261.7977,8.99,726.9558,3.81,5
002294,信立泰,2010-06-30,4,507.1750,2.23,152.2702,3.13,5
300065,海兰信,2010-06-30,2,186.7046,3.37,186.7046,0.00,0
601299,中国北车,2010-06-30,4,15585.6400,1.88,1887.5300,1.65,4
601117,中国化学,2010-06-30,1,2042.2400,0.41,1717.9380,0.07,2
300038,梅泰诺,2010-06-30,3,205.3156,2.24,205.3156,0.00,0
300072,三聚环保,2010-06-30,8,754.2867,7.75,754.2867,0.00,0
300052,中青宝,2010-06-30,5,563.8216,4.34,211.5306,3.52,2
601618,中国中冶,2010-06-30,4,13390.0100,0.70,7780.6900,0.29,2
002431,棕榈园林,2010-06-30,6,339.9543,2.83,339.9543,0.00,0
300075,数字政通,2010-06-30,6,259.8084,4.64,259.8084,0.00,0
002422,科伦药业,2010-06-30,10,1665.4851,6.94,1665.4851,0.00,0
300058,蓝色光标,2010-06-30,8,888.8726,7.41,564.7741,4.05,9
002415,海康威视,2010-06-30,10,1482.6310,2.97,1482.6310,0.00,0
601888,中国国旅,2010-06-30,8,3844.2930,4.37,729.7980,3.54,7
002301,齐心文具,2010-06-30,6,869.7062,6.98,89.0566,6.27,6
601989,中国重工,2010-06-30,5,11749.2200,1.77,68.2000,1.76,4
002315,焦点科技,2010-06-30,10,1263.6203,10.75,415.7563,7.22,10
002303,美盈森,2010-06-30,9,1218.7912,6.82,122.9770,6.13,9
300012,华测检测,2010-06-30,9,860.5216,7.02,101.4680,9.28,10
300064,豫金刚石,2010-06-30,2,69.9942,0.46,69.9942,0.00,0
300044,赛为智能,2010-06-30,5,701.5183,7.02,375.9485,4.07,4
300047,天源迪科,2010-06-30,7,430.5165,4.12,347.0139,0.80,4
300032,金龙机电,2010-06-30,3,498.2339,3.49,498.2339,0.00,0
300033,同花顺,2010-06-30,4,123.4134,0.92,123.4134,0.00,0
300037,新宙邦,2010-06-30,4,252.3161,2.36,-124.9639,3.53,4
300022,吉峰农机,2010-06-30,2,103.0360,0.58,103.0360,0.00,0
300071,华谊嘉信,2010-06-30,1,14.9989,0.29,14.9989,0.00,0
300005,探路者,2010-06-30,2,393.6560,2.94,365.6708,0.42,1
300045,华力创通,2010-06-30,6,326.1161,4.87,134.3769,2.86,2
300027,华谊兄弟,2010-06-30,8,2472.5179,7.36,1524.2749,5.64,9
300003,乐普医疗,2010-06-30,7,914.6323,1.13,558.6840,0.88,4
300010,立思辰,2010-06-30,6,625.3723,3.96,440.1121,1.76,2
300053,欧比特,2010-06-30,4,340.2352,3.40,311.8452,0.28,1
300018,中元华电,2010-06-30,3,143.4811,1.10,143.4811,0.00,0
300041,回天胶业,2010-06-30,5,237.6296,3.60,128.4449,1.65,3
300001,特锐德,2010-06-30,4,319.0380,2.39,189.8628,0.97,2
300066,三川股份,2010-06-30,1,43.9274,0.84,43.9274,0.00,0
002310,东方园林,2010-06-30,8,588.2101,7.83,164.1947,5.64,8
002309,中利科技,2010-06-30,4,566.4428,2.36,305.3091,1.96,3
002311,海大集团,2010-06-30,8,1646.7602,5.66,1076.7582,2.54,5
002313,日海通讯,2010-06-30,3,92.1812,0.92,92.1812,0.00,0
002324,普利特,2010-06-30,6,397.5508,2.94,188.2828,1.55,3
002314,雅致股份,2010-06-30,1,20.6999,0.07,20.6999,0.00,0
002327,富安娜,2010-06-30,7,760.5288,7.38,230.8298,5.14,8
002318,久立特材,2010-06-30,6,825.5779,3.97,605.6309,1.37,3
002317,众生药业,2010-06-30,5,278.0877,2.32,227.3449,0.63,3
002321,华英农业,2010-06-30,2,53.6590,0.37,53.6590,0.00,0
002325,洪涛股份,2010-06-30,7,1037.9950,6.92,590.2235,3.73,6
300004,南风股份,2010-06-30,8,563.7049,6.00,208.3578,3.78,6
601179,中国西电,2010-06-30,3,9117.5900,2.09,2666.0670,1.48,5
300013,新宁物流,2010-06-30,1,37.2941,0.41,37.2941,0.00,0
300014,亿纬锂能,2010-06-30,1,17.7321,0.13,17.7321,0.00,0
601801,皖新传媒,2010-06-30,4,897.0800,0.99,787.0800,0.12,2
601877,正泰电器,2010-06-30,3,348.3550,0.35,84.3042,0.26,3
300020,银江股份,2010-06-30,2,183.9784,1.15,56.9796,1.59,2
002385,大北农,2010-06-30,7,1885.2924,4.70,1885.2924,0.00,0
002326,永太科技,2010-06-30,8,926.1489,6.94,97.1611,6.21,9
002330,得利斯,2010-06-30,3,736.8160,2.94,631.4210,0.42,1
002329,皇氏乳业,2010-06-30,7,871.8336,8.15,620.4180,2.35,2
002333,罗普斯金,2010-06-30,1,30.1200,0.12,30.1200,0.00,0
002334,英威腾,2010-06-30,8,394.5420,6.16,216.5445,2.78,2
002336,人人乐,2010-06-30,8,2388.3180,5.97,1978.1389,1.03,4
002335,科华恒盛,2010-06-30,2,98.8260,1.27,98.8260,0.00,0
002340,格林美,2010-06-30,1,30.4446,0.25,-264.6876,3.16,6
002339,积成电子,2010-06-30,9,765.2983,8.90,412.4113,4.10,7
002341,新纶科技,2010-06-30,5,265.7761,3.63,172.4811,1.27,1
002345,潮宏基,2010-06-30,6,1239.9403,6.89,482.3112,6.31,6
002348,高乐股份,2010-06-30,1,70.8999,0.48,70.8999,0.00,0
002351,漫步者,2010-06-30,9,1196.6232,8.14,272.7586,6.28,10
300029,天龙光电,2010-06-30,1,53.3668,0.27,53.3668,0.00,0
002353,杰瑞股份,2010-06-30,6,377.6995,3.29,167.7121,1.83,7
002355,兴民钢圈,2010-06-30,2,400.1580,1.90,400.1580,0.00,0
300030,阳普医疗,2010-06-30,6,376.8130,5.09,235.6330,1.91,5
002375,亚厦股份,2010-06-30,9,1678.5376,7.96,1073.5703,2.87,6
002369,卓翼科技,2010-06-30,3,71.4423,0.71,0.4501,0.71,2
300039,上海凯宝,2010-06-30,8,1187.0472,6.77,554.8547,5.77,6
002367,康力电梯,2010-06-30,3,476.1592,2.97,401.5168,0.56,2
002366,丹甫股份,2010-06-30,1,24.0000,0.18,24.0000,0.00,0
002361,神剑股份,2010-06-30,1,8.0726,0.10,-20.9245,0.36,2
002368,太极股份,2010-06-30,5,298.5325,3.02,288.5325,0.10,1
300048,合康变频,2010-06-30,9,803.0210,6.69,296.8595,4.22,8
002380,科远股份,2010-06-30,3,399.3580,5.87,391.3609,0.12,1
002376,新北洋,2010-06-30,8,927.7798,6.19,496.7426,2.87,9
601106,中国一重,2010-06-30,6,32587.4200,4.98,28448.1060,0.63,5
300043,星辉车模,2010-06-30,3,135.3945,2.56,74.6395,1.15,2
300046,台基股份,2010-06-30,2,101.9925,1.44,101.9925,0.00,0
300050,世纪鼎利,2010-06-30,4,81.2665,1.50,48.5264,0.61,2
002383,合众思壮,2010-06-30,2,87.1254,0.73,87.1254,0.00,0
002379,鲁丰股份,2010-06-30,2,64.0673,0.83,64.0673,0.00,0
002382,蓝帆股份,2010-06-30,1,4.7460,0.06,4.7460,0.00,0
002421,达实智能,2010-06-30,2,70.1575,0.90,70.1575,0.00,0
002384,东山精密,2010-06-30,8,1155.8067,7.22,1155.8067,0.00,0
002394,联发股份,2010-06-30,1,47.0824,0.44,47.0824,0.00,0
300056,三维丝,2010-06-30,9,323.8534,6.23,323.8534,0.00,0
300055,万邦达,2010-06-30,8,1060.8235,9.27,630.0348,4.90,5
300057,万顺股份,2010-06-30,1,303.6840,1.44,166.3806,0.65,3
002387,黑牛食品,2010-06-30,8,735.6470,5.51,735.6470,0.00,0
002395,双象股份,2010-06-30,2,55.4743,0.62,55.4743,0.00,0
002390,信邦制药,2010-06-30,4,148.5882,1.71,148.5882,0.00,0
002399,海普瑞,2010-06-30,8,437.7279,1.09,437.7279,0.00,0
002410,广联达,2010-06-30,1,138.6370,1.39,138.6370,0.00,0
300059,东方财富,2010-06-30,7,345.9530,2.47,317.8645,0.20,1
002402,和而泰,2010-06-30,1,14.9959,0.22,14.9959,0.00,0
002411,九九久,2010-06-30,1,20.0000,0.23,20.0000,0.00,0
002439,启明星辰,2010-06-30,2,67.9900,0.69,67.9900,0.00,0
002433,太安堂,2010-06-30,1,10.0000,0.10,10.0000,0.00,0
601369,陕鼓动力,2010-06-30,1,86.2750,0.08,86.2750,0.00,0
002428,云南锗业,2010-06-30,2,54.1539,0.43,54.1539,0.00,0
002424,贵州百灵,2010-06-30,6,587.7483,4.00,587.7483,0.00,0
300073,当升科技,2010-06-30,2,56.8645,0.71,56.8645,0.00,0
300076,GQY视讯,2010-06-30,3,95.9624,1.81,95.9624,0.00,0
002437,誉衡药业,2010-06-30,7,616.4308,4.40,616.4308,0.00,0
300080,新大新材,2010-06-30,1,10.0000,0.07,10.0000,0.00,0
300083,劲胜股份,2010-06-30,1,49.9990,0.50,49.9990,0.00,0
300074,华平股份,2010-06-30,1,5.2967,0.13,5.2967,0.00,0
300086,康芝药业,2010-06-30,6,242.9872,2.43,242.9872,0.00,0
300081,恒信移动,2010-06-30,3,53.3207,0.80,53.3207,0.00,0
300090,盛运股份,2010-06-30,1,199.9980,1.57,199.9980,0.00,0
