600000,浦发银行,2010-12-31,1,15430.4000,1.08,15430.4000,0.00,0
600005,武钢股份,2010-12-31,4,6897.8100,0.88,-3289.1900,1.30,5
600006,东风汽车,2010-12-31,5,2586.5560,1.29,-1799.5470,2.19,6
600007,中国国贸,2010-12-31,4,2136.9740,2.12,-1454.5970,3.57,5
600008,首创股份,2010-12-31,4,2274.8790,1.03,-162.9450,1.11,5
600009,上海机场,2010-12-31,6,6118.1920,3.18,970.1650,2.67,4
600010,包钢股份,2010-12-31,6,11818.6630,1.84,-4640.3910,2.56,7
600012,皖通高速,2010-12-31,1,950.3160,0.57,789.4862,0.10,2
600019,宝钢股份,2010-12-31,3,27588.4300,1.58,-1015.6500,1.63,3
600026,中海发展,2010-12-31,5,2220.8850,0.65,-162.4260,0.70,4
600028,中国石化,2010-12-31,5,22659.3000,0.26,-5231.3000,0.32,6
600030,中信证券,2010-12-31,1,4960.7300,0.50,429.4200,0.46,1
600033,福建高速,2010-12-31,4,2366.9410,0.86,-1097.1690,1.26,6
600037,歌华有线,2010-12-31,4,2573.9300,2.43,-3684.0780,5.90,5
600038,哈飞股份,2010-12-31,6,2906.1410,8.61,-566.0140,10.29,4
600050,中国联通,2010-12-31,8,76209.6300,3.60,-22721.4600,4.67,9
600052,浙江广厦,2010-12-31,2,2151.1400,2.47,0.0000,2.47,2
600053,中江地产,2010-12-31,1,132.5070,0.37,-501.0850,1.75,4
600055,华润万东,2010-12-31,8,2316.0370,10.70,-374.8130,12.43,7
600056,中国医药,2010-12-31,3,1249.5550,4.02,-437.5810,5.43,6
600058,五矿发展,2010-12-31,8,1574.7560,1.47,277.4260,1.21,5
600059,古越龙山,2010-12-31,5,3968.0860,6.25,-2582.3250,10.32,7
600060,海信电器,2010-12-31,2,714.9960,0.83,-2946.0710,4.22,6
600061,中纺投资,2010-12-31,1,720.0000,1.68,-310.0000,2.40,1
600062,华润双鹤,2010-12-31,7,6316.9620,11.05,-159.7830,11.33,7
600063,皖维高新,2010-12-31,2,265.9610,0.72,-49.2800,0.86,2
600064,南京高科,2010-12-31,3,867.6500,1.68,463.1198,0.78,3
600066,宇通客车,2010-12-31,6,5346.4970,10.28,-853.0280,11.92,6
600067,冠城大通,2010-12-31,8,9227.1210,12.55,1061.9460,11.10,8
600068,葛洲坝,2010-12-31,4,13554.5900,3.89,-3004.8300,4.75,5
600070,浙江富润,2010-12-31,1,551.1610,3.92,551.1610,0.00,0
600071,凤凰光学,2010-12-31,8,2524.2090,10.63,1742.2530,3.29,3
600072,中船股份,2010-12-31,2,396.6580,0.99,149.7494,0.62,4
600075,新疆天业,2010-12-31,2,280.0000,0.64,-674.9500,2.18,4
600079,人福医药,2010-12-31,8,9339.4970,19.80,292.0770,19.19,7
600081,东风科技,2010-12-31,3,554.3967,1.77,-1482.4593,6.50,6
600085,同仁堂,2010-12-31,5,3670.4800,7.05,-674.6510,8.34,6
600086,东方金钰,2010-12-31,6,4257.1540,12.08,2034.3540,6.31,2
600087,*ST长油,2010-12-31,2,1353.9770,0.84,-496.1270,1.15,3
600088,中视传媒,2010-12-31,2,503.9780,1.52,-466.5490,2.93,3
600089,特变电工,2010-12-31,4,6635.2200,3.27,-840.8200,3.69,5
600093,禾嘉股份,2010-12-31,1,82.7641,0.26,82.7641,0.00,0
600095,哈高科,2010-12-31,3,1723.3810,4.77,934.4290,2.18,2
600096,云天化,2010-12-31,8,5218.2990,8.84,564.8540,7.89,8
600098,广州发展,2010-12-31,8,6388.2300,3.10,4127.4630,1.10,6
600099,林海股份,2010-12-31,1,251.0740,1.15,251.0740,0.00,0
600100,同方股份,2010-12-31,7,9466.6410,9.53,432.4670,9.09,8
600101,明星电力,2010-12-31,4,1610.3890,4.97,1610.3890,0.00,0
600104,上汽集团,2010-12-31,5,26695.1000,2.89,-4302.2600,3.64,6
600105,永鼎股份,2010-12-31,5,3677.7330,9.65,299.8260,8.87,6
600106,重庆路桥,2010-12-31,2,130.8432,0.29,-345.6383,1.05,4
600107,美尔雅,2010-12-31,2,577.0040,1.60,240.0040,0.94,1
600108,亚盛集团,2010-12-31,4,10647.2700,6.13,8138.3710,1.44,5
600109,国金证券,2010-12-31,3,406.0170,0.41,82.0500,0.32,2
600111,包钢稀土,2010-12-31,6,2203.7520,2.73,-1007.9260,3.98,5
600115,东方航空,2010-12-31,3,10965.3700,0.97,-1469.7500,1.10,6
600116,三峡水利,2010-12-31,1,499.9980,1.87,-864.3880,5.10,4
600117,西宁特钢,2010-12-31,4,1563.4480,2.11,-1777.7230,4.51,6
600118,中国卫星,2010-12-31,7,5015.7000,7.11,-305.9030,7.55,7
600120,浙江东方,2010-12-31,2,1353.4120,2.68,-14.2000,2.71,2
600121,郑州煤电,2010-12-31,1,150.0000,0.24,-305.0652,0.72,4
600122,宏图高科,2010-12-31,2,1323.2880,2.34,470.0980,1.51,2
600123,兰花科创,2010-12-31,7,6417.1470,11.23,422.3050,10.50,7
600125,铁龙物流,2010-12-31,8,8864.6690,8.83,690.2260,8.14,7
600127,金健米业,2010-12-31,2,156.9681,0.29,-43.3699,0.37,2
600128,弘业股份,2010-12-31,1,280.0000,1.13,-90.8027,1.50,3
600132,重庆啤酒,2010-12-31,5,3943.3780,8.15,-372.9240,8.92,6
600133,东湖高新,2010-12-31,1,139.9820,0.28,0.0000,0.28,1
600135,乐凯胶片,2010-12-31,6,2826.3420,8.26,-287.3190,9.10,4
600137,浪莎股份,2010-12-31,3,661.2400,6.80,164.9228,5.11,3
600138,中青旅,2010-12-31,5,3599.1810,8.67,-1752.9200,12.89,5
600139,西部资源,2010-12-31,5,1749.9820,7.38,290.8280,6.15,4
600141,兴发集团,2010-12-31,4,2666.8670,7.30,-891.2510,9.74,4
600146,大元股份,2010-12-31,3,573.4500,2.87,-859.2440,7.16,6
600150,中国船舶,2010-12-31,3,829.5740,1.25,452.7500,0.57,1
600151,航天机电,2010-12-31,4,826.3060,0.86,235.8560,0.62,3
600153,建发股份,2010-12-31,6,17715.5620,7.92,-8783.9580,11.84,9
600157,永泰能源,2010-12-31,3,1742.6930,5.90,-580.7750,7.86,4
600158,中体产业,2010-12-31,2,262.7690,0.33,-203.6630,0.58,3
600160,巨化股份,2010-12-31,6,2589.5880,4.23,-307.0050,4.73,6
600161,天坛生物,2010-12-31,2,735.2290,1.43,-1471.9490,4.28,4
600162,香江控股,2010-12-31,2,1141.2140,1.49,-184.4180,1.73,3
600163,福建南纸,2010-12-31,3,1699.9880,2.36,1571.8720,0.18,1
600166,福田汽车,2010-12-31,5,16437.8200,15.58,1617.4600,14.05,5
600168,武汉控股,2010-12-31,1,199.9930,0.45,-974.3620,2.66,2
600169,太原重工,2010-12-31,5,4839.2450,5.99,242.2720,6.43,5
600170,上海建工,2010-12-31,6,3066.7840,2.94,688.4770,2.28,6
600171,上海贝岭,2010-12-31,1,159.9920,0.24,-777.3510,1.39,3
600172,黄河旋风,2010-12-31,2,623.1000,2.33,-661.6450,4.79,3
600173,卧龙地产,2010-12-31,2,1452.5400,2.00,297.9721,1.59,3
600175,美都控股,2010-12-31,1,110.7800,0.10,110.7800,0.00,0
600176,中国玻纤,2010-12-31,7,5265.5370,12.32,2247.0520,7.06,5
600177,雅戈尔,2010-12-31,3,6461.0300,2.90,2505.1500,1.78,2
600178,东安动力,2010-12-31,6,2940.2850,6.36,-562.5720,7.58,7
600183,生益科技,2010-12-31,3,3419.6810,3.57,-1798.6380,5.45,5
600185,格力地产,2010-12-31,2,1612.8100,2.79,-1757.5700,5.84,3
600187,国中水务,2010-12-31,4,822.4170,2.51,822.4170,0.00,0
600188,兖州煤业,2010-12-31,5,1989.9880,0.40,902.2060,0.22,4
600189,吉林森工,2010-12-31,2,475.1480,1.53,-1102.5700,5.08,6
600190,锦州港,2010-12-31,1,610.7320,0.39,0.0000,0.39,1
600193,创兴资源,2010-12-31,3,1634.7850,7.49,473.7150,5.32,3
600195,中牧股份,2010-12-31,8,2843.6610,7.29,-1541.6200,11.24,8
600196,复星医药,2010-12-31,5,6014.2400,3.16,-8892.8700,7.83,7
600197,伊力特,2010-12-31,5,3092.6510,7.01,-1773.1460,11.03,8
600198,大唐电信,2010-12-31,5,2171.1440,4.95,261.5680,4.35,3
600199,金种子酒,2010-12-31,3,1157.6530,2.08,-464.1320,3.11,4
600202,哈空调,2010-12-31,2,440.3720,1.15,-2013.2900,6.40,6
600208,新湖中宝,2010-12-31,7,22329.0200,4.35,4372.7000,3.54,6
600210,紫江企业,2010-12-31,3,1444.2540,1.01,-2572.2920,2.80,5
600213,亚星客车,2010-12-31,2,738.6110,3.36,-429.4430,5.31,3
600215,长春经开,2010-12-31,2,584.7960,1.63,584.7960,0.00,0
600216,浙江医药,2010-12-31,2,1449.9960,3.22,-1747.3900,7.10,5
600218,全柴动力,2010-12-31,4,842.5561,2.97,702.5231,0.49,1
600219,南山铝业,2010-12-31,6,2119.2660,1.10,269.5540,0.96,5
600220,江苏阳光,2010-12-31,3,1524.1080,0.85,-527.9660,1.15,4
600221,海南航空,2010-12-31,5,9693.2100,2.35,3787.3760,1.43,4
600223,鲁商置业,2010-12-31,5,5168.1190,5.16,-762.8430,5.93,5
600227,赤天化,2010-12-31,2,273.9960,0.29,-1377.2300,1.74,4
600228,昌九生化,2010-12-31,1,130.8040,0.54,-75.4610,0.85,1
600229,青岛碱业,2010-12-31,2,1140.0000,2.88,-560.0000,4.30,2
600230,沧州大化,2010-12-31,1,268.4310,1.04,-631.5690,3.47,1
600231,凌钢股份,2010-12-31,4,1713.0670,2.13,-747.0510,3.06,5
600236,桂冠电力,2010-12-31,1,263.6000,0.12,-1720.8280,0.87,4
600238,海南椰岛,2010-12-31,1,662.5890,2.22,-560.3990,4.09,2
600239,云南城投,2010-12-31,7,6891.1180,10.88,3608.3810,5.18,4
600240,华业地产,2010-12-31,4,2942.3670,4.56,336.9630,4.04,4
600241,时代万恒,2010-12-31,2,208.3974,1.97,208.3974,0.00,0
600246,万通地产,2010-12-31,4,2292.4040,1.88,-1231.1540,2.90,5
600248,延长化建,2010-12-31,4,914.3680,2.15,914.3680,0.00,0
600252,中恒集团,2010-12-31,8,7340.4760,13.45,601.2160,12.35,8
600255,鑫科材料,2010-12-31,2,129.5877,0.29,129.5877,0.00,0
600256,广汇能源,2010-12-31,8,13859.9580,11.19,5557.0780,6.70,6
600257,大湖股份,2010-12-31,9,6891.2370,16.14,5748.9670,2.67,3
600258,首旅酒店,2010-12-31,5,1444.6330,6.24,-1536.6352,12.88,8
600259,广晟有色,2010-12-31,2,236.6326,0.95,-93.3674,1.32,1
600261,阳光照明,2010-12-31,8,3536.7810,14.16,349.7940,12.76,7
600262,北方股份,2010-12-31,4,524.9180,3.09,-56.3800,3.42,3
600265,*ST景谷,2010-12-31,1,112.1600,0.86,-81.8909,1.50,2
600266,北京城建,2010-12-31,9,7306.8980,8.22,2306.3190,5.62,9
600267,海正药业,2010-12-31,7,7244.8440,14.98,-823.3010,16.68,8
600268,国电南自,2010-12-31,4,1261.4100,3.97,-1532.2230,9.84,7
600269,赣粤高速,2010-12-31,4,4083.7930,1.75,-987.3280,2.17,6
600270,外运发展,2010-12-31,1,800.0000,0.88,-740.5430,1.70,4
600276,恒瑞医药,2010-12-31,5,5140.4080,6.86,-397.7430,7.39,5
600279,重庆港九,2010-12-31,1,485.9770,1.42,485.9770,0.00,0
600280,中央商场,2010-12-31,5,1995.9330,13.90,145.5630,12.89,5
600281,太化股份,2010-12-31,1,300.0000,0.58,118.4010,0.35,1
600283,钱江水利,2010-12-31,6,2883.5350,10.11,1231.7630,5.79,5
600285,羚锐制药,2010-12-31,3,813.9030,4.05,-471.7630,6.41,3
600288,大恒科技,2010-12-31,7,2069.5070,4.74,1569.5150,1.14,2
600289,亿阳信通,2010-12-31,5,6328.9140,11.24,3235.8530,5.49,5
600292,中电远达,2010-12-31,4,1692.2240,5.06,859.0610,2.49,3
600297,美罗药业,2010-12-31,4,1553.5240,4.44,-527.8710,5.95,6
600298,安琪酵母,2010-12-31,8,3695.8760,12.08,-422.7170,13.46,8
600299,蓝星新材,2010-12-31,1,246.0000,0.47,-127.1440,0.71,1
600300,维维股份,2010-12-31,2,813.5020,0.49,-148.8190,0.58,3
600303,曙光股份,2010-12-31,7,3089.1260,10.75,-1009.6470,18.46,9
600305,恒顺醋业,2010-12-31,4,1309.1639,10.30,25.4469,10.10,5
600306,商业城,2010-12-31,3,1026.8590,5.76,19.9950,5.65,3
600307,酒钢宏兴,2010-12-31,4,1645.5290,0.80,-425.2270,1.01,4
600308,华泰股份,2010-12-31,3,1149.9890,1.77,834.8010,0.49,2
600309,万华化学,2010-12-31,7,9898.9400,5.95,-1987.8400,7.15,7
600310,桂东电力,2010-12-31,4,962.1660,5.23,376.0531,3.19,2
600311,荣华实业,2010-12-31,2,1270.6290,1.91,1270.6290,0.00,0
600312,平高电气,2010-12-31,5,7753.7950,9.47,2344.9470,6.60,5
600315,上海家化,2010-12-31,9,7819.0720,18.48,499.4850,17.30,8
600316,洪都航空,2010-12-31,4,1928.4170,2.69,1412.1230,1.15,2
600317,营口港,2010-12-31,2,197.7651,0.18,-54.6499,0.23,2
600318,巢东股份,2010-12-31,2,297.4910,1.23,163.4530,0.55,1
600321,国栋建设,2010-12-31,2,1495.4010,3.28,-418.1860,4.20,2
600322,天房发展,2010-12-31,3,3099.9940,2.80,-53.9460,2.85,4
600323,南海发展,2010-12-31,3,970.7706,3.58,-458.8538,5.27,6
600326,西藏天路,2010-12-31,1,200.0000,0.37,-3364.7930,6.51,5
600327,大东方,2010-12-31,7,10967.5450,21.02,-75.5550,21.17,7
600329,中新药业,2010-12-31,2,1171.6660,1.58,-1775.4630,3.99,4
600331,宏达股份,2010-12-31,5,5227.9420,5.07,-1905.0060,6.91,6
600332,白云山,2010-12-31,4,1319.8360,1.63,-1171.4360,3.07,6
600335,国机汽车,2010-12-31,6,2857.6400,10.36,-193.1310,11.06,6
600336,澳柯玛,2010-12-31,2,630.1180,1.85,50.1580,1.70,2
600337,美克股份,2010-12-31,8,6311.4760,9.98,-458.9890,13.26,8
600338,西藏珠峰,2010-12-31,1,705.2180,4.45,-171.8710,5.54,2
600339,天利高新,2010-12-31,1,856.7120,1.63,-239.6380,2.09,1
600345,长江通信,2010-12-31,1,100.5690,0.51,0.0000,0.51,1
600350,山东高速,2010-12-31,5,1173.4310,0.35,-1678.5560,0.85,6
600360,华微电子,2010-12-31,5,4173.7160,8.00,2031.0420,4.11,6
600361,华联综超,2010-12-31,4,6639.9600,13.70,-1191.2060,16.15,5
600362,江西铜业,2010-12-31,6,5752.7680,1.66,2582.8200,1.05,6
600363,联创光电,2010-12-31,2,1060.7380,2.86,1060.7380,0.00,0
600365,通葡股份,2010-12-31,2,343.0690,2.45,-1186.6610,10.93,5
600366,宁波韵升,2010-12-31,5,2211.6070,5.59,-2417.1530,11.70,7
600367,红星发展,2010-12-31,1,580.0000,1.99,-890.7840,5.05,2
600369,西南证券,2010-12-31,3,1441.8270,0.62,880.6030,0.24,2
600372,中航电子,2010-12-31,2,650.3230,1.34,-1469.8920,4.37,4
600373,中文传媒,2010-12-31,4,2160.4120,3.81,-1643.4490,20.29,7
600376,首开股份,2010-12-31,5,4580.1030,3.98,1142.3960,2.99,3
600377,宁沪高速,2010-12-31,2,1687.1750,0.33,-2128.3130,0.76,4
600378,天科股份,2010-12-31,3,1496.0420,5.54,958.8590,1.99,2
600379,宝光股份,2010-12-31,1,402.8880,1.88,-765.9800,5.45,2
600380,健康元,2010-12-31,4,4617.8780,3.51,-679.0070,4.02,5
600382,广东明珠,2010-12-31,4,2599.0990,7.61,103.0150,7.30,4
600383,金地集团,2010-12-31,4,25108.4300,5.62,5951.4600,4.28,3
600386,北巴传媒,2010-12-31,5,3167.3370,7.86,661.8880,6.21,5
600388,龙净环保,2010-12-31,4,1634.3780,7.86,128.7890,7.24,4
600389,江山股份,2010-12-31,2,736.8480,3.72,736.8480,0.00,0
600390,金瑞科技,2010-12-31,1,149.9910,0.94,-98.9230,1.56,1
600391,成发科技,2010-12-31,3,314.9019,2.40,-198.2983,3.91,4
600393,东华实业,2010-12-31,1,149.9950,0.50,-237.3580,1.29,2
600395,盘江股份,2010-12-31,5,2552.0610,2.31,-397.8690,2.67,5
600396,金山股份,2010-12-31,2,1576.3100,4.63,-307.1350,5.53,3
600399,抚顺特钢,2010-12-31,1,358.6750,0.69,-985.9290,2.59,3
600400,红豆股份,2010-12-31,2,384.0640,0.89,-703.7630,2.52,3
600415,小商品城,2010-12-31,6,6955.0670,5.11,2074.3750,3.59,5
600416,湘电股份,2010-12-31,5,3225.9960,10.60,-151.3130,11.10,6
600418,江淮汽车,2010-12-31,5,9562.6400,7.42,801.6500,6.80,5
600422,昆明制药,2010-12-31,4,2635.9720,8.39,566.8720,6.59,4
600426,华鲁恒升,2010-12-31,6,2390.5710,3.76,-731.4500,6.30,5
600428,中远航运,2010-12-31,7,8801.2910,6.72,3093.1700,4.36,6
600456,宝钛股份,2010-12-31,6,1542.8630,3.59,-1433.0590,6.92,8
600458,时代新材,2010-12-31,5,2873.4570,12.22,-32.5150,12.36,6
600468,百利电气,2010-12-31,4,1838.9480,4.84,1024.1160,2.14,3
600486,扬农化工,2010-12-31,5,1742.9930,10.12,537.0670,7.00,3
600488,天药股份,2010-12-31,6,2534.2940,4.67,465.4700,3.81,5
600496,精工钢构,2010-12-31,5,3112.2700,8.04,171.2250,7.60,5
600498,烽火通信,2010-12-31,6,4379.4540,9.91,624.6140,8.50,6
600499,科达机电,2010-12-31,5,6346.7860,10.61,1938.6160,7.37,5
600501,航天晨光,2010-12-31,1,65.0000,0.20,-386.1660,1.39,1
600503,华丽家族,2010-12-31,4,1438.4270,2.73,182.6650,2.38,3
600508,上海能源,2010-12-31,6,1632.0710,2.26,-671.6020,3.19,7
600509,天富热电,2010-12-31,1,260.0000,0.40,-109.8120,0.56,2
600510,黑牡丹,2010-12-31,1,349.1830,0.44,-548.2230,1.13,2
600511,国药股份,2010-12-31,8,6566.5760,13.71,518.7750,12.63,7
600516,方大炭素,2010-12-31,7,3673.3080,2.87,2411.0880,0.99,4
600518,康美药业,2010-12-31,4,12575.1100,7.42,-4823.6000,10.27,4
600519,贵州茅台,2010-12-31,7,3654.1440,3.87,-508.4880,4.41,6
600520,中发科技,2010-12-31,2,576.9970,5.10,4.9450,5.06,2
600522,中天科技,2010-12-31,8,5454.7220,17.00,2953.3320,7.80,6
600523,贵航股份,2010-12-31,3,550.6580,1.91,85.1680,1.61,2
600525,长园集团,2010-12-31,6,2779.6310,6.44,-894.1720,8.51,6
600528,中铁二局,2010-12-31,7,3149.9210,2.16,-955.9310,2.81,6
600529,山东药玻,2010-12-31,3,2048.4760,7.96,-3096.0820,19.99,6
600531,豫光金铅,2010-12-31,4,1286.9770,4.36,1060.4554,0.99,4
600533,栖霞建设,2010-12-31,5,6869.7300,6.54,707.7590,5.87,4
600535,天士力,2010-12-31,7,4520.7240,8.75,-1218.0200,11.76,7
600548,深高速,2010-12-31,1,735.0710,0.34,221.7010,0.24,1
600549,厦门钨业,2010-12-31,2,594.5340,0.87,-1407.9760,2.94,4
600550,天威保变,2010-12-31,6,2111.6280,1.81,-2051.4240,3.56,7
600551,时代出版,2010-12-31,4,1357.7670,3.22,439.4360,2.18,3
600557,康缘药业,2010-12-31,4,3901.6120,9.39,-1546.9460,13.11,5
600559,老白干酒,2010-12-31,7,2542.8520,18.16,-238.8380,19.87,7
600560,金自天正,2010-12-31,1,208.2710,2.10,-203.0235,4.14,2
600563,法拉电子,2010-12-31,8,3449.2380,15.33,-584.2240,17.93,8
600569,安阳钢铁,2010-12-31,1,331.5780,0.14,-5256.7980,2.33,6
600571,信雅达,2010-12-31,3,988.7330,5.08,-554.7900,7.93,4
600577,精达股份,2010-12-31,3,594.1710,2.02,-1426.1790,6.86,3
600578,京能电力,2010-12-31,2,300.9810,0.46,-388.6578,1.20,3
600580,卧龙电气,2010-12-31,4,3117.5450,7.27,15.8180,7.23,6
600581,八一钢铁,2010-12-31,5,3085.7470,4.03,-1624.3960,6.15,7
600582,天地科技,2010-12-31,6,7701.5080,7.61,1405.1050,6.22,6
600583,海油工程,2010-12-31,6,12744.2100,3.28,1502.3920,2.89,6
600585,海螺水泥,2010-12-31,4,6602.8300,1.87,3711.8200,0.82,2
600586,金晶科技,2010-12-31,2,577.4920,0.98,-128.3550,1.20,1
600587,新华医疗,2010-12-31,4,1683.6460,12.53,551.9640,8.42,4
600588,用友软件,2010-12-31,3,4526.7400,5.55,-4288.4420,10.80,6
600590,泰豪科技,2010-12-31,4,1064.4530,2.34,-2278.1640,7.34,6
600592,龙溪股份,2010-12-31,4,2337.2830,7.79,-802.4850,10.47,6
600595,中孚实业,2010-12-31,4,1239.2950,1.05,-1895.6680,2.65,6
600596,新安股份,2010-12-31,6,6280.2830,9.25,-461.5620,9.93,6
600597,光明乳业,2010-12-31,4,2491.0220,2.37,-369.0050,2.75,4
600598,北大荒,2010-12-31,6,6062.4350,3.41,-1869.3890,4.46,7
600599,熊猫烟花,2010-12-31,1,49.9949,0.40,49.9949,0.00,0
600600,青岛啤酒,2010-12-31,5,4211.5050,3.12,-571.3060,3.54,6
600601,方正科技,2010-12-31,5,3541.0800,1.61,49.7220,1.59,4
600606,金丰投资,2010-12-31,2,108.2821,0.25,-50.4900,0.37,2
600611,大众交通,2010-12-31,2,625.7370,0.40,229.8500,0.25,1
600612,老凤祥,2010-12-31,4,1606.1190,4.79,494.3990,3.32,3
600616,金枫酒业,2010-12-31,3,1203.3440,2.74,-4626.8480,13.29,5
600619,海立股份,2010-12-31,1,1288.6400,2.14,-13.0200,2.16,1
600621,华鑫股份,2010-12-31,1,121.0850,0.23,-304.2940,0.81,3
600622,嘉宝集团,2010-12-31,3,1494.9830,2.91,-517.6540,3.91,3
600626,申达股份,2010-12-31,1,90.8467,0.19,-1121.5363,2.56,4
600628,新世界,2010-12-31,2,1645.1140,3.09,-2770.3580,8.30,4
600635,大众公用,2010-12-31,4,1889.9950,1.15,-222.3590,1.28,4
600639,浦东金桥,2010-12-31,1,300.0000,0.32,-1415.2230,1.85,3
600642,申能股份,2010-12-31,1,1084.2800,0.34,-1315.8280,0.83,3
600643,爱建股份,2010-12-31,2,1099.9860,1.34,-681.3670,2.17,3
600644,乐山电力,2010-12-31,1,772.5760,2.37,-1014.4750,5.47,5
600649,城投控股,2010-12-31,3,1827.7960,0.80,-3293.7600,2.23,3
600651,飞乐音响,2010-12-31,4,3297.5600,5.35,372.6980,4.75,4
600653,申华控股,2010-12-31,2,629.3370,0.36,-173.9100,0.46,2
600655,豫园商城,2010-12-31,1,1200.0000,0.83,-8254.9000,6.58,2
600657,信达地产,2010-12-31,5,4864.0800,3.19,-3350.1730,5.39,7
600658,电子城,2010-12-31,2,406.1600,0.70,-237.4580,1.11,2
600660,福耀玻璃,2010-12-31,5,15100.4700,7.54,402.5600,7.34,5
600662,强生控股,2010-12-31,1,104.0350,0.13,-157.9010,0.32,2
600664,哈药股份,2010-12-31,4,11990.6000,9.65,-1948.2600,11.22,4
600665,天地源,2010-12-31,3,3618.6060,5.03,-133.2156,5.21,3
600666,西南药业,2010-12-31,1,100.0000,0.52,-151.3160,1.30,1
600667,太极实业,2010-12-31,2,1399.9790,2.99,44.3510,2.89,2
600673,东阳光铝,2010-12-31,6,3664.4500,4.43,-441.6130,4.96,7
600674,川投能源,2010-12-31,5,2533.7420,2.72,755.5960,1.91,6
600675,中华企业,2010-12-31,5,6763.3270,4.78,267.6200,4.59,4
600676,交运股份,2010-12-31,1,130.7600,0.18,-71.0842,0.28,2
600677,航天通信,2010-12-31,2,327.3230,1.00,-523.9660,2.61,2
600682,南京新百,2010-12-31,2,1356.8290,3.79,-961.9600,6.47,3
600683,京投银泰,2010-12-31,5,5060.5370,6.83,1067.8070,5.39,5
600684,珠江实业,2010-12-31,1,266.9560,1.43,-100.0000,1.96,2
600685,广船国际,2010-12-31,4,531.4771,1.07,-472.7160,2.03,4
600686,金龙汽车,2010-12-31,4,3920.9750,8.86,-110.6890,9.11,4
600688,上海石化,2010-12-31,2,7500.0000,1.04,-11705.1140,2.67,6
600690,青岛海尔,2010-12-31,8,13793.8000,10.29,2398.6300,8.51,7
600693,东百集团,2010-12-31,6,6094.3250,17.76,-1023.2830,20.74,8
600694,大商股份,2010-12-31,6,3288.8600,11.20,-1302.2520,15.63,8
600697,欧亚集团,2010-12-31,7,2857.1310,17.96,-705.4340,22.39,9
600701,工大高新,2010-12-31,1,955.6020,1.92,955.6020,0.00,0
600702,沱牌舍得,2010-12-31,4,1984.9940,5.88,706.9320,3.79,3
600703,三安光电,2010-12-31,8,5303.0320,8.08,-264.5720,10.03,7
600704,物产中大,2010-12-31,2,1502.0550,3.42,-1864.1330,7.66,5
600706,曲江文旅,2010-12-31,1,242.7080,2.78,242.7080,0.00,0
600707,*ST彩虹,2010-12-31,8,6759.4370,9.17,159.9640,8.96,7
600710,常林股份,2010-12-31,1,150.0000,0.31,-1282.1600,2.95,4
600712,南宁百货,2010-12-31,2,900.0000,3.46,-750.6910,9.51,5
600713,南京医药,2010-12-31,9,5161.2650,14.88,-895.4980,17.47,9
600715,松辽汽车,2010-12-31,1,181.9640,0.81,181.9640,0.00,0
600717,天津港,2010-12-31,3,4021.9410,2.40,-547.3540,2.73,4
600718,东软集团,2010-12-31,2,736.2180,0.60,-4452.0060,4.23,5
600720,祁连山,2010-12-31,4,2990.9370,6.30,-3578.2620,13.83,7
600723,首商股份,2010-12-31,7,4959.6830,12.11,601.7720,10.64,6
600724,宁波富达,2010-12-31,1,1295.4300,0.90,439.9690,0.59,1
600725,云维股份,2010-12-31,1,56.2917,0.09,-21.8800,0.13,1
600729,重庆百货,2010-12-31,6,2790.0960,7.48,-543.0100,16.34,7
600736,苏州高新,2010-12-31,2,3691.7540,4.19,-4160.4500,8.91,5
600737,中粮屯河,2010-12-31,6,7716.4740,7.67,3433.4220,4.26,4
600738,兰州民百,2010-12-31,5,1511.7000,5.75,-2959.9240,17.02,7
600739,辽宁成大,2010-12-31,6,14007.3100,15.40,-708.6610,16.28,7
600740,山西焦化,2010-12-31,2,1600.3040,2.83,400.4550,2.12,3
600741,华域汽车,2010-12-31,7,14204.3100,5.50,-3947.8600,7.03,8
600742,一汽富维,2010-12-31,7,3788.5480,17.91,-205.2900,18.88,8
600743,华远地产,2010-12-31,1,197.7990,0.20,197.7990,0.00,0
600748,上实发展,2010-12-31,7,1804.0390,1.67,262.0770,1.42,8
600749,西藏旅游,2010-12-31,4,1821.8490,11.04,-493.7830,14.03,5
600750,江中药业,2010-12-31,8,5252.0780,16.88,-287.5490,18.72,8
600892,宝诚股份,2010-12-31,2,162.2572,2.57,162.2572,0.00,0
600893,航空动力,2010-12-31,8,2187.0040,4.01,-482.1030,4.90,7
600894,广日股份,2010-12-31,3,1983.3370,2.60,-116.1690,2.75,3
600895,张江高科,2010-12-31,6,2557.7200,1.65,-1585.9310,2.68,7
600897,厦门空港,2010-12-31,3,785.0410,2.64,-834.3829,5.44,6
600295,鄂尔多斯,2010-12-31,1,374.8400,0.36,374.8400,0.00,0
600320,振华重工,2010-12-31,1,1012.4200,0.23,-875.1720,0.43,2
000001,平安银行,2010-12-31,3,9626.5300,2.76,-2282.3700,3.42,3
000002,万科A,2010-12-31,4,41259.1700,3.75,-1201.2800,3.86,4
000006,深振业A,2010-12-31,1,292.5370,0.38,-3027.7260,4.36,3
000009,中国宝安,2010-12-31,7,15359.7800,14.08,-5190.0800,18.84,8
000012,南玻A,2010-12-31,4,13763.6600,6.63,1461.8600,5.92,5
000014,沙河股份,2010-12-31,2,650.0000,3.22,0.0000,3.22,2
000016,深康佳A,2010-12-31,1,445.8910,0.37,-1836.2050,1.90,2
000019,深深宝A,2010-12-31,1,227.7000,1.25,83.8870,0.79,1
000021,长城开发,2010-12-31,7,8353.1200,6.33,170.7000,6.20,7
000024,招商地产,2010-12-31,7,8830.7480,5.14,-1516.1490,6.03,8
000026,飞亚达A,2010-12-31,4,1282.7340,4.57,-635.6630,7.69,7
000027,深圳能源,2010-12-31,4,2177.7390,0.99,-1385.7800,1.62,6
000028,国药一致,2010-12-31,8,4350.7690,15.10,130.2570,14.65,8
000031,中粮地产,2010-12-31,7,10460.8220,5.77,-149.7110,5.85,8
000036,华联控股,2010-12-31,2,1710.2570,1.52,1710.2570,0.00,0
000039,中集集团,2010-12-31,2,3131.2900,1.18,-3086.8600,2.34,4
000043,中航地产,2010-12-31,1,249.9910,1.12,-49.9870,1.35,1
000045,深纺织A,2010-12-31,2,871.1270,2.59,239.4620,1.88,2
000046,泛海建设,2010-12-31,6,5778.6190,2.54,1703.3280,1.79,4
000049,德赛电池,2010-12-31,1,21.3407,0.16,21.3407,0.00,0
000050,深天马A,2010-12-31,9,5322.3400,9.27,1778.1880,6.17,8
000059,辽通化工,2010-12-31,7,4515.7460,3.76,-3067.9630,6.32,8
000060,中金岭南,2010-12-31,6,9395.1300,5.92,-4944.0720,9.04,7
000061,农产品,2010-12-31,5,6893.1410,8.97,-1490.1370,10.91,7
000062,深圳华强,2010-12-31,1,374.9830,0.56,374.9830,0.00,0
000063,中兴通讯,2010-12-31,5,12819.5800,4.47,-5665.5300,6.45,6
000066,长城电脑,2010-12-31,3,1787.9460,1.35,-4629.9640,5.83,6
000069,华侨城A,2010-12-31,7,16343.3800,5.26,1182.1900,4.88,6
000078,海王生物,2010-12-31,2,164.5957,0.25,-93.4860,0.40,3
000088,盐田港,2010-12-31,3,282.0681,0.23,-28.2306,0.25,3
000089,深圳机场,2010-12-31,1,3323.1900,1.97,-1331.1170,2.75,5
000090,深天健,2010-12-31,5,2860.1190,6.26,-4054.2840,15.14,7
000096,广聚能源,2010-12-31,3,491.5040,0.93,-20.0000,0.97,3
000151,中成股份,2010-12-31,1,57.4458,0.19,-1107.7082,3.94,4
000153,丰原药业,2010-12-31,2,980.0000,3.77,920.0000,0.23,1
000157,中联重科,2010-12-31,2,5419.3500,0.93,-1131.2400,1.33,2
000301,东方市场,2010-12-31,4,3337.9970,2.74,-144.1860,2.86,3
000400,许继电气,2010-12-31,8,4014.1580,10.61,-1070.2630,13.44,9
000401,冀东水泥,2010-12-31,6,9057.1300,7.47,2470.0900,5.43,5
000402,金融街,2010-12-31,4,11371.0400,3.76,-5592.6800,5.60,6
000407,胜利股份,2010-12-31,3,3071.8640,6.15,-100.1790,6.35,3
000410,沈阳机床,2010-12-31,1,369.5740,0.68,-1293.7820,3.05,4
000411,英特集团,2010-12-31,1,300.0000,1.45,-497.4590,3.84,3
000413,宝石A,2010-12-31,2,793.0830,2.07,-867.5710,4.34,3
000415,渤海租赁,2010-12-31,6,3152.8380,10.50,364.1520,9.29,6
000417,合肥百货,2010-12-31,7,7094.6480,14.79,182.3090,14.41,7
000418,小天鹅A,2010-12-31,5,6175.2400,9.76,309.8410,10.71,5
000419,通程控股,2010-12-31,2,619.4730,1.76,-1429.9960,5.84,2
000420,吉林化纤,2010-12-31,7,3694.0160,9.77,3467.0240,0.60,1
000422,湖北宜化,2010-12-31,8,5388.6700,9.94,-565.9910,10.98,8
000423,东阿阿胶,2010-12-31,8,8635.4170,13.20,-703.3670,14.28,8
000425,徐工机械,2010-12-31,9,8910.9190,8.64,2575.9920,7.30,9
000426,兴业矿业,2010-12-31,4,1497.9330,3.93,1257.2940,0.63,1
000428,华天酒店,2010-12-31,1,302.1120,0.55,-1593.5590,3.43,4
600754,锦江股份,2010-12-31,5,2957.2940,4.90,940.4720,3.34,5
600755,厦门国贸,2010-12-31,3,444.3560,0.43,-71.3700,0.50,3
600760,*ST黑豹,2010-12-31,6,3174.6250,9.20,2318.9770,2.48,3
600761,安徽合力,2010-12-31,8,3922.2900,10.99,-1804.9720,16.04,8
600763,通策医疗,2010-12-31,8,2151.2510,13.42,616.9120,9.57,5
600765,中航重机,2010-12-31,9,8086.6360,10.39,-666.4270,11.25,9
600769,*ST祥龙,2010-12-31,1,347.7640,0.93,347.7640,0.00,0
600770,综艺股份,2010-12-31,7,9826.4890,14.74,1631.4520,12.29,5
600773,西藏城投,2010-12-31,4,1451.9950,2.52,426.5850,1.78,4
600774,汉商集团,2010-12-31,2,579.9940,3.32,-368.3390,5.43,3
600778,友好集团,2010-12-31,7,5463.4420,17.54,1089.6480,14.04,7
600779,水井坊,2010-12-31,2,338.6450,0.69,-4931.7910,10.79,6
600780,通宝能源,2010-12-31,1,620.3710,0.71,310.3210,0.36,1
600782,新钢股份,2010-12-31,3,1359.1120,0.98,-519.6320,1.35,3
600783,鲁信创投,2010-12-31,3,727.5560,1.95,578.0370,0.40,1
600785,新华百货,2010-12-31,7,4110.1810,19.81,756.7750,16.17,6
600787,中储股份,2010-12-31,1,1801.1800,2.14,-3018.0770,5.74,6
600789,鲁抗医药,2010-12-31,1,83.5038,0.14,-1174.7482,2.16,3
600790,轻纺城,2010-12-31,4,4340.6090,7.01,3220.6090,1.81,2
600797,浙大网新,2010-12-31,2,1082.6870,1.33,-816.2550,2.34,4
600798,宁波海运,2010-12-31,1,587.4470,0.67,387.1062,0.23,2
600801,华新水泥,2010-12-31,3,1579.6270,3.91,1129.6590,1.11,1
600802,福建水泥,2010-12-31,2,476.4970,1.25,-14.6060,1.29,2
600803,威远生化,2010-12-31,1,294.7130,1.25,-117.0000,1.74,1
600805,悦达投资,2010-12-31,7,6718.0780,12.32,-564.9340,13.35,7
600806,昆明机床,2010-12-31,3,1296.0980,2.44,387.2400,1.71,2
600808,马钢股份,2010-12-31,7,22627.1500,2.94,-1234.4000,3.10,6
600809,山西汾酒,2010-12-31,7,3087.8020,7.13,325.5840,6.38,7
600810,神马股份,2010-12-31,2,1105.3240,2.50,282.2200,1.86,2
600811,东方集团,2010-12-31,2,3126.0800,1.88,1287.8900,1.10,3
600812,华北制药,2010-12-31,5,7475.3260,7.27,2109.0220,5.22,4
600814,杭州解百,2010-12-31,2,713.2530,2.30,-165.2080,2.83,2
600815,厦工股份,2010-12-31,5,4483.4030,5.75,1307.6050,4.07,5
600816,安信信托,2010-12-31,4,2303.2170,5.07,0.0000,5.07,4
600819,耀皮玻璃,2010-12-31,2,1612.2040,2.20,1612.2040,0.00,0
600820,隧道股份,2010-12-31,3,1397.9730,1.91,-1021.6680,3.30,5
600822,上海物贸,2010-12-31,1,258.4190,0.52,-218.4650,0.96,1
600823,世茂股份,2010-12-31,3,2086.9510,1.78,-542.6190,2.25,3
600825,新华传媒,2010-12-31,2,1176.5990,1.13,-3131.2130,4.12,5
600826,兰生股份,2010-12-31,2,471.4650,1.68,271.4650,0.71,1
600827,友谊股份,2010-12-31,3,4191.4250,8.88,-325.3530,9.57,4
600828,成商集团,2010-12-31,6,4261.2790,11.65,338.0050,10.73,5
600829,三精制药,2010-12-31,4,2111.5280,5.46,-31.7510,5.54,5
600830,香溢融通,2010-12-31,5,3153.2780,6.94,-1187.2600,9.55,6
600831,广电网络,2010-12-31,6,3335.1050,5.92,353.0190,5.29,5
600832,东方明珠,2010-12-31,2,1564.4990,0.49,-244.1050,0.57,2
600833,第一医药,2010-12-31,2,1027.0140,6.45,361.9680,4.17,2
600834,申通地铁,2010-12-31,2,68.8079,0.14,-19.0200,0.18,2
600835,上海机电,2010-12-31,4,4230.4350,4.14,-1867.1380,5.96,5
600836,界龙实业,2010-12-31,2,90.4010,0.29,-24.9800,0.37,2
600839,四川长虹,2010-12-31,4,4640.0740,1.63,-12584.1480,6.05,6
600844,丹化科技,2010-12-31,2,1732.6900,2.23,12.7260,2.21,2
600845,宝信软件,2010-12-31,1,156.2770,0.60,35.7830,0.46,1
601607,上海医药,2010-12-31,6,7960.4270,3.99,-7732.6130,7.88,9
600850,华东电脑,2010-12-31,4,1367.9643,8.00,-108.2190,8.63,5
600853,龙建股份,2010-12-31,1,124.3640,0.23,124.3640,0.00,0
600855,航天长峰,2010-12-31,2,679.9900,2.32,430.6148,0.85,2
600857,工大首创,2010-12-31,1,785.0510,3.50,123.3630,2.95,1
600858,银座股份,2010-12-31,5,2995.0040,10.37,-1178.9760,14.45,8
600859,王府井,2010-12-31,7,4401.2640,10.54,1535.4220,7.29,5
600860,北人股份,2010-12-31,1,670.2040,1.59,-134.1040,1.91,1
600861,北京城乡,2010-12-31,1,699.9890,2.21,-3171.6960,12.22,6
600862,南通科技,2010-12-31,2,379.4700,1.19,289.4760,0.28,1
600863,内蒙华电,2010-12-31,4,5027.0310,2.54,-4970.7130,5.05,7
600865,百大集团,2010-12-31,1,249.9770,0.66,-539.1930,2.10,2
600866,星湖科技,2010-12-31,6,5960.4020,11.44,-210.6880,11.84,7
600867,通化东宝,2010-12-31,1,269.5930,0.47,-2208.2730,4.31,5
600869,远东电缆,2010-12-31,7,1534.6260,3.59,823.3511,1.66,5
600870,厦华电子,2010-12-31,1,834.8290,2.25,257.3510,1.56,1
600871,仪征化纤,2010-12-31,5,6183.9290,1.55,2472.7790,0.93,2
600872,中炬高新,2010-12-31,4,1159.4740,1.46,-254.0320,1.77,3
600873,梅花集团,2010-12-31,2,1058.9530,1.05,-599.2120,15.32,6
600875,东方电气,2010-12-31,6,8964.5430,4.47,1401.2610,3.77,7
600876,洛阳玻璃,2010-12-31,1,107.4720,0.21,107.4720,0.00,0
600877,中国嘉陵,2010-12-31,1,169.9990,0.25,-198.7170,0.54,1
600879,航天电子,2010-12-31,6,4551.7560,5.61,-1794.0420,7.82,7
600880,博瑞传播,2010-12-31,7,6376.0440,10.35,-255.2430,10.77,6
600881,亚泰集团,2010-12-31,3,3856.0800,2.04,-2738.2600,3.48,5
600883,博闻科技,2010-12-31,1,998.3110,4.23,158.0930,3.56,1
600884,杉杉股份,2010-12-31,4,1093.5060,2.66,-1315.4240,5.86,6
600886,国投电力,2010-12-31,2,5537.9330,2.78,-455.7080,3.00,4
600887,伊利股份,2010-12-31,8,10983.7090,13.74,-1221.8910,15.27,8
600888,新疆众和,2010-12-31,5,3349.2370,9.51,2178.4930,3.33,3
600889,南京化纤,2010-12-31,1,299.9930,0.98,-699.9030,3.26,2
000430,张家界,2010-12-31,3,1782.8540,8.10,1782.8540,0.00,0
000488,晨鸣纸业,2010-12-31,2,2207.8600,1.07,-3858.6000,2.94,3
000501,鄂武商A,2010-12-31,4,5947.5320,11.73,-216.2840,12.15,4
000503,海虹控股,2010-12-31,3,1648.8630,2.20,-385.5770,2.72,3
000507,珠海港,2010-12-31,3,2087.0700,6.05,-442.1420,7.33,5
000511,银基发展,2010-12-31,4,830.6230,0.72,-2665.4230,3.03,5
000513,丽珠集团,2010-12-31,5,3026.0490,10.23,675.8570,7.95,5
000514,渝开发,2010-12-31,4,2538.5250,3.64,658.3690,2.70,5
000516,开元投资,2010-12-31,2,2845.9850,3.99,-40.0000,4.05,2
000519,江南红箭,2010-12-31,2,499.9750,2.62,66.7970,2.27,1
000521,美菱电器,2010-12-31,1,491.4360,0.93,491.4360,0.00,0
000524,东方宾馆,2010-12-31,1,58.2821,0.22,58.2821,0.00,0
000525,红太阳,2010-12-31,2,1991.5500,7.11,357.0700,5.83,2
000528,柳工,2010-12-31,8,8130.7030,12.51,1470.2310,10.24,8
000530,大冷股份,2010-12-31,3,1512.1150,4.32,-97.2550,4.60,4
000531,穗恒运A,2010-12-31,3,513.4130,1.93,324.5710,0.71,1
000532,力合股份,2010-12-31,1,480.6080,1.39,410.6443,0.20,1
000534,万泽股份,2010-12-31,1,463.9730,1.82,-406.1200,3.41,2
000536,华映科技,2010-12-31,6,3358.9082,4.80,2115.9422,1.77,2
000537,广宇发展,2010-12-31,5,3710.6860,7.24,-1113.7420,9.41,6
000538,云南白药,2010-12-31,7,5681.6040,8.18,-390.9370,8.75,7
000539,粤电力A,2010-12-31,2,2518.2370,0.90,-2678.4530,1.86,4
000540,中天城投,2010-12-31,6,4715.7330,5.16,-546.7210,5.76,7
000541,佛山照明,2010-12-31,5,4855.4050,4.96,-2019.7010,7.03,5
000546,光华控股,2010-12-31,3,422.5864,2.49,-919.3056,7.92,5
000547,闽福发A,2010-12-31,4,1484.5230,6.06,-1298.5380,11.37,5
000550,江铃汽车,2010-12-31,4,3468.2670,4.02,-196.2850,4.25,4
000551,创元科技,2010-12-31,6,1940.7740,7.28,341.5140,6.62,5
000552,靖远煤电,2010-12-31,1,61.0599,0.34,-231.1370,1.64,2
000554,泰山石油,2010-12-31,4,1179.5520,2.45,811.3400,0.77,1
000559,万向钱潮,2010-12-31,6,11067.5770,9.03,-1727.2590,10.44,6
000560,昆百大A,2010-12-31,2,706.0280,5.25,-200.7070,6.75,3
000562,宏源证券,2010-12-31,5,2919.7610,2.00,-158.1350,2.11,4
000564,西安民生,2010-12-31,3,756.5320,2.49,-1472.6820,7.33,7
000566,海南海药,2010-12-31,7,3699.9750,17.38,-744.5240,21.03,8
000568,泸州老窖,2010-12-31,9,10456.3140,7.50,-587.7460,7.92,9
000570,苏常柴A,2010-12-31,1,449.9990,0.80,50.0080,0.71,1
000571,新大洲A,2010-12-31,2,634.4580,0.86,295.9080,0.46,2
000573,粤宏远A,2010-12-31,2,224.4150,0.36,-62.0200,0.46,2
000581,威孚高科,2010-12-31,6,6175.9620,10.89,-114.9990,11.09,7
000582,北海港,2010-12-31,1,179.9890,1.27,-187.9808,2.59,3
000590,紫光古汉,2010-12-31,5,2210.3840,10.89,2210.3840,0.00,0
000592,中福实业,2010-12-31,4,1700.8330,2.61,-1449.0180,5.44,5
000596,古井贡酒,2010-12-31,5,1625.5760,6.92,474.4200,4.90,3
000597,东北制药,2010-12-31,3,615.6800,1.84,-177.5831,2.38,4
000598,兴蓉投资,2010-12-31,5,2957.4030,6.40,-54.9350,6.52,5
000599,青岛双星,2010-12-31,1,92.7100,0.18,-207.2800,0.57,1
000601,韶能股份,2010-12-31,1,169.0840,0.18,-2488.8100,2.87,4
000606,青海明胶,2010-12-31,1,415.8810,1.02,415.8810,0.00,0
000607,华智控股,2010-12-31,1,1530.0800,3.14,-42.6200,3.22,1
000608,阳光股份,2010-12-31,1,321.9720,0.43,-100.0080,0.56,1
000610,西安旅游,2010-12-31,3,1149.2380,5.84,-345.1090,7.60,3
000612,焦作万方,2010-12-31,7,2674.7930,5.57,-21.5550,5.62,7
000616,亿城股份,2010-12-31,5,6689.0600,6.73,3198.4380,3.51,3
000617,*ST济柴,2010-12-31,2,636.6836,2.21,40.8156,2.07,1
000619,海螺型材,2010-12-31,1,149.9920,0.42,-544.5770,1.93,3
000623,吉林敖东,2010-12-31,6,4110.3130,7.17,1980.1550,3.72,5
000625,长安汽车,2010-12-31,2,2934.7990,1.26,-306.0460,1.39,3
000627,天茂集团,2010-12-31,5,2828.5000,2.09,2392.6920,0.32,2
000629,攀钢钒钛,2010-12-31,1,6000.0000,1.05,6000.0000,0.00,0
000630,铜陵有色,2010-12-31,8,7750.7660,5.99,926.1910,5.27,9
000632,三木集团,2010-12-31,1,114.4600,0.25,114.4600,0.00,0
000635,英力特,2010-12-31,3,966.2010,5.46,266.2010,3.95,2
000639,西王食品,2010-12-31,5,916.2650,7.30,-259.9060,16.14,6
000650,仁和药业,2010-12-31,8,8779.2210,20.89,1259.7580,17.90,8
000651,格力电器,2010-12-31,4,13007.2200,4.62,-1321.4400,5.08,4
000652,泰达股份,2010-12-31,5,3881.4270,2.63,-2191.8730,4.12,6
000655,金岭矿业,2010-12-31,4,1506.5340,2.53,375.5180,1.90,4
000656,金科股份,2010-12-31,6,2457.5480,9.83,469.9270,7.95,6
000659,珠海中富,2010-12-31,1,577.9840,0.76,97.9310,0.70,2
000661,长春高新,2010-12-31,4,1119.2500,8.52,-284.3570,10.69,7
000665,湖北广电,2010-12-31,3,971.9700,5.48,-1138.9450,11.89,5
000666,经纬纺机,2010-12-31,4,2619.5790,4.34,2619.5790,0.00,0
000667,名流置业,2010-12-31,5,8217.7680,3.21,617.8980,2.97,4
000669,金鸿能源,2010-12-31,10,2643.6060,28.58,934.1699,18.48,8
000671,阳光城,2010-12-31,1,202.1460,0.38,2.1480,0.37,1
000678,襄阳轴承,2010-12-31,1,199.9990,0.66,-2175.7260,7.89,5
000679,大连友谊,2010-12-31,3,735.9060,3.10,-304.2880,4.38,4
000680,山推股份,2010-12-31,8,12299.8960,16.20,3117.3080,12.10,9
000682,东方电子,2010-12-31,3,736.9470,0.75,-97.4100,0.85,3
000685,中山公用,2010-12-31,6,609.9025,1.02,-75.2615,1.14,3
000686,东北证券,2010-12-31,4,848.9400,1.33,-183.1650,1.61,4
000687,恒天天鹅,2010-12-31,2,335.4750,0.52,-342.3276,1.06,2
000690,宝新能源,2010-12-31,7,5473.2570,3.17,-608.2740,3.52,7
001696,宗申动力,2010-12-31,2,3714.0900,3.64,-6226.5280,9.74,7
000697,炼石有色,2010-12-31,2,927.3470,4.97,927.3470,0.00,0
000700,模塑科技,2010-12-31,2,277.6933,0.90,277.6933,0.00,0
000707,双环科技,2010-12-31,2,939.9940,2.03,739.9980,0.43,1
000708,大冶特钢,2010-12-31,4,3458.1960,7.70,79.2400,7.52,4
000709,河北钢铁,2010-12-31,6,16203.6100,2.36,-6070.8100,3.24,7
000712,锦龙股份,2010-12-31,5,1591.9110,5.23,293.9300,4.26,3
000713,丰乐种业,2010-12-31,6,2738.4390,9.16,363.4240,8.80,7
000715,中兴商业,2010-12-31,5,2795.3320,10.02,329.8020,8.84,6
000716,南方食品,2010-12-31,7,2134.2350,11.97,-315.1200,13.74,8
000717,*ST韶钢,2010-12-31,2,644.9030,0.39,-4512.4710,3.09,6
000718,苏宁环球,2010-12-31,4,10937.6700,6.42,4093.9400,4.02,4
000720,新能泰山,2010-12-31,2,1509.4890,1.75,-92.0790,1.85,2
000721,西安饮食,2010-12-31,5,1907.9460,9.56,556.7820,6.77,3
000726,鲁泰A,2010-12-31,1,439.3480,0.44,-2261.5470,2.71,4
000727,华东科技,2010-12-31,3,2136.8250,5.95,2136.8250,0.00,0
000728,国元证券,2010-12-31,2,1980.5760,1.01,-2232.1710,2.14,6
000729,燕京啤酒,2010-12-31,6,6161.5720,5.09,-5299.1930,9.47,7
000739,普洛药业,2010-12-31,1,120.0000,0.47,120.0000,0.00,0
000755,山西三维,2010-12-31,6,6648.1330,14.17,6275.4330,0.79,2
000758,中色股份,2010-12-31,7,3097.6400,4.85,-2173.2510,8.25,8
000759,中百集团,2010-12-31,5,8825.4100,12.96,264.0950,12.57,6
000761,本钢板材,2010-12-31,1,5084.7000,1.62,3515.7600,0.50,1
000762,西藏矿业,2010-12-31,3,1300.9930,4.72,-822.7490,7.70,5
000768,中航飞机,2010-12-31,6,5817.4090,2.35,-2491.9330,3.35,7
000776,广发证券,2010-12-31,5,1327.9790,0.53,1102.2600,0.09,2
000778,新兴铸管,2010-12-31,8,9046.5920,4.72,-1199.2050,5.35,7
000780,平庄能源,2010-12-31,9,3020.1770,2.98,-1185.1800,4.15,9
000785,武汉中商,2010-12-31,7,2594.4570,10.33,409.8900,8.70,5
000786,北新建材,2010-12-31,8,6648.5330,11.56,1682.0840,8.64,8
000788,北大医药,2010-12-31,5,3400.7980,8.17,-626.9180,9.68,6
000789,江西水泥,2010-12-31,7,4571.5600,11.55,1222.7830,8.46,4
000791,甘肃电投,2010-12-31,1,364.4090,1.93,-45.1300,2.17,1
000792,盐湖股份,2010-12-31,7,7539.2080,9.82,335.9800,9.38,7
000793,华闻传媒,2010-12-31,2,2067.9710,1.52,-421.8920,1.83,2
000795,太原刚玉,2010-12-31,1,51.3719,0.19,51.3719,0.00,0
000796,易食股份,2010-12-31,1,839.9890,3.41,-486.6980,5.38,2
000797,中国武夷,2010-12-31,1,73.1097,0.19,73.1097,0.00,0
000799,酒鬼酒,2010-12-31,4,1444.3000,4.77,430.2460,3.35,3
000800,一汽轿车,2010-12-31,6,12322.9800,7.57,-1192.1300,8.30,7
000801,四川九洲,2010-12-31,2,1122.6930,5.91,89.4990,5.44,3
000807,云铝股份,2010-12-31,4,1822.7660,1.54,-1243.6940,2.59,5
000811,烟台冰轮,2010-12-31,8,4187.2050,15.92,172.3890,15.26,8
000812,陕西金叶,2010-12-31,1,998.3980,2.68,-122.5120,3.01,1
000816,江淮动力,2010-12-31,4,4652.9220,5.50,-2250.8070,8.16,6
000819,岳阳兴长,2010-12-31,2,457.9900,2.36,197.4508,1.34,2
000821,京山轻机,2010-12-31,1,300.0000,0.87,300.0000,0.00,0
000822,山东海化,2010-12-31,3,3344.6380,3.74,-335.3960,4.11,3
000823,超声电子,2010-12-31,6,2752.4090,6.25,1105.9790,3.74,4
000825,太钢不锈,2010-12-31,5,8871.8560,1.56,-9219.7840,3.18,9
000826,桑德环境,2010-12-31,9,6325.3180,15.30,610.2820,13.83,9
000829,天音控股,2010-12-31,4,4277.2140,4.52,-1499.6320,6.10,5
000833,贵糖股份,2010-12-31,2,290.9130,0.98,73.3130,0.73,2
000837,秦川发展,2010-12-31,8,5424.1880,15.55,-1495.7840,19.84,8
000839,中信国安,2010-12-31,5,5005.7890,3.19,467.7320,2.89,5
000848,承德露露,2010-12-31,9,5420.7420,17.82,-176.3010,18.40,9
000856,冀东装备,2010-12-31,1,749.9980,3.30,749.9980,0.00,0
000858,五粮液,2010-12-31,6,9065.1000,2.39,-3634.2600,3.35,7
000860,顺鑫农业,2010-12-31,6,3879.1570,8.85,30.0920,8.78,6
000861,海印股份,2010-12-31,8,3156.1800,6.41,1295.5500,3.78,5
000862,银星能源,2010-12-31,1,100.0000,0.42,-431.1765,2.25,3
000869,张裕A,2010-12-31,2,757.3450,1.44,380.7570,0.71,1
000876,新希望,2010-12-31,7,9102.4840,10.94,6468.0790,3.16,4
000877,天山股份,2010-12-31,5,2334.7980,6.00,-1303.2830,9.35,5
000878,云南铜业,2010-12-31,8,5346.3040,4.25,478.6710,3.87,9
000880,潍柴重机,2010-12-31,5,850.1120,3.08,-355.4650,4.37,3
000881,大连国际,2010-12-31,1,994.8200,3.22,-1373.1660,7.67,3
000882,华联股份,2010-12-31,2,430.0000,0.58,-336.5210,1.55,2
000885,同力水泥,2010-12-31,1,254.3100,1.01,254.3100,0.00,0
000887,中鼎股份,2010-12-31,9,4985.0860,11.71,2414.7870,6.04,6
000888,峨眉山A,2010-12-31,7,4697.0540,19.97,991.9460,15.75,6
000889,茂业物流,2010-12-31,5,2065.9290,6.10,285.7660,5.26,4
000893,东凌粮油,2010-12-31,8,1939.3190,8.74,506.2610,6.46,6
000895,双汇发展,2010-12-31,6,5239.4640,8.65,-1782.1340,11.59,7
000897,津滨发展,2010-12-31,5,4030.6340,2.49,-1810.9750,3.61,6
000898,*ST鞍钢,2010-12-31,5,10731.6600,1.48,2548.5600,1.13,5
000900,现代投资,2010-12-31,6,1444.4650,3.62,-1603.2970,7.64,7
000901,航天科技,2010-12-31,3,1339.3270,5.35,-896.1510,8.93,5
000903,云内动力,2010-12-31,7,3577.7470,9.46,2555.8460,2.70,4
000906,物产中拓,2010-12-31,1,131.7570,0.40,0.0000,0.40,1
000909,数源科技,2010-12-31,2,310.0080,1.58,246.4241,0.32,1
000910,大亚科技,2010-12-31,2,1358.9630,2.58,1.8170,2.57,3
000911,南宁糖业,2010-12-31,9,3282.0730,11.45,325.7010,10.31,6
000912,泸天化,2010-12-31,2,817.7223,1.40,-909.2887,2.95,6
000915,山大华特,2010-12-31,7,3010.7440,16.70,187.3810,15.66,6
000917,电广传媒,2010-12-31,4,1706.3080,4.20,-1539.8820,7.99,7
000918,嘉凯城,2010-12-31,2,1969.2400,1.09,-892.6850,1.59,5
000919,金陵药业,2010-12-31,3,2344.4630,4.65,-3429.0690,11.46,8
000921,海信科龙,2010-12-31,5,2404.6610,1.78,1017.0660,1.02,3
000925,众合机电,2010-12-31,5,2039.0687,7.31,604.3922,5.14,6
000926,福星股份,2010-12-31,8,7403.9500,10.39,-2270.3740,13.63,9
000927,一汽夏利,2010-12-31,6,8065.2980,5.06,-958.6550,5.66,7
000930,中粮生化,2010-12-31,6,7629.7380,7.91,-1519.1380,9.49,5
000932,华菱钢铁,2010-12-31,3,19338.2800,7.06,-6498.6350,9.44,7
000933,神火股份,2010-12-31,5,6301.9490,6.00,-1216.1600,7.16,6
000936,华西股份,2010-12-31,6,5056.1720,6.76,5056.1720,0.00,0
000937,冀中能源,2010-12-31,9,6294.9370,5.44,1877.7930,3.82,5
000939,凯迪电力,2010-12-31,6,6702.1890,11.37,-58.7700,11.47,7
000948,南天信息,2010-12-31,4,1551.9900,7.37,1401.9900,0.71,1
000949,新乡化纤,2010-12-31,2,369.9070,0.58,193.8689,0.28,2
000951,中国重汽,2010-12-31,8,2088.7110,4.98,-194.5480,5.44,8
000952,广济药业,2010-12-31,1,528.3520,2.10,-23.4460,2.19,1
000959,首钢股份,2010-12-31,4,1877.4190,0.63,76.1880,0.61,3
000960,锡业股份,2010-12-31,6,3695.4380,4.48,-2187.4100,7.34,7
000961,中南建设,2010-12-31,8,9122.6320,7.81,3826.2130,4.54,7
000962,东方钽业,2010-12-31,7,2586.6850,7.26,562.8880,5.68,6
000963,华东医药,2010-12-31,8,4958.1260,11.42,-418.8370,12.39,8
000968,煤气化,2010-12-31,6,3945.4710,7.68,1561.2200,4.64,6
000969,安泰科技,2010-12-31,6,4126.7170,4.83,-1312.6520,6.36,8
000972,*ST中基,2010-12-31,2,3753.7600,7.79,-639.4750,9.11,3
000973,佛塑科技,2010-12-31,8,8492.7320,13.86,724.3250,12.68,7
000978,桂林旅游,2010-12-31,5,2012.0560,5.59,-33.1260,5.68,7
000979,中弘股份,2010-12-31,2,388.0650,0.69,-71.0477,0.82,4
000982,中银绒业,2010-12-31,2,393.5500,1.58,-305.9920,2.81,3
000983,西山煤电,2010-12-31,4,8305.9000,2.64,-5574.0500,4.40,6
000985,大庆华科,2010-12-31,1,550.3420,4.25,184.2040,2.82,1
000987,广州友谊,2010-12-31,8,5186.2700,14.45,1203.3680,11.10,8
000988,华工科技,2010-12-31,5,2043.2720,5.01,-491.0060,6.22,6
000989,九芝堂,2010-12-31,6,2389.2200,8.03,578.4910,6.08,5
000990,诚志股份,2010-12-31,4,1416.8080,4.77,666.8470,2.52,2
000995,皇台酒业,2010-12-31,1,400.0000,2.25,-723.7501,6.33,3
000996,中国中期,2010-12-31,5,1181.9500,5.14,-30.8180,5.27,4
000998,隆平高科,2010-12-31,6,3346.7120,12.07,1284.6240,7.44,4
000999,华润三九,2010-12-31,9,5874.8790,6.00,-357.1850,6.37,8
600537,亿晶光电,2010-12-31,7,3455.3410,15.02,443.4200,13.09,6
600408,安泰集团,2010-12-31,2,893.3930,0.89,193.3930,0.70,1
600576,万好万家,2010-12-31,3,1441.6625,6.61,-433.0365,8.60,6
600573,惠泉啤酒,2010-12-31,3,1725.3270,6.90,-1059.0000,11.14,5
600521,华海药业,2010-12-31,5,4729.0440,10.54,-2981.6820,17.18,7
600460,士兰微,2010-12-31,3,939.9260,2.17,-348.0010,2.97,3
600575,芜湖港,2010-12-31,3,2603.7580,4.97,964.0190,4.61,2
600375,华菱星马,2010-12-31,3,785.4600,4.19,649.2800,0.73,1
600343,航天动力,2010-12-31,4,2468.9720,10.30,1370.1800,4.58,3
600502,安徽水利,2010-12-31,6,2495.6060,11.19,197.7520,10.30,5
600481,双良节能,2010-12-31,5,2936.0330,3.62,1767.5880,1.44,2
600004,白云机场,2010-12-31,1,263.6920,0.23,-1287.4460,1.35,4
600459,贵研铂业,2010-12-31,5,956.7240,8.56,534.7011,3.78,2
600570,恒生电子,2010-12-31,6,11005.2000,17.64,-809.6500,18.94,6
600392,盛和资源,2010-12-31,3,487.4910,3.11,327.4780,1.02,1
600584,长电科技,2010-12-31,3,517.4270,0.61,78.3840,0.59,2
600251,冠农股份,2010-12-31,6,3371.6900,9.31,1236.6400,5.90,5
600436,片仔癀,2010-12-31,5,1214.5440,8.68,381.8010,5.95,4
600409,三友化工,2010-12-31,2,1879.2710,2.00,1879.2710,0.00,0
600273,华芳纺织,2010-12-31,1,229.1260,0.73,-1142.4260,4.35,2
600031,三一重工,2010-12-31,7,14830.9400,2.93,2304.2310,5.20,8
600435,北方导航,2010-12-31,3,648.0062,0.87,-311.9548,1.29,2
600439,瑞贝卡,2010-12-31,7,5486.8590,6.98,-1338.5270,9.23,7
600271,航天信息,2010-12-31,6,8153.1680,8.83,566.2580,8.22,5
600423,柳化股份,2010-12-31,2,1964.1340,4.92,-2256.1240,10.57,6
600475,华光股份,2010-12-31,9,4147.2300,16.20,1382.8130,10.80,7
600425,青松建化,2010-12-31,6,3984.5420,8.32,-590.0770,9.56,7
600029,南方航空,2010-12-31,7,28046.6100,2.86,7159.9500,2.61,6
600546,山煤国际,2010-12-31,5,3061.8080,4.08,-3.0860,4.09,6
600352,浙江龙盛,2010-12-31,2,3581.1600,2.44,-1554.7400,3.50,2
600485,中创信测,2010-12-31,6,1872.9510,13.51,458.6140,10.21,3
600020,中原高速,2010-12-31,1,301.0270,0.14,-374.4220,0.32,3
600489,中金黄金,2010-12-31,5,3105.0050,2.18,-2894.5510,4.22,9
600480,凌云股份,2010-12-31,5,2629.8340,7.27,610.2750,6.47,5
600348,阳泉煤业,2010-12-31,6,7143.2650,2.97,-4514.9620,4.85,7
600487,亨通光电,2010-12-31,8,3060.1160,18.42,892.0100,13.05,6
600547,山东黄金,2010-12-31,7,5057.4810,3.55,-1475.1600,4.59,7
600449,宁夏建材,2010-12-31,2,403.2920,2.07,68.2780,1.72,3
600432,吉恩镍业,2010-12-31,4,588.5960,0.73,-381.8170,1.20,4
600015,华夏银行,2010-12-31,1,6000.0000,1.20,80.0200,1.19,1
600429,三元股份,2010-12-31,1,2000.0000,2.26,-700.9000,3.05,2
600507,方大特钢,2010-12-31,1,299.0850,0.37,-370.7160,0.98,2
600403,大有能源,2010-12-31,5,1942.7330,15.24,1127.2340,6.40,4
600517,置信电气,2010-12-31,2,1360.6060,2.20,-1156.5110,4.07,3
600406,国电南瑞,2010-12-31,6,6820.7810,12.99,-313.1820,13.98,7
600469,风神股份,2010-12-31,2,1206.9230,3.22,-674.9940,5.02,4
600021,上海电力,2010-12-31,1,250.9240,0.12,0.0000,0.12,1
600184,光电股份,2010-12-31,5,595.4088,2.84,-452.3632,9.98,6
600900,长江电力,2010-12-31,3,15861.4800,0.96,-1078.3900,1.03,3
600527,江南高纤,2010-12-31,3,1763.1930,5.02,1223.3740,1.54,1
600476,湘邮科技,2010-12-31,2,429.9740,2.67,0.0000,2.67,2
600446,金证股份,2010-12-31,4,1532.0440,11.15,826.0550,5.14,2
600540,新赛股份,2010-12-31,1,696.4820,2.99,-381.7768,4.63,3
600354,敦煌种业,2010-12-31,6,3623.3290,19.48,516.8020,16.70,6
000100,TCL集团,2010-12-31,4,9748.0700,2.30,2992.7100,1.59,2
600444,*ST国通,2010-12-31,1,100.0000,0.95,0.0000,0.95,1
600325,华发股份,2010-12-31,4,4956.6590,6.07,-2365.3050,8.96,5
600438,通威股份,2010-12-31,1,2136.6600,3.11,-202.4300,3.40,2
600452,涪陵电力,2010-12-31,5,702.2870,4.39,2.3060,4.37,4
600470,六国化工,2010-12-31,2,512.2590,1.57,-480.0960,3.04,2
600035,楚天高速,2010-12-31,3,3274.9300,3.52,-1525.0550,5.15,5
600479,千金药业,2010-12-31,4,2602.5940,8.54,23.8610,8.46,4
600284,浦东建设,2010-12-31,5,1962.4250,5.67,468.9150,4.32,3
600594,益佰制药,2010-12-31,4,4232.5820,12.00,284.0870,16.79,6
600543,莫高股份,2010-12-31,1,682.5670,2.13,-1104.3470,5.56,4
600467,好当家,2010-12-31,5,4801.4230,7.58,591.8300,6.64,7
002181,粤传媒,2010-12-31,1,189.8390,0.54,12.3900,0.51,1
600572,康恩贝,2010-12-31,2,1699.9740,4.83,30.9610,5.15,3
600976,武汉健民,2010-12-31,4,1399.5110,9.12,130.3150,8.27,4
600497,驰宏锌锗,2010-12-31,6,3759.4870,3.73,523.9720,3.21,5
600410,华胜天成,2010-12-31,1,360.5800,0.71,-265.8950,1.24,1
600985,雷鸣科化,2010-12-31,3,561.7723,5.20,388.7433,1.60,1
600990,四创电子,2010-12-31,4,1147.8883,9.76,-624.1677,15.07,7
600992,贵绳股份,2010-12-31,1,91.9001,0.56,91.9001,0.00,0
600993,马应龙,2010-12-31,3,1237.2170,7.46,-368.2970,9.68,4
600967,北方创业,2010-12-31,5,993.5842,5.74,153.6336,4.85,3
600491,龙元建设,2010-12-31,1,549.9900,1.16,-350.0100,1.90,1
600963,岳阳林纸,2010-12-31,7,13996.5000,16.60,7116.5260,10.55,7
600495,晋西车轴,2010-12-31,2,399.9950,1.32,-694.4883,3.62,4
600461,洪城水业,2010-12-31,2,446.2810,3.19,-291.4063,5.27,5
600997,开滦股份,2010-12-31,7,3602.0410,2.92,-936.5430,3.68,7
600966,博汇纸业,2010-12-31,3,1234.2430,2.45,-4575.6380,11.51,7
600975,新五丰,2010-12-31,1,112.8340,0.63,-440.8990,3.07,3
600995,文山电力,2010-12-31,2,1344.9380,2.81,543.7720,1.67,2
600420,现代制药,2010-12-31,7,4424.2770,15.38,954.8900,12.06,6
002001,新和成,2010-12-31,6,4293.4500,5.91,-19.1540,8.91,9
002003,伟星股份,2010-12-31,8,4094.0280,19.74,-127.1040,20.35,9
002004,华邦颖泰,2010-12-31,3,972.2600,7.37,-23.0770,7.54,3
002005,德豪润达,2010-12-31,1,185.5940,0.38,-280.6400,1.44,2
600143,金发科技,2010-12-31,4,12945.0600,9.27,5460.3200,5.36,4
002006,精功科技,2010-12-31,3,415.7250,2.89,415.7250,0.00,0
002007,华兰生物,2010-12-31,6,7664.7400,13.30,-1305.1500,15.57,6
002008,大族激光,2010-12-31,8,8582.6110,12.33,4654.6380,5.64,6
600022,山东钢铁,2010-12-31,1,206.1300,0.07,-2330.4430,0.81,4
002009,天奇股份,2010-12-31,2,848.1630,3.84,-551.9140,6.33,4
002010,传化股份,2010-12-31,6,1513.6760,6.20,-593.1810,8.64,8
002011,盾安环境,2010-12-31,2,929.9970,2.50,929.9970,0.00,0
002013,中航精机,2010-12-31,5,991.1020,5.93,-1623.5060,15.65,8
002014,永新股份,2010-12-31,4,1040.8110,7.39,-372.8600,10.04,5
002015,霞客环保,2010-12-31,3,675.6575,3.36,428.8025,1.23,2
002017,东信和平,2010-12-31,6,1909.3500,9.62,846.6045,5.35,6
002018,华星化工,2010-12-31,1,1176.8900,4.00,252.2420,3.15,3
002019,鑫富药业,2010-12-31,2,1239.9560,5.63,1020.9632,0.99,2
600482,风帆股份,2010-12-31,1,700.0000,1.52,-480.8570,2.56,3
002020,京新药业,2010-12-31,2,780.0840,7.68,164.3222,6.06,3
002022,科华生物,2010-12-31,3,2036.1280,4.14,-1868.3120,7.93,4
002023,海特高新,2010-12-31,4,1585.0210,5.37,-1506.4420,10.47,4
002024,苏宁云商,2010-12-31,5,39779.9900,5.69,-11960.3700,7.40,6
002025,航天电器,2010-12-31,5,2632.8120,7.98,-1377.0670,12.15,8
600983,合肥三洋,2010-12-31,3,375.1529,0.70,-1832.0231,6.63,7
600973,宝胜股份,2010-12-31,3,851.8860,5.46,200.8150,4.17,1
002027,七喜控股,2010-12-31,3,350.0609,1.16,0.0000,1.16,3
002028,思源电气,2010-12-31,5,3507.1750,7.98,-397.4080,8.88,7
002029,七匹狼,2010-12-31,8,5478.6170,19.37,456.4620,17.75,8
600987,航民股份,2010-12-31,1,262.7580,0.62,-1371.2240,3.86,5
002030,达安基因,2010-12-31,3,856.5030,2.96,275.6620,2.01,2
002031,巨轮股份,2010-12-31,3,913.2390,3.44,813.2390,0.38,1
600971,恒源煤电,2010-12-31,5,1687.3320,3.85,-84.7880,4.49,6
002032,苏泊尔,2010-12-31,5,2854.5270,4.95,-234.4720,5.35,6
600978,宜华木业,2010-12-31,3,3396.8220,2.95,-5212.1190,8.57,6
002033,丽江旅游,2010-12-31,7,2136.2980,18.37,386.8680,15.04,8
600961,*ST株冶,2010-12-31,2,1299.9000,2.46,859.9150,0.83,1
002035,华帝股份,2010-12-31,5,2898.6440,12.98,2768.6440,0.58,1
002036,宜科科技,2010-12-31,4,1371.8889,6.78,671.8829,3.46,1
002037,久联发展,2010-12-31,6,2961.0950,17.11,1144.4720,10.50,4
002038,双鹭药业,2010-12-31,3,974.6350,3.85,-826.3920,7.15,5
002040,南京港,2010-12-31,1,210.0000,0.85,210.0000,0.00,0
600970,中材国际,2010-12-31,8,6694.2850,8.82,681.4800,7.92,8
002041,登海种业,2010-12-31,7,2363.0530,13.43,186.9790,12.36,5
002042,华孚色纺,2010-12-31,5,1048.6670,3.78,-828.2100,7.98,9
002043,兔宝宝,2010-12-31,3,837.6320,4.58,-32.8654,4.76,3
002044,江苏三友,2010-12-31,2,759.6640,4.67,659.6669,0.62,1
002045,国光电器,2010-12-31,8,3604.5370,12.97,-149.4100,13.51,8
002046,轴研科技,2010-12-31,1,53.5672,0.50,53.5672,0.00,0
002047,*ST成霖,2010-12-31,1,186.3890,0.41,-7.6600,0.43,1
002048,宁波华翔,2010-12-31,4,5359.7840,9.45,4183.9590,2.07,2
002049,同方国芯,2010-12-31,3,641.4160,4.75,641.4160,0.00,0
002050,三花股份,2010-12-31,7,987.3900,3.32,-665.1810,6.26,7
601588,北辰实业,2010-12-31,1,2293.9300,0.68,-1235.2800,1.05,3
601866,中海集运,2010-12-31,6,12185.0200,1.04,484.3480,1.00,8
601899,紫金矿业,2010-12-31,4,12583.5500,0.87,-2473.5200,1.04,4
002490,山东墨龙,2010-12-31,4,467.4720,1.17,467.4720,0.00,0
300150,世纪瑞尔,2010-12-31,6,409.0923,3.03,409.0923,0.00,0
002051,中工国际,2010-12-31,5,2088.2270,6.16,582.7920,7.92,6
002052,同洲电子,2010-12-31,2,359.6690,1.05,359.6690,0.00,0
002053,云南盐化,2010-12-31,3,278.5609,1.50,-33.3656,1.68,3
601377,兴业证券,2010-12-31,2,168.2488,0.08,168.2488,0.00,0
601688,华泰证券,2010-12-31,4,2756.0110,0.49,537.1790,0.40,4
601788,光大证券,2010-12-31,1,1711.4100,0.50,1711.4100,0.00,0
002500,山西证券,2010-12-31,1,99.9960,0.04,99.9960,0.00,0
601818,光大银行,2010-12-31,5,40953.6600,1.01,18283.9900,0.56,3
601398,工商银行,2010-12-31,1,24571.7000,0.07,4879.8000,0.06,1
601166,兴业银行,2010-12-31,2,13975.8300,2.33,-526.1600,2.42,2
601009,南京银行,2010-12-31,1,3187.5000,1.07,-2598.8000,2.42,2
601628,中国人寿,2010-12-31,1,2662.0600,0.09,-1858.9000,0.16,2
002307,北新路桥,2010-12-31,1,34.4791,0.18,-45.5509,0.42,1
600018,上港集团,2010-12-31,2,4091.5800,0.19,1433.7700,0.13,1
300139,福星晓程,2010-12-31,2,67.6488,1.23,67.6488,0.00,0
002110,三钢闽光,2010-12-31,3,350.6330,0.66,-348.8510,1.31,3
002281,光迅科技,2010-12-31,3,645.9230,4.04,51.6220,3.71,3
601005,重庆钢铁,2010-12-31,3,372.2549,0.21,152.3999,0.13,2
601857,中国石油,2010-12-31,5,20084.0600,0.11,-1300.9400,0.12,5
002298,鑫龙电器,2010-12-31,1,104.6010,0.63,-300.7550,2.46,2
002106,莱宝高科,2010-12-31,6,4900.4750,11.43,-34.7380,11.51,6
601600,中国铝业,2010-12-31,2,2848.0500,0.21,-240.9700,0.23,2
002356,浩宁达,2010-12-31,2,79.0619,0.99,40.0388,0.49,1
300077,国民技术,2010-12-31,7,191.0336,1.76,-347.9132,4.95,9
601088,中国神华,2010-12-31,5,11926.5400,0.60,-35.9100,0.60,5
002067,景兴纸业,2010-12-31,1,266.8670,0.68,-1097.4160,3.48,3
002060,粤水电,2010-12-31,5,2712.8380,8.16,2048.5680,2.00,3
300105,龙源技术,2010-12-31,8,602.1271,6.84,245.2970,4.05,7
002306,湘鄂情,2010-12-31,5,1844.9370,9.22,1544.9370,1.50,1
300026,红日药业,2010-12-31,3,532.0466,5.28,175.2123,3.54,3
002139,拓邦股份,2010-12-31,4,921.2540,5.48,431.6830,2.91,2
601333,广深铁路,2010-12-31,3,4775.1300,0.67,485.9400,0.61,3
002187,广百股份,2010-12-31,2,515.4100,3.05,-550.5459,6.31,6
002230,科大讯飞,2010-12-31,9,2737.3880,17.03,531.9530,13.72,9
002167,东方锆业,2010-12-31,5,1981.1770,11.02,872.0800,6.17,4
601107,四川成渝,2010-12-31,3,840.9560,0.28,-232.6850,0.35,4
002088,鲁阳股份,2010-12-31,3,661.1050,2.83,-559.5840,5.22,5
002332,仙琚制药,2010-12-31,8,1953.2960,5.72,1903.3039,0.15,1
601126,四方股份,2010-12-31,4,427.9949,1.07,427.9949,0.00,0
002267,陕天然气,2010-12-31,1,90.1956,0.18,-356.3034,0.88,4
002153,石基信息,2010-12-31,6,2443.7230,10.91,228.8490,9.89,6
002275,桂林三金,2010-12-31,2,599.0020,1.32,599.0020,0.00,0
002063,远光软件,2010-12-31,6,3289.2040,12.72,299.8860,11.63,6
601111,中国国航,2010-12-31,5,15491.1700,1.20,4538.3500,0.89,5
002205,国统股份,2010-12-31,5,591.4249,5.91,154.2488,4.37,4
002056,横店东磁,2010-12-31,7,2140.4870,5.21,-14.9610,5.25,6
002272,川润股份,2010-12-31,2,78.9360,0.69,12.8754,0.58,2
002457,青龙管业,2010-12-31,8,1319.2248,9.45,456.2956,6.18,7
002186,全聚德,2010-12-31,2,151.4310,1.07,-187.5881,2.39,3
002338,奥普光电,2010-12-31,2,220.0541,2.75,-10.0051,2.88,3
002185,华天科技,2010-12-31,7,2519.1490,6.75,668.8830,4.96,4
601727,上海电气,2010-12-31,4,2576.2440,0.20,1319.4380,0.10,3
002343,禾欣股份,2010-12-31,2,66.4952,0.67,26.5027,0.40,1
002320,海峡股份,2010-12-31,1,139.9840,0.68,-527.0489,3.26,7
002206,海利得,2010-12-31,6,1896.6359,7.59,612.3750,5.14,5
601158,重庆水务,2010-12-31,3,1210.3130,0.25,-1718.8990,0.61,6
601168,西部矿业,2010-12-31,2,3478.5800,1.46,-2015.9800,2.31,3
002203,海亮股份,2010-12-31,2,118.7626,0.30,86.0725,0.08,1
000338,潍柴动力,2010-12-31,5,8273.6000,4.97,1910.4740,7.64,6
002337,赛象科技,2010-12-31,2,143.5857,1.20,1.7851,1.18,2
002261,拓维信息,2010-12-31,8,1966.1080,13.53,284.2940,11.57,6
002427,尤夫股份,2010-12-31,8,982.2214,5.36,91.2448,4.86,6
002140,东华科技,2010-12-31,4,766.3600,2.75,60.9220,2.53,4
002393,力生制药,2010-12-31,1,267.6360,1.47,267.6360,0.00,0
002080,中材科技,2010-12-31,7,1521.7349,7.61,-493.5491,13.44,7
601919,*ST远洋,2010-12-31,3,7796.6600,0.76,-3585.2300,1.11,4
002117,东港股份,2010-12-31,5,738.9930,5.95,163.5812,4.64,4
300034,钢研高纳,2010-12-31,5,799.8062,6.79,406.3469,3.34,3
601808,中海油服,2010-12-31,6,8439.6910,1.88,4313.3950,0.92,5
002358,森源电气,2010-12-31,7,618.2986,7.19,-405.9033,11.91,9
601880,大连港,2010-12-31,1,118.0000,0.03,118.0000,0.00,0
002182,云海金属,2010-12-31,1,107.4400,0.56,5.0000,0.53,1
002430,杭氧股份,2010-12-31,9,1752.1000,4.37,-95.1901,4.61,9
002405,四维图新,2010-12-31,6,721.3769,1.80,-304.1294,2.56,9
002176,江特电机,2010-12-31,1,135.8120,1.25,70.8179,0.60,1
601001,大同煤业,2010-12-31,3,2200.7570,1.31,-659.4630,1.71,4
002463,沪电股份,2010-12-31,1,38.3000,0.06,38.3000,0.00,0
002425,凯撒股份,2010-12-31,1,91.1373,0.85,-151.3023,2.27,3
002055,得润电子,2010-12-31,8,2896.5540,16.59,599.8440,13.16,7
002146,荣盛发展,2010-12-31,5,5601.8430,3.91,2147.7140,2.41,3
002065,东华软件,2010-12-31,3,2474.7700,5.81,37.7620,5.72,4
600048,保利地产,2010-12-31,4,19283.6600,4.21,2733.1700,3.62,4
601006,大秦铁路,2010-12-31,1,11293.6000,0.76,-8698.1500,1.54,3
601699,潞安环能,2010-12-31,4,5929.5520,5.15,276.9250,4.91,5
002089,新海宜,2010-12-31,6,3652.4000,15.52,1440.8590,9.40,5
002234,民和股份,2010-12-31,1,209.9320,1.95,-69.0220,2.59,1
002078,太阳纸业,2010-12-31,5,2455.9650,2.44,-551.4390,2.99,5
002091,江苏国泰,2010-12-31,6,3659.7810,12.20,-1194.6720,16.18,9
601008,连云港,2010-12-31,1,1293.0000,2.41,0.0000,2.41,1
002096,南岭民爆,2010-12-31,3,551.8526,4.17,319.7376,1.76,2
002077,大港股份,2010-12-31,2,160.2779,0.64,160.2779,0.00,0
002118,紫鑫药业,2010-12-31,6,1095.4566,4.27,1095.4566,0.00,0
002062,宏润建设,2010-12-31,1,219.7400,0.49,0.0000,0.49,1
002064,华峰氨纶,2010-12-31,1,300.0000,0.41,-291.6250,0.80,2
002184,海得控制,2010-12-31,2,1050.5140,4.78,694.2110,1.62,2
300040,九洲电气,2010-12-31,3,366.2891,2.64,-47.6453,2.98,3
002073,软控股份,2010-12-31,6,8224.1730,11.08,117.7030,10.92,5
002208,合肥城建,2010-12-31,1,700.5920,2.19,-180.3150,2.75,2
002079,苏州固锝,2010-12-31,3,1093.0580,3.96,484.3290,2.21,3
601666,平煤股份,2010-12-31,6,7228.4040,3.98,-84.8290,4.03,6
002068,黑猫股份,2010-12-31,2,537.8100,2.15,-336.2650,3.50,4
002287,奇正藏药,2010-12-31,2,29.2677,0.07,-370.7163,0.99,1
300024,机器人,2010-12-31,3,391.0071,2.89,349.1228,0.31,1
300082,奥克股份,2010-12-31,5,350.6073,2.16,53.8591,1.83,6
002308,威创股份,2010-12-31,5,586.2840,1.37,286.2840,0.70,2
002396,星网锐捷,2010-12-31,10,1232.9698,7.02,417.2478,4.65,3
002362,汉王科技,2010-12-31,2,24.5603,0.23,24.5603,0.00,0
601898,中煤能源,2010-12-31,5,7198.6000,0.54,62.8700,0.54,5
002069,獐子岛,2010-12-31,5,2217.7100,4.90,589.0530,3.60,5
601678,滨化股份,2010-12-31,3,642.9700,1.46,199.8150,1.01,3
601918,国投新集,2010-12-31,5,1887.9030,1.02,-1154.3830,1.64,7
002081,金螳螂,2010-12-31,5,2450.5150,7.68,402.8410,6.42,4
002172,澳洋科技,2010-12-31,1,335.4550,0.60,335.4550,0.00,0
002168,深圳惠程,2010-12-31,4,1918.9340,6.08,1818.9340,0.33,1
002085,万丰奥威,2010-12-31,1,218.3680,0.77,-10.1930,0.80,1
002154,报喜鸟,2010-12-31,7,3863.8400,13.15,164.5460,12.59,7
002086,东方海洋,2010-12-31,8,3702.4470,15.18,505.2190,13.11,7
600017,日照港,2010-12-31,1,6231.4600,2.75,0.0000,2.75,1
002074,东源电器,2010-12-31,1,197.4230,1.40,197.4230,0.00,0
300049,福瑞股份,2010-12-31,6,472.6374,4.91,55.8519,4.33,5
002386,天原集团,2010-12-31,9,2595.0220,5.41,2485.5098,0.23,2
002092,中泰化学,2010-12-31,3,1718.7850,1.49,50.0700,1.45,2
002094,青岛金王,2010-12-31,2,1877.3990,5.83,987.0000,4.15,3
002095,生意宝,2010-12-31,1,40.7047,0.30,-455.8199,3.68,3
002350,北京科锐,2010-12-31,1,43.1691,0.34,16.4110,0.21,1
002083,孚日股份,2010-12-31,2,1321.7810,1.41,-4.7590,1.41,2
002098,浔兴股份,2010-12-31,5,747.8954,4.83,-14.3996,4.92,4
002097,山河智能,2010-12-31,1,211.6100,0.50,-21.1800,0.57,1
002093,国脉科技,2010-12-31,4,2775.7010,6.93,632.2780,5.35,5
002099,海翔药业,2010-12-31,6,2737.5200,17.06,254.2160,15.47,6
002100,天康生物,2010-12-31,4,732.3355,3.23,324.3116,1.80,2
601101,昊华能源,2010-12-31,8,890.5325,1.96,-282.7332,2.58,5
002200,*ST大地,2010-12-31,3,625.7180,4.14,224.7250,2.65,1
002105,信隆实业,2010-12-31,1,126.4300,0.47,126.4300,0.00,0
002104,恒宝股份,2010-12-31,4,2140.8730,4.86,629.2400,3.43,4
002108,沧州明珠,2010-12-31,3,1148.8920,6.86,-374.5098,9.09,7
002109,兴化股份,2010-12-31,1,192.1120,0.54,-1.3100,0.54,1
601002,晋亿实业,2010-12-31,1,1999.9700,2.71,-1125.0440,4.23,3
002111,威海广泰,2010-12-31,5,703.3152,4.77,479.9965,1.51,2
002121,科陆电子,2010-12-31,4,1812.0750,6.85,411.7040,5.83,4
002115,三维通信,2010-12-31,5,993.0620,4.63,-1294.6720,10.66,7
002250,联化科技,2010-12-31,6,2663.8890,10.86,614.0350,8.35,6
002211,宏达新材,2010-12-31,3,231.1432,0.80,231.1432,0.00,0
002216,三全食品,2010-12-31,6,1830.9250,9.79,111.5250,9.19,7
002349,精华制药,2010-12-31,1,20.0000,0.25,-100.5195,1.51,3
002135,东南网架,2010-12-31,1,72.4299,0.36,72.4299,0.00,0
002124,天邦股份,2010-12-31,1,380.0000,1.85,-180.0000,2.73,2
601003,柳钢股份,2010-12-31,3,1339.8920,0.52,-1121.0420,0.96,5
002123,荣信股份,2010-12-31,5,3424.1480,10.19,-248.7960,10.93,6
601007,金陵饭店,2010-12-31,2,390.8130,1.30,193.6230,0.66,1
002122,天马股份,2010-12-31,5,2388.6220,2.01,1981.8720,0.34,1
002126,银轮股份,2010-12-31,2,269.5554,2.70,269.5554,0.00,0
002129,中环股份,2010-12-31,6,4010.8980,8.31,623.6300,7.02,5
002127,新民科技,2010-12-31,4,1156.3420,3.11,1085.6301,0.19,1
002232,启明信息,2010-12-31,9,2589.5170,8.87,944.7690,5.64,7
002133,广宇集团,2010-12-31,1,238.3250,0.48,-872.8780,2.23,3
601958,金钼股份,2010-12-31,7,4525.1400,1.40,-2169.7070,2.07,6
002128,露天煤业,2010-12-31,3,1377.9390,1.04,-311.5090,1.27,3
300016,北陆药业,2010-12-31,1,15.0000,0.15,15.0000,0.00,0
002279,久其软件,2010-12-31,1,71.8713,0.65,71.8713,0.00,0
002290,禾盛新材,2010-12-31,4,417.8712,2.78,-204.7009,4.14,4
002248,华东数控,2010-12-31,1,73.6253,0.29,73.6253,0.00,0
002138,顺络电子,2010-12-31,4,624.8520,3.22,-32.7720,3.38,4
002170,芭田股份,2010-12-31,3,971.0130,3.19,586.0470,1.26,2
002144,宏达高科,2010-12-31,3,963.9560,6.37,-239.7600,7.95,3
002371,七星电子,2010-12-31,7,726.3198,11.17,49.6376,10.41,8
002159,三特索道,2010-12-31,4,1966.8390,16.39,-527.3020,20.78,6
002148,北纬通信,2010-12-31,4,675.4612,8.93,207.2381,6.19,3
002152,广电运通,2010-12-31,8,4193.3780,12.26,386.2480,11.13,7
002296,辉煌科技,2010-12-31,7,1292.8875,12.37,241.2726,10.06,6
002149,西部材料,2010-12-31,2,533.6930,3.06,-417.7430,5.45,3
002157,正邦科技,2010-12-31,6,2420.0990,8.98,48.0200,8.80,6
002151,北斗星通,2010-12-31,5,530.6221,5.28,57.1161,5.21,3
002156,通富微电,2010-12-31,8,4068.3010,10.02,3056.2273,2.92,5
002155,辰州矿业,2010-12-31,7,3058.8510,5.59,-2245.1760,9.69,6
002158,汉钟精机,2010-12-31,6,1955.0670,10.76,607.3350,7.42,5
002160,常铝股份,2010-12-31,4,761.9820,4.48,761.9820,0.00,0
002254,泰和新材,2010-12-31,4,1242.9120,4.76,-651.3260,7.26,6
002161,远望谷,2010-12-31,8,3762.1770,14.65,1329.4810,9.47,7
002162,*ST上控,2010-12-31,1,184.9850,0.44,-135.8910,0.77,2
002169,智光电气,2010-12-31,6,2024.0385,11.39,1504.7185,3.13,1
002163,中航三鑫,2010-12-31,6,2742.5080,6.83,-66.7570,6.99,8
002164,东力传动,2010-12-31,4,1011.0420,4.54,17.7482,4.46,7
002165,红宝丽,2010-12-31,2,549.9910,2.18,-150.9480,2.78,2
002173,千足珍珠,2010-12-31,5,847.4328,8.43,847.4328,0.00,0
002328,新朋股份,2010-12-31,3,748.9780,2.50,375.8340,1.24,3
002179,中航光电,2010-12-31,4,1963.5740,4.89,-873.1680,7.06,6
002177,御银股份,2010-12-31,5,2154.8150,8.13,2001.5200,0.58,1
002183,怡亚通,2010-12-31,2,1634.8740,2.94,-847.5260,4.46,4
002304,洋河股份,2010-12-31,1,276.8280,0.62,-957.5423,2.74,9
601390,中国中铁,2010-12-31,3,9561.1400,0.45,-7562.2800,0.80,4
002191,劲嘉股份,2010-12-31,1,162.4100,0.25,-281.3600,0.69,3
002194,武汉凡谷,2010-12-31,2,1040.9780,1.87,-102.8910,2.06,6
002197,证通电子,2010-12-31,1,50.9980,0.39,6.5680,0.34,1
002407,多氟多,2010-12-31,7,700.3703,6.55,104.0456,5.57,5
002436,兴森科技,2010-12-31,8,896.2212,8.02,190.7085,6.32,9
002210,飞马国际,2010-12-31,1,57.4708,0.19,57.4708,0.00,0
601992,金隅股份,2010-12-31,2,1992.1780,0.51,1992.1780,0.00,0
002204,大连重工,2010-12-31,1,211.7150,0.99,-153.5138,1.71,3
002454,松芝股份,2010-12-31,4,487.4165,2.03,-272.5255,3.17,5
601139,深圳燃气,2010-12-31,3,454.4250,0.37,-99.7185,0.45,4
002209,达意隆,2010-12-31,1,199.9940,1.02,81.0040,0.61,1
002391,长青股份,2010-12-31,1,92.0723,0.58,92.0723,0.00,0
002397,梦洁家纺,2010-12-31,7,886.4800,9.38,225.6500,6.99,8
002213,特尔佳,2010-12-31,1,199.9880,0.97,199.9880,0.00,0
002212,南洋股份,2010-12-31,4,1262.2386,4.95,118.5695,4.48,4
002215,诺普信,2010-12-31,8,2358.2060,10.66,-477.4400,12.81,8
002246,北化股份,2010-12-31,3,577.8902,2.92,196.1792,1.93,2
002214,大立科技,2010-12-31,6,901.0331,9.01,-716.1413,16.17,8
002226,江南化工,2010-12-31,3,144.4773,1.03,94.4773,0.36,1
002218,拓日新能,2010-12-31,3,178.6760,0.62,89.3241,0.31,2
601766,中国南车,2010-12-31,7,37789.0200,3.19,7042.6600,2.60,5
002221,东华能源,2010-12-31,1,1027.6600,4.63,-475.4317,6.77,4
601186,中国铁建,2010-12-31,3,5734.7500,0.46,-5402.9300,0.90,4
002273,水晶光电,2010-12-31,7,1372.1170,12.17,279.5037,9.69,7
002297,博云新材,2010-12-31,3,843.5160,3.94,512.5360,1.55,1
002443,金洲管道,2010-12-31,1,40.4240,0.30,40.4240,0.00,0
002223,鱼跃医疗,2010-12-31,9,2668.7600,10.44,590.1520,8.13,8
002225,濮耐股份,2010-12-31,2,350.4968,0.62,-187.4360,0.96,3
002228,合兴包装,2010-12-31,6,977.5939,4.50,-241.7250,5.61,5
002244,滨江集团,2010-12-31,7,5267.0420,3.90,53.4310,3.86,7
002237,恒邦股份,2010-12-31,4,262.2181,1.37,109.1724,0.80,2
002235,安妮股份,2010-12-31,2,867.9380,4.45,-19.4050,4.55,2
002420,毅昌股份,2010-12-31,2,94.2049,0.23,-202.7951,0.74,2
002249,大洋电机,2010-12-31,8,2205.4692,5.15,-463.0288,6.23,9
002229,鸿博股份,2010-12-31,2,558.5810,4.11,558.5810,0.00,0
002253,川大智胜,2010-12-31,5,665.6234,8.89,-206.3208,11.64,6
002233,塔牌集团,2010-12-31,6,1065.8424,2.66,-880.9206,4.87,8
002243,通产丽星,2010-12-31,7,2994.4790,11.60,835.7016,8.37,7
002236,大华股份,2010-12-31,7,1372.9980,9.84,654.1930,5.15,5
002252,上海莱士,2010-12-31,6,578.6471,2.13,49.0948,3.31,7
002238,天威视讯,2010-12-31,5,1523.1750,5.70,-76.0410,5.99,7
002247,帝龙新材,2010-12-31,3,253.5458,2.53,253.5458,0.00,0
002372,伟星新材,2010-12-31,1,800.5950,3.16,800.5950,0.00,0
002245,澳洋顺昌,2010-12-31,1,168.0800,0.92,168.0800,0.00,0
002241,歌尔声学,2010-12-31,9,4027.9750,10.72,413.1680,10.04,8
002242,九阳股份,2010-12-31,9,4059.4320,5.33,1021.1040,3.99,9
002251,步步高,2010-12-31,6,2628.9090,9.72,432.8500,8.12,7
002450,康得新,2010-12-31,3,872.7069,5.40,852.7069,0.12,1
002255,海陆重工,2010-12-31,3,570.0129,4.42,196.3082,2.89,6
002262,恩华药业,2010-12-31,3,757.1330,3.24,-236.9500,4.25,4
601268,*ST二重,2010-12-31,5,2483.1480,1.47,-929.5380,2.02,6
002258,利尔化学,2010-12-31,1,74.9868,0.37,-25.0132,0.49,1
002264,新华都,2010-12-31,3,512.2731,3.20,-159.4279,4.19,4
002419,天虹商场,2010-12-31,8,1496.5500,3.74,-225.3406,4.30,9
002322,理工监测,2010-12-31,3,279.7746,4.19,-94.8142,5.62,7
002342,巨力索具,2010-12-31,5,314.2638,0.65,-58.3787,0.78,3
300054,鼎龙股份,2010-12-31,9,440.3045,7.34,44.1812,6.60,8
300011,鼎汉技术,2010-12-31,7,528.5710,5.14,-102.9509,6.15,4
601668,中国建筑,2010-12-31,1,21800.0000,0.73,-15552.9900,1.25,3
002268,卫士通,2010-12-31,2,321.9380,2.42,-80.0469,3.03,3
002446,盛路通信,2010-12-31,5,694.4515,6.80,674.0203,0.20,1
002269,美邦服饰,2010-12-31,8,2877.7980,2.86,-350.3370,3.21,9
002418,康盛股份,2010-12-31,2,271.2380,1.90,257.6887,0.09,1
300108,双龙股份,2010-12-31,5,195.5716,3.76,195.5716,0.00,0
300115,长盈精密,2010-12-31,5,275.0743,3.20,193.9683,0.94,4
002266,浙富股份,2010-12-31,9,2357.3210,15.75,203.1450,15.04,8
300015,爱尔眼科,2010-12-31,8,1211.8960,4.54,753.1955,1.72,5
002299,圣农发展,2010-12-31,5,2582.8840,6.30,1475.1105,2.70,7
002344,海宁皮城,2010-12-31,9,3065.1550,10.95,133.8710,10.47,9
002289,宇顺电子,2010-12-31,3,332.3297,4.52,332.3297,0.00,0
002282,博深工具,2010-12-31,3,370.4268,2.14,370.4268,0.00,0
002284,亚太股份,2010-12-31,4,448.9909,2.35,448.9909,0.00,0
002283,天润曲轴,2010-12-31,2,558.6400,2.33,477.9500,0.34,1
300036,超图软件,2010-12-31,1,89.9581,1.20,-510.5531,8.01,8
002277,友阿股份,2010-12-31,7,4099.7080,11.74,268.7790,10.97,8
300002,神州泰岳,2010-12-31,8,2401.5050,7.60,-19.4280,7.66,9
002438,江苏神通,2010-12-31,2,150.0000,1.44,-64.4987,2.06,4
002278,神开股份,2010-12-31,1,208.0760,0.95,208.0760,0.00,0
002285,世联地产,2010-12-31,7,1613.6070,7.42,745.3480,3.99,5
002286,保龄宝,2010-12-31,4,200.4678,1.93,-117.3358,3.06,3
300070,碧水源,2010-12-31,9,1124.9931,7.65,31.0058,7.44,10
002291,星期六,2010-12-31,8,2881.8140,10.31,1131.1910,6.26,7
002292,奥飞动漫,2010-12-31,6,1340.3130,5.24,122.5596,4.76,8
002293,罗莱家纺,2010-12-31,9,996.7478,7.10,-353.7122,9.62,9
002294,信立泰,2010-12-31,5,325.2120,1.43,-112.3187,1.93,5
300065,海兰信,2010-12-31,6,263.6266,4.76,28.7057,4.24,2
601299,中国北车,2010-12-31,6,31788.0300,3.83,15151.5900,2.00,4
601117,中国化学,2010-12-31,4,13648.5400,2.77,7399.6600,1.27,3
002529,海源机械,2010-12-31,2,74.0489,0.46,74.0489,0.00,0
002504,东光微电,2010-12-31,1,25.0000,0.23,25.0000,0.00,0
300072,三聚环保,2010-12-31,8,737.6342,7.58,-27.2269,7.86,9
601618,中国中冶,2010-12-31,6,19325.9400,1.01,326.5100,0.99,6
002496,辉丰股份,2010-12-31,4,236.2581,2.36,236.2581,0.00,0
002478,常宝股份,2010-12-31,4,199.4965,0.50,199.4965,0.00,0
002431,棕榈园林,2010-12-31,6,922.3009,4.80,426.3492,4.13,6
300075,数字政通,2010-12-31,7,400.2331,7.15,-13.5282,7.39,8
300095,华伍股份,2010-12-31,1,59.9834,0.78,59.9834,0.00,0
300093,金刚玻璃,2010-12-31,6,768.3463,6.40,768.3463,0.00,0
002422,科伦药业,2010-12-31,10,1984.5844,8.27,142.6263,7.67,10
002506,*ST超日,2010-12-31,1,79.9907,0.30,79.9907,0.00,0
300058,蓝色光标,2010-12-31,7,980.4448,8.17,-166.3232,9.56,8
002415,海康威视,2010-12-31,7,1419.5320,2.84,-531.4563,3.90,10
601888,中国国旅,2010-12-31,7,3969.9920,4.51,474.0850,3.97,7
002489,浙江永强,2010-12-31,3,295.7520,1.23,295.7520,0.00,0
002301,齐心文具,2010-12-31,1,500.0000,2.68,-622.6349,6.01,4
601989,中国重工,2010-12-31,6,21517.9700,3.24,593.0900,3.15,7
002315,焦点科技,2010-12-31,8,607.3897,5.17,-404.9442,8.62,9
002303,美盈森,2010-12-31,7,1168.7873,6.54,-195.1871,7.63,9
300021,大禹节水,2010-12-31,5,726.1537,5.21,726.1537,0.00,0
300012,华测检测,2010-12-31,6,774.3500,6.31,83.2405,5.63,4
300064,豫金刚石,2010-12-31,6,510.5794,3.36,118.8714,2.58,3
300044,赛为智能,2010-12-31,7,694.4454,6.94,201.1559,4.93,4
300111,向日葵,2010-12-31,1,149.9920,0.29,149.9920,0.00,0
300047,天源迪科,2010-12-31,8,602.8229,5.76,1.2225,5.75,8
300032,金龙机电,2010-12-31,1,59.0618,0.41,-247.0827,2.15,2
300033,同花顺,2010-12-31,5,375.2699,2.79,219.3684,1.16,3
300037,新宙邦,2010-12-31,8,702.4610,6.57,312.9610,3.64,6
300091,金通灵,2010-12-31,3,428.3365,5.12,257.4829,2.04,3
300031,宝通带业,2010-12-31,2,225.9827,2.26,215.9844,0.10,1
300101,国腾电子,2010-12-31,9,674.5945,9.71,186.2530,7.03,10
300022,吉峰农机,2010-12-31,4,604.9100,3.39,446.8819,0.88,4
300071,华谊嘉信,2010-12-31,3,115.5404,2.23,-52.2946,3.24,5
300005,探路者,2010-12-31,4,781.8560,5.83,-133.2909,6.83,6
300045,华力创通,2010-12-31,5,271.5320,4.05,13.5112,3.85,5
300027,华谊兄弟,2010-12-31,3,2052.6570,6.11,240.8901,5.39,9
300003,乐普医疗,2010-12-31,3,538.5350,0.66,-341.1392,1.08,6
300010,立思辰,2010-12-31,4,1483.2220,9.40,558.3938,5.86,8
300117,嘉寓股份,2010-12-31,1,20.9625,0.19,20.9625,0.00,0
300006,莱美药业,2010-12-31,3,309.9181,3.39,309.9181,0.00,0
300053,欧比特,2010-12-31,2,74.0147,0.74,-164.6300,2.39,5
002495,佳隆股份,2010-12-31,1,20.0000,0.19,20.0000,0.00,0
300018,中元华电,2010-12-31,3,349.2340,2.69,103.3266,1.89,4
300041,回天胶业,2010-12-31,6,373.0231,5.65,57.3350,4.78,4
300001,特锐德,2010-12-31,2,127.9812,0.96,-6.1471,1.00,2
300087,荃银高科,2010-12-31,5,337.8971,6.40,118.6797,4.15,5
300142,沃森生物,2010-12-31,5,342.5867,3.43,342.5867,0.00,0
002310,东方园林,2010-12-31,7,869.0980,5.78,126.5066,4.94,6
002309,中利科技,2010-12-31,2,102.1994,0.43,-13.1674,0.48,3
002311,海大集团,2010-12-31,5,1665.1570,5.72,-500.6279,7.44,7
002313,日海通讯,2010-12-31,8,834.6053,8.35,511.3349,3.23,4
002400,省广股份,2010-12-31,4,173.8382,2.11,-288.8165,5.62,6
002324,普利特,2010-12-31,2,225.0000,1.67,-316.5685,4.01,6
002327,富安娜,2010-12-31,8,874.6152,6.53,-405.6157,9.56,8
002318,久立特材,2010-12-31,1,100.0000,0.48,-330.0820,2.07,5
002317,众生药业,2010-12-31,4,219.5490,1.83,-75.7949,2.46,4
002319,乐通股份,2010-12-31,1,49.9972,0.50,49.9972,0.00,0
002474,榕基软件,2010-12-31,2,73.9852,0.71,-144.9623,2.11,6
002321,华英农业,2010-12-31,5,886.8835,6.03,844.8860,0.29,1
002325,洪涛股份,2010-12-31,4,847.8560,5.65,-619.4130,9.78,9
300004,南风股份,2010-12-31,4,330.2209,3.51,-191.9816,5.56,7
601179,中国西电,2010-12-31,3,8845.9000,2.03,-8424.4600,3.96,5
601801,皖新传媒,2010-12-31,3,934.0100,1.03,30.9890,0.99,4
601877,正泰电器,2010-12-31,4,1886.0080,1.88,1175.8530,0.71,4
300020,银江股份,2010-12-31,2,284.4640,1.78,-152.8115,2.73,5
300025,华星创业,2010-12-31,7,1152.2689,14.40,1152.2689,0.00,0
002385,大北农,2010-12-31,8,1279.9242,3.19,-349.3768,4.07,9
002323,中联电气,2010-12-31,1,51.7500,0.63,0.0000,0.63,1
002326,永太科技,2010-12-31,7,1110.0880,8.32,112.1732,7.48,8
002330,得利斯,2010-12-31,5,1268.8375,5.06,3.7995,5.04,5
002329,皇氏乳业,2010-12-31,4,559.7788,5.23,-113.8000,6.30,4
002334,英威腾,2010-12-31,9,1085.9548,8.93,480.6670,4.98,7
002336,人人乐,2010-12-31,7,1712.6913,4.28,-709.7128,6.06,9
002335,科华恒盛,2010-12-31,3,207.1948,2.66,158.1948,0.63,1
002340,格林美,2010-12-31,5,250.8595,2.07,111.4634,1.15,2
002339,积成电子,2010-12-31,5,218.1987,2.54,-361.3967,6.74,7
002341,新纶科技,2010-12-31,10,570.7609,7.80,145.0687,5.82,6
002345,潮宏基,2010-12-31,5,897.7929,4.99,-298.5294,6.65,6
002492,恒基达鑫,2010-12-31,3,72.6783,0.61,72.6783,0.00,0
002351,漫步者,2010-12-31,2,155.6364,1.06,-459.3054,4.18,7
300029,天龙光电,2010-12-31,4,927.0710,4.64,-646.7380,7.87,7
002353,杰瑞股份,2010-12-31,4,308.9713,2.69,-191.2427,4.36,6
002355,兴民钢圈,2010-12-31,1,30.0000,0.14,10.0000,0.10,1
300103,达刚路机,2010-12-31,4,330.3621,5.06,330.3621,0.00,0
300030,阳普医疗,2010-12-31,3,176.9703,2.39,-138.2682,4.26,5
002455,百川股份,2010-12-31,1,99.3026,1.13,99.3026,0.00,0
002375,亚厦股份,2010-12-31,10,2443.5480,11.58,483.2400,9.29,9
002369,卓翼科技,2010-12-31,6,596.3412,5.96,596.3412,0.00,0
300039,上海凯宝,2010-12-31,9,1298.4476,7.40,-2.0134,7.42,9
002367,康力电梯,2010-12-31,8,815.0234,5.09,-260.1483,6.71,8
002361,神剑股份,2010-12-31,1,26.4841,0.33,-8.0726,0.43,2
002368,太极股份,2010-12-31,5,288.5914,2.92,-64.5252,3.57,5
300048,合康变频,2010-12-31,9,1070.6512,8.88,514.4887,4.63,7
002376,新北洋,2010-12-31,9,1554.8022,10.37,196.8920,9.05,10
601106,中国一重,2010-12-31,7,22918.9900,3.51,2578.3700,3.11,3
300043,星辉车模,2010-12-31,9,858.4566,10.84,368.0010,6.19,7
300046,台基股份,2010-12-31,7,320.5081,4.51,260.1149,0.85,1
300050,世纪鼎利,2010-12-31,10,514.6405,4.77,407.4812,0.99,2
002383,合众思壮,2010-12-31,2,110.4389,0.92,29.9921,0.67,1
002379,鲁丰股份,2010-12-31,2,44.9931,0.58,44.9931,0.00,0
002421,达实智能,2010-12-31,1,105.9730,1.36,55.9695,0.64,1
002392,北京利尔,2010-12-31,5,262.1614,1.94,251.9353,0.08,1
002384,东山精密,2010-12-31,6,857.9407,5.36,-171.3780,6.43,7
002394,联发股份,2010-12-31,1,45.1331,0.42,34.2404,0.10,1
300056,三维丝,2010-12-31,7,343.4652,6.61,64.1316,5.37,7
300055,万邦达,2010-12-31,9,1418.6047,12.40,320.4675,9.60,8
300057,万顺股份,2010-12-31,3,414.4830,1.96,117.8390,1.41,1
002387,黑牛食品,2010-12-31,4,606.2325,4.54,-583.1881,8.91,8
002395,双象股份,2010-12-31,1,41.0538,0.46,41.0538,0.00,0
002389,南洋科技,2010-12-31,3,78.3875,1.17,78.3875,0.00,0
002398,建研集团,2010-12-31,8,898.8169,7.49,847.5219,0.43,2
002390,信邦制药,2010-12-31,6,491.9723,5.67,345.1387,1.69,4
002399,海普瑞,2010-12-31,6,368.0215,0.92,-95.2148,1.16,7
002410,广联达,2010-12-31,7,950.1135,5.28,-179.9906,13.72,8
002408,齐翔腾达,2010-12-31,1,63.6792,0.25,-422.4129,1.87,4
002476,宝莫股份,2010-12-31,5,221.2770,1.84,163.8479,0.48,2
002401,中海科技,2010-12-31,3,70.4862,1.32,60.7479,0.18,1
002404,嘉欣丝绸,2010-12-31,1,29.6000,0.22,29.6000,0.00,0
002406,远东传动,2010-12-31,1,149.9970,0.80,119.9970,0.16,1
300059,东方财富,2010-12-31,8,550.3595,3.93,361.4300,1.35,3
002409,雅克科技,2010-12-31,4,219.9901,1.98,-195.9209,3.75,5
002411,九九久,2010-12-31,2,373.3789,2.89,373.3789,0.00,0
002439,启明星辰,2010-12-31,5,451.0774,4.57,-157.6004,6.16,7
002414,高德红外,2010-12-31,8,1559.3623,5.20,317.8643,4.14,6
300098,高新兴,2010-12-31,3,224.0627,3.28,118.3210,1.55,4
300062,中能电气,2010-12-31,1,30.2934,0.39,-15.4066,0.59,2
002417,三元达,2010-12-31,1,136.9670,1.14,116.6166,0.17,2
601018,宁波港,2010-12-31,6,17036.5800,1.33,17036.5800,0.00,0
002465,海格通信,2010-12-31,2,318.8278,0.96,119.6688,0.60,2
300068,南都电源,2010-12-31,6,752.9335,3.04,394.8306,1.44,5
601369,陕鼓动力,2010-12-31,7,977.7758,0.89,84.4928,0.82,4
002428,云南锗业,2010-12-31,3,268.9465,2.14,11.7400,2.05,3
002424,贵州百灵,2010-12-31,7,931.6441,3.96,625.3038,2.08,3
002456,欧菲光,2010-12-31,9,955.0756,9.95,451.7253,5.24,6
002447,壹桥苗业,2010-12-31,1,76.1059,1.14,76.1059,0.00,0
002459,天业通联,2010-12-31,5,198.5555,1.16,198.5555,0.00,0
002429,兆驰股份,2010-12-31,2,135.4062,0.29,135.4062,0.00,0
002432,九安医疗,2010-12-31,2,248.9710,2.01,-364.8675,4.95,6
002434,万里扬,2010-12-31,6,535.3060,3.15,440.5237,0.56,3
002437,誉衡药业,2010-12-31,8,1145.1174,8.18,-146.4093,9.23,9
300080,新大新材,2010-12-31,7,602.0805,4.30,-46.1577,4.63,7
300083,劲胜股份,2010-12-31,8,957.4064,9.57,854.6187,1.03,2
300078,中瑞思创,2010-12-31,3,121.5490,1.81,63.4548,0.87,2
300074,华平股份,2010-12-31,2,79.1090,1.98,48.4206,0.77,2
002441,众业达,2010-12-31,6,269.8052,2.33,-171.2207,3.80,6
002469,三维工程,2010-12-31,8,462.4224,6.98,462.4224,0.00,0
300084,海默科技,2010-12-31,5,320.7053,5.01,283.7302,0.58,1
002444,巨星科技,2010-12-31,8,1200.2873,4.73,28.3365,4.62,9
002445,中南重工,2010-12-31,1,206.1370,1.68,206.1370,0.00,0
300086,康芝药业,2010-12-31,9,647.0414,6.47,-57.5355,7.05,9
002449,国星光电,2010-12-31,8,1083.0390,5.04,113.5703,4.51,8
002458,益生股份,2010-12-31,6,797.0524,7.38,782.0584,0.14,1
300088,长信科技,2010-12-31,2,115.2396,0.92,-191.4358,2.44,5
300090,盛运股份,2010-12-31,5,821.3988,6.44,126.8554,5.44,5
300096,易联众,2010-12-31,6,683.3775,7.95,328.9194,4.12,8
300085,银之杰,2010-12-31,2,147.7169,2.46,147.7169,0.00,0
002453,天马精化,2010-12-31,8,923.0036,7.69,230.7742,5.77,7
002452,长高集团,2010-12-31,3,214.1000,2.14,178.3222,0.36,1
601717,郑煤机,2010-12-31,8,2626.3940,3.75,191.3970,3.48,9
300097,智云股份,2010-12-31,5,296.0988,4.93,223.8908,1.20,2
300099,尤洛卡,2010-12-31,8,262.5409,6.35,77.8554,4.47,7
002464,金利科技,2010-12-31,2,19.1518,0.14,19.1518,0.00,0
601718,际华集团,2010-12-31,4,2591.5420,0.67,1785.4940,0.21,3
300094,国联水产,2010-12-31,3,1075.8890,3.36,422.8980,2.04,3
300124,汇川技术,2010-12-31,9,1046.5690,9.69,518.0687,4.89,6
300152,燃控科技,2010-12-31,7,320.9546,2.97,320.9546,0.00,0
300102,乾照光电,2010-12-31,4,371.2170,3.15,291.9434,0.67,2
002484,江海股份,2010-12-31,10,1081.9061,6.76,1081.9061,0.00,0
300126,锐奇股份,2010-12-31,5,359.9544,4.27,359.9544,0.00,0
300104,乐视网,2010-12-31,3,180.7534,1.81,180.7534,0.00,0
300110,华仁药业,2010-12-31,1,60.2268,0.28,-316.2922,1.76,3
002468,艾迪西,2010-12-31,3,56.7039,0.35,56.7039,0.00,0
002470,金正大,2010-12-31,1,118.1270,0.17,118.1270,0.00,0
300107,建新股份,2010-12-31,6,420.7083,6.29,-46.1529,6.98,8
300113,顺网科技,2010-12-31,7,415.1156,6.92,2.6683,6.87,8
300106,西部牧业,2010-12-31,2,322.0249,2.75,281.0249,0.35,1
300118,东方日升,2010-12-31,5,381.5899,2.18,381.5899,0.00,0
300133,华策影视,2010-12-31,2,33.7050,0.60,33.7050,0.00,0
300116,坚瑞消防,2010-12-31,2,66.7560,0.83,2.4581,0.80,3
300109,新开源,2010-12-31,2,55.5190,1.54,-39.1210,2.63,5
002471,中超电缆,2010-12-31,3,65.1288,0.41,65.1288,0.00,0
002527,新时达,2010-12-31,2,189.9969,0.95,189.9969,0.00,0
002475,立讯精密,2010-12-31,10,1436.0297,8.26,894.7480,3.11,8
300120,经纬电材,2010-12-31,1,18.2446,0.21,18.2446,0.00,0
300128,锦富新材,2010-12-31,4,162.4926,1.62,162.4926,0.00,0
601098,中南传媒,2010-12-31,5,1483.8110,0.83,1483.8110,0.00,0
002477,雏鹰农牧,2010-12-31,4,350.6949,2.63,-27.7009,2.83,4
002479,富春环保,2010-12-31,4,657.3530,3.07,657.3530,0.00,0
002480,新筑股份,2010-12-31,7,674.4681,4.82,470.9794,1.45,3
300119,瑞普生物,2010-12-31,4,198.8147,2.68,50.7559,2.00,5
300125,易世达,2010-12-31,3,146.3768,2.48,146.3768,0.00,0
002486,嘉麟杰,2010-12-31,1,15.7200,0.08,15.7200,0.00,0
002482,广田股份,2010-12-31,9,878.1286,5.49,206.3112,4.20,8
002485,希努尔,2010-12-31,5,587.0889,2.94,587.0889,0.00,0
300122,智飞生物,2010-12-31,3,134.9842,0.34,-46.4174,0.45,6
300123,太阳鸟,2010-12-31,4,503.5901,5.79,374.4041,1.49,2
002488,金固股份,2010-12-31,6,232.5189,1.94,232.5189,0.00,0
002518,科士达,2010-12-31,2,88.9572,0.77,88.9572,0.00,0
600998,九州通,2010-12-31,1,200.1000,0.14,200.1000,0.00,0
002493,荣盛石化,2010-12-31,1,17.9982,0.03,17.9982,0.00,0
002483,润邦股份,2010-12-31,1,64.9930,0.32,64.9930,0.00,0
002497,雅化集团,2010-12-31,6,580.1900,3.63,580.1900,0.00,0
300134,大富科技,2010-12-31,8,707.7755,4.42,707.7755,0.00,0
300135,宝利沥青,2010-12-31,3,110.6173,1.38,110.6173,0.00,0
002494,华斯股份,2010-12-31,2,172.3800,1.52,172.3800,0.00,0
002498,汉缆股份,2010-12-31,6,487.3705,1.04,487.3705,0.00,0
300137,先河环保,2010-12-31,9,661.8682,5.52,661.8682,0.00,0
300132,青松股份,2010-12-31,1,88.5708,1.32,88.5708,0.00,0
300136,信维通信,2010-12-31,4,223.3313,3.35,223.3313,0.00,0
002501,利源铝业,2010-12-31,2,117.8711,1.26,117.8711,0.00,0
002511,中顺洁柔,2010-12-31,1,10.0990,0.06,10.0990,0.00,0
300154,瑞凌股份,2010-12-31,3,82.9810,0.74,82.9810,0.00,0
002503,搜于特,2010-12-31,8,362.7034,4.53,362.7034,0.00,0
300143,星河生物,2010-12-31,4,210.2624,3.14,210.2624,0.00,0
300144,宋城股份,2010-12-31,7,414.5159,2.47,414.5159,0.00,0
002507,涪陵榨菜,2010-12-31,1,12.2964,0.08,12.2964,0.00,0
002513,蓝丰生化,2010-12-31,1,54.9976,0.74,54.9976,0.00,0
002522,浙江众成,2010-12-31,3,180.0927,1.69,180.0927,0.00,0
300146,汤臣倍健,2010-12-31,3,84.3407,1.54,84.3407,0.00,0
002528,英飞拓,2010-12-31,6,247.6876,1.68,247.6876,0.00,0
300147,香雪制药,2010-12-31,1,70.2796,0.57,70.2796,0.00,0
002526,山东矿机,2010-12-31,8,469.5728,1.76,469.5728,0.00,0
601933,永辉超市,2010-12-31,9,1690.0143,2.20,1690.0143,0.00,0
