600000,浦发银行,2011-03-31,1,15330.4000,1.07,-100.0000,1.08,1
600005,武钢股份,2011-03-31,5,7995.5350,1.02,1097.7250,0.88,4
600006,东风汽车,2011-03-31,3,1509.7180,0.75,-1076.8380,1.29,5
600007,中国国贸,2011-03-31,4,2242.8500,2.23,105.8760,2.12,4
600008,首创股份,2011-03-31,6,3419.4270,1.55,1144.5480,1.03,4
600009,上海机场,2011-03-31,6,7216.3300,3.74,1098.1380,3.18,6
600010,包钢股份,2011-03-31,7,24037.7000,3.74,12219.0370,1.84,6
600019,宝钢股份,2011-03-31,6,41650.6800,2.38,14062.2500,1.58,3
600026,中海发展,2011-03-31,6,2426.0100,0.71,205.1250,0.65,5
600028,中国石化,2011-03-31,5,20036.6000,0.23,-2622.7000,0.26,5
600030,中信证券,2011-03-31,1,4900.9900,0.49,-59.7400,0.50,1
600033,福建高速,2011-03-31,3,1579.4130,0.58,-787.5280,0.86,4
600037,歌华有线,2011-03-31,3,2053.1240,1.94,-520.8060,2.43,4
600038,哈飞股份,2011-03-31,6,2544.2040,7.54,-361.9370,8.61,6
600050,中国联通,2011-03-31,7,77393.9800,3.65,1184.3500,3.60,8
600051,宁波联合,2011-03-31,1,226.8190,0.75,226.8190,0.00,0
600052,浙江广厦,2011-03-31,1,1200.9700,1.38,-950.1700,2.47,2
600054,黄山旅游,2011-03-31,3,2078.9840,4.41,2078.9840,0.00,0
600055,华润万东,2011-03-31,6,1991.4397,9.20,-324.5973,10.70,8
600056,中国医药,2011-03-31,4,1134.4190,3.65,-115.1360,4.02,3
600058,五矿发展,2011-03-31,6,1240.4510,1.16,-334.3050,1.47,8
600059,古越龙山,2011-03-31,2,1149.9970,1.81,-2818.0890,6.25,5
600060,海信电器,2011-03-31,7,5248.6550,6.06,4533.6590,0.83,2
600061,中纺投资,2011-03-31,2,1019.9930,2.38,299.9930,1.68,1
600062,华润双鹤,2011-03-31,7,6530.1340,11.42,213.1720,11.05,7
600063,皖维高新,2011-03-31,2,1278.0790,2.73,1012.1180,0.72,2
600064,南京高科,2011-03-31,6,1833.8960,3.55,966.2460,1.68,3
600066,宇通客车,2011-03-31,7,6228.4440,11.98,881.9470,10.28,6
600067,冠城大通,2011-03-31,7,7822.5800,10.64,-1404.5410,12.55,8
600068,葛洲坝,2011-03-31,4,7536.4500,2.16,-6018.1400,3.89,4
600069,银鸽投资,2011-03-31,1,321.9950,0.39,321.9950,0.00,0
600070,浙江富润,2011-03-31,1,551.1610,3.92,0.0000,3.92,1
600071,凤凰光学,2011-03-31,8,3000.1170,12.63,475.9080,10.63,8
600075,新疆天业,2011-03-31,1,100.0000,0.23,-180.0000,0.64,2
600078,澄星股份,2011-03-31,2,549.2170,0.84,549.2170,0.00,0
600079,人福医药,2011-03-31,7,6679.4870,14.16,-2660.0100,19.80,8
600081,东风科技,2011-03-31,2,454.3967,1.45,-100.0000,1.77,3
600085,同仁堂,2011-03-31,7,3475.0220,6.67,-195.4580,7.05,5
600086,东方金钰,2011-03-31,4,3728.2570,10.58,-528.8970,12.08,6
600087,*ST长油,2011-03-31,2,882.6770,0.47,-471.3000,0.84,2
600088,中视传媒,2011-03-31,2,470.4380,1.42,-33.5400,1.52,2
600089,特变电工,2011-03-31,5,9237.8700,4.56,2602.6500,3.27,4
600090,啤酒花,2011-03-31,1,96.5900,0.26,96.5900,0.00,0
600095,哈高科,2011-03-31,4,2105.2060,5.83,381.8250,4.77,3
600096,云天化,2011-03-31,6,2815.0700,4.77,-2403.2290,8.84,8
600098,广州发展,2011-03-31,7,5108.6990,2.48,-1279.5310,3.10,8
600099,林海股份,2011-03-31,1,406.9620,1.86,155.8880,1.15,1
600100,同方股份,2011-03-31,5,6582.5830,6.62,-2884.0580,9.53,7
600101,明星电力,2011-03-31,5,2360.0680,7.28,749.6790,4.97,4
600103,青山纸业,2011-03-31,1,1000.0000,0.94,1000.0000,0.00,0
600104,上汽集团,2011-03-31,7,28984.9300,3.14,2289.8300,2.89,5
600105,永鼎股份,2011-03-31,5,3552.7330,9.33,-125.0000,9.65,5
600106,重庆路桥,2011-03-31,2,132.0852,0.29,1.2420,0.29,2
600107,美尔雅,2011-03-31,4,1196.8980,3.32,619.8940,1.60,2
600108,亚盛集团,2011-03-31,2,2248.3500,1.29,-8398.9200,6.13,4
600109,国金证券,2011-03-31,1,247.8000,0.25,-158.2170,0.41,3
600111,包钢稀土,2011-03-31,6,2503.2820,3.10,299.5300,2.73,6
600112,长征电气,2011-03-31,2,1413.2660,3.33,1413.2660,0.00,0
600115,东方航空,2011-03-31,1,1259.6000,0.11,-9705.7700,0.97,3
600117,西宁特钢,2011-03-31,4,2146.2990,2.90,582.8510,2.11,4
600118,中国卫星,2011-03-31,5,4251.1530,6.03,-764.5470,7.11,7
600120,浙江东方,2011-03-31,2,874.6270,1.73,-478.7850,2.68,2
600121,郑州煤电,2011-03-31,3,402.5220,0.64,252.5220,0.24,1
600122,宏图高科,2011-03-31,2,1136.6180,2.01,-186.6700,2.34,2
600123,兰花科创,2011-03-31,7,5546.6180,9.71,-870.5290,11.23,7
600125,铁龙物流,2011-03-31,6,11039.9200,10.99,2175.2510,8.83,8
600126,杭钢股份,2011-03-31,1,114.5600,0.14,114.5600,0.00,0
600127,金健米业,2011-03-31,3,252.8852,0.46,95.9171,0.29,2
600128,弘业股份,2011-03-31,1,599.9970,2.43,319.9970,1.13,1
600132,重庆啤酒,2011-03-31,6,4286.1900,8.86,342.8120,8.15,5
600133,东湖高新,2011-03-31,2,249.9820,0.50,110.0000,0.28,1
600135,乐凯胶片,2011-03-31,2,950.0320,2.78,-1876.3100,8.26,6
600137,浪莎股份,2011-03-31,2,544.7930,5.60,-116.4470,6.80,3
600138,中青旅,2011-03-31,3,4425.3300,10.65,826.1490,8.67,5
600139,西部资源,2011-03-31,5,2141.0730,9.03,391.0910,7.38,5
600141,兴发集团,2011-03-31,4,4166.1120,11.40,1499.2450,7.30,4
600146,大元股份,2011-03-31,4,1209.6570,6.05,636.2070,2.87,3
600150,中国船舶,2011-03-31,3,1069.8470,1.61,240.2730,1.25,3
600151,航天机电,2011-03-31,3,557.9690,0.58,-268.3370,0.86,4
600152,维科精华,2011-03-31,1,349.9770,1.19,349.9770,0.00,0
600153,建发股份,2011-03-31,8,19325.6700,8.64,1610.1080,7.92,6
600157,永泰能源,2011-03-31,4,2340.7260,6.23,598.0330,5.90,3
600160,巨化股份,2011-03-31,6,3233.3380,4.06,643.7500,4.23,6
600161,天坛生物,2011-03-31,2,959.4760,1.86,224.2470,1.43,2
600162,香江控股,2011-03-31,2,1040.0000,1.35,-101.2140,1.49,2
600163,福建南纸,2011-03-31,3,1989.0090,2.76,289.0210,2.36,3
600166,福田汽车,2011-03-31,3,12289.1400,11.65,-4148.6800,15.58,5
600169,太原重工,2011-03-31,4,1207.4420,1.49,-3631.8030,5.99,5
600170,上海建工,2011-03-31,5,3508.9930,3.37,442.2090,2.94,6
600171,上海贝岭,2011-03-31,2,196.4828,0.29,36.4908,0.24,1
600172,黄河旋风,2011-03-31,5,949.4670,3.54,326.3670,2.33,2
600173,卧龙地产,2011-03-31,4,4334.9100,5.98,2882.3700,2.00,2
600176,中国玻纤,2011-03-31,6,5563.0780,13.02,297.5410,12.32,7
600177,雅戈尔,2011-03-31,1,2819.8300,1.27,-3641.2000,2.90,3
600178,东安动力,2011-03-31,3,1118.2983,2.42,-1821.9867,6.36,6
600183,生益科技,2011-03-31,4,4717.1010,4.93,1297.4200,3.57,3
600185,格力地产,2011-03-31,3,2273.8080,3.94,660.9980,2.79,2
600186,莲花味精,2011-03-31,3,2974.4560,2.80,2974.4560,0.00,0
600187,国中水务,2011-03-31,1,150.0000,0.35,-672.4170,2.51,4
600188,兖州煤业,2011-03-31,5,2557.1540,0.52,567.1660,0.40,5
600189,吉林森工,2011-03-31,2,388.8450,1.25,-86.3030,1.53,2
600190,锦州港,2011-03-31,1,610.7320,0.39,0.0000,0.39,1
600191,华资实业,2011-03-31,1,89.7108,0.18,89.7108,0.00,0
600193,创兴资源,2011-03-31,2,750.0000,3.44,-884.7850,7.49,3
600195,中牧股份,2011-03-31,7,3011.3130,7.72,167.6520,7.29,8
600196,复星医药,2011-03-31,2,1396.4670,0.73,-4617.7730,3.16,5
600197,伊力特,2011-03-31,5,2787.5300,6.32,-305.1210,7.01,5
600198,大唐电信,2011-03-31,4,2145.2170,4.89,-25.9270,4.95,5
600199,金种子酒,2011-03-31,3,1379.8500,2.48,222.1970,2.08,3
600202,哈空调,2011-03-31,1,330.3720,0.86,-110.0000,1.15,2
600206,有研硅股,2011-03-31,1,85.2050,0.39,85.2050,0.00,0
600208,新湖中宝,2011-03-31,7,24534.5500,4.78,2205.5300,4.35,7
600210,紫江企业,2011-03-31,4,2497.7730,1.74,1053.5190,1.01,3
600213,亚星客车,2011-03-31,2,611.1460,2.78,-127.4650,3.36,2
600215,长春经开,2011-03-31,2,854.4760,2.39,269.6800,1.63,2
600216,浙江医药,2011-03-31,4,2261.7480,5.03,811.7520,3.22,2
600218,全柴动力,2011-03-31,4,1064.6468,3.76,222.0907,2.97,4
600219,南山铝业,2011-03-31,2,1732.6230,0.90,-386.6430,1.10,6
600220,江苏阳光,2011-03-31,4,1686.6190,0.95,162.5110,0.85,3
600221,海南航空,2011-03-31,4,7379.1500,1.79,-2314.0600,2.35,5
600223,鲁商置业,2011-03-31,5,5524.4740,5.52,356.3550,5.16,5
600226,升华拜克,2011-03-31,3,1828.3490,4.51,1828.3490,0.00,0
600227,赤天化,2011-03-31,3,465.1290,0.49,191.1330,0.29,2
600229,青岛碱业,2011-03-31,1,1000.0000,2.53,-140.0000,2.88,2
600230,沧州大化,2011-03-31,4,466.7111,1.80,198.2801,1.04,1
600231,凌钢股份,2011-03-31,4,1935.1400,2.41,222.0730,2.13,4
600232,金鹰股份,2011-03-31,2,404.9970,1.11,404.9970,0.00,0
600233,大杨创世,2011-03-31,4,502.4269,3.05,502.4269,0.00,0
600236,桂冠电力,2011-03-31,3,2328.8350,1.02,2065.2350,0.12,1
600238,海南椰岛,2011-03-31,1,534.1550,1.79,-128.4340,2.22,1
600239,云南城投,2011-03-31,5,3659.6390,5.78,-3231.4790,10.88,7
600240,华业地产,2011-03-31,4,4803.3450,7.45,1860.9780,4.56,4
600246,万通地产,2011-03-31,3,2100.7820,1.73,-191.6220,1.88,4
600248,延长化建,2011-03-31,2,331.4910,0.78,-582.8770,2.15,4
600252,中恒集团,2011-03-31,8,7474.6600,13.69,134.1840,13.45,8
600255,鑫科材料,2011-03-31,2,1550.0000,3.45,1420.4123,0.29,2
600256,广汇能源,2011-03-31,7,17404.6300,9.37,3544.6720,11.19,8
600257,大湖股份,2011-03-31,6,3663.6940,8.58,-3227.5430,16.14,9
600258,首旅酒店,2011-03-31,1,262.8440,1.14,-1181.7890,6.24,5
600260,凯乐科技,2011-03-31,4,2452.6090,4.65,2452.6090,0.00,0
600261,阳光照明,2011-03-31,8,3316.6000,13.28,-220.1810,14.16,8
600262,北方股份,2011-03-31,4,709.5554,4.17,184.6374,3.09,4
600265,*ST景谷,2011-03-31,2,139.9941,1.08,27.8341,0.86,1
600266,北京城建,2011-03-31,8,9054.9010,10.18,1748.0030,8.22,9
600267,海正药业,2011-03-31,7,6134.2580,11.69,-1110.5860,14.98,7
600268,国电南自,2011-03-31,4,1171.7690,3.69,-89.6410,3.97,4
600269,赣粤高速,2011-03-31,4,4014.4230,1.72,-69.3700,1.75,4
600270,外运发展,2011-03-31,4,2148.5540,2.37,1348.5540,0.88,1
600276,恒瑞医药,2011-03-31,5,4078.0630,5.44,-1062.3450,6.86,5
600277,亿利能源,2011-03-31,1,349.9940,0.39,349.9940,0.00,0
600279,重庆港九,2011-03-31,1,100.0000,0.29,-385.9770,1.42,1
600280,中央商场,2011-03-31,4,1713.4900,11.94,-282.4430,13.90,5
600282,南钢股份,2011-03-31,1,231.1100,0.06,231.1100,0.00,0
600288,大恒科技,2011-03-31,4,1797.5330,4.12,-271.9740,4.74,7
600289,亿阳信通,2011-03-31,5,5927.0060,10.52,-401.9080,11.24,5
600290,华仪电气,2011-03-31,2,520.1000,1.48,520.1000,0.00,0
600292,中电远达,2011-03-31,5,1880.5420,5.62,188.3180,5.06,4
600297,美罗药业,2011-03-31,2,460.0000,1.31,-1093.5240,4.44,4
600298,安琪酵母,2011-03-31,8,2827.6410,9.24,-868.2350,12.08,8
600300,维维股份,2011-03-31,4,1120.9390,0.67,307.4370,0.49,2
600302,标准股份,2011-03-31,2,755.5050,2.18,755.5050,0.00,0
600303,曙光股份,2011-03-31,9,4574.2960,15.92,1485.1700,10.75,7
600305,恒顺醋业,2011-03-31,2,930.7510,7.32,-378.4129,10.30,4
600306,商业城,2011-03-31,3,939.3600,5.27,-87.4990,5.76,3
600307,酒钢宏兴,2011-03-31,5,3163.8030,1.55,1518.2740,0.80,4
600309,万华化学,2011-03-31,7,11197.8300,6.73,1298.8900,5.95,7
600310,桂东电力,2011-03-31,4,898.6400,4.89,-63.5260,5.23,4
600311,荣华实业,2011-03-31,1,197.4580,0.30,-1073.1710,1.91,2
600312,平高电气,2011-03-31,4,7344.8100,8.97,-408.9850,9.47,5
600315,上海家化,2011-03-31,9,7819.0720,18.48,0.0000,18.48,9
600316,洪都航空,2011-03-31,6,3357.6820,4.68,1429.2650,2.69,4
600317,营口港,2011-03-31,2,200.0250,0.18,2.2599,0.18,2
600318,巢东股份,2011-03-31,5,2793.9530,11.55,2496.4620,1.23,2
600321,国栋建设,2011-03-31,2,1495.4010,3.28,0.0000,3.28,2
600322,天房发展,2011-03-31,5,6880.6220,6.22,3780.6280,2.80,3
600323,南海发展,2011-03-31,3,940.7706,3.47,-30.0000,3.58,3
600326,西藏天路,2011-03-31,3,3076.1000,5.62,2876.1000,0.37,1
600327,大东方,2011-03-31,7,10914.8090,20.92,-52.7360,21.02,7
600329,中新药业,2011-03-31,2,1122.6930,1.52,-48.9730,1.58,2
600331,宏达股份,2011-03-31,4,4902.4880,4.75,-325.4540,5.07,5
600332,白云山,2011-03-31,4,988.1330,1.22,-331.7030,1.63,4
600335,国机汽车,2011-03-31,7,3324.8020,12.05,467.1620,10.36,6
600336,澳柯玛,2011-03-31,1,430.1180,1.26,-200.0000,1.85,2
600337,美克股份,2011-03-31,5,4279.8900,6.76,-2031.5860,9.98,8
600338,西藏珠峰,2011-03-31,1,658.9340,4.16,-46.2840,4.45,1
600339,天利高新,2011-03-31,5,3043.8450,5.79,2187.1330,1.63,1
600345,长江通信,2011-03-31,1,100.5690,0.51,0.0000,0.51,1
600350,山东高速,2011-03-31,4,1306.3700,0.39,132.9390,0.35,5
600351,亚宝药业,2011-03-31,2,297.5410,0.47,297.5410,0.00,0
600359,新农开发,2011-03-31,1,61.2098,0.19,61.2098,0.00,0
600360,华微电子,2011-03-31,5,2184.8140,4.19,-1988.9020,8.00,5
600361,华联综超,2011-03-31,4,6228.5150,12.85,-411.4450,13.70,4
600362,江西铜业,2011-03-31,6,5082.7100,1.47,-670.0580,1.66,6
600363,联创光电,2011-03-31,2,1551.9460,4.19,491.2080,2.86,2
600365,通葡股份,2011-03-31,2,593.4380,4.24,250.3690,2.45,2
600366,宁波韵升,2011-03-31,5,2317.8760,5.86,106.2690,5.59,5
600367,红星发展,2011-03-31,1,460.0000,1.58,-120.0000,1.99,1
600368,五洲交通,2011-03-31,1,174.8200,0.31,174.8200,0.00,0
600369,西南证券,2011-03-31,3,1112.0470,0.48,-329.7800,0.62,3
600372,中航电子,2011-03-31,1,200.0650,0.41,-450.2580,1.34,2
600373,中文传媒,2011-03-31,6,2989.3990,5.27,828.9870,3.81,4
600376,首开股份,2011-03-31,3,3971.6260,3.45,-608.4770,3.98,5
600377,宁沪高速,2011-03-31,1,770.0000,0.15,-917.1750,0.33,2
600378,天科股份,2011-03-31,4,930.5210,3.44,-565.5210,5.54,3
600379,宝光股份,2011-03-31,2,712.0670,3.32,309.1790,1.88,1
600380,健康元,2011-03-31,4,2228.6600,1.69,-2389.2180,3.51,4
600382,广东明珠,2011-03-31,3,2029.1210,5.94,-569.9780,7.61,4
600383,金地集团,2011-03-31,3,19419.7200,4.34,-5688.7100,5.62,4
600386,北巴传媒,2011-03-31,3,1559.4880,3.87,-1607.8490,7.86,5
600388,龙净环保,2011-03-31,4,1404.3560,6.75,-230.0220,7.86,4
600389,江山股份,2011-03-31,1,167.0740,0.84,-569.7740,3.72,2
600390,金瑞科技,2011-03-31,3,596.1890,3.73,446.1980,0.94,1
600391,成发科技,2011-03-31,2,314.4667,2.40,-0.4352,2.40,3
600393,东华实业,2011-03-31,1,149.9950,0.50,0.0000,0.50,1
600395,盘江股份,2011-03-31,7,2918.5490,2.65,366.4880,2.31,5
600400,红豆股份,2011-03-31,1,235.4590,0.55,-148.6050,0.89,2
600415,小商品城,2011-03-31,5,4662.6890,3.43,-2292.3780,5.11,6
600416,湘电股份,2011-03-31,7,4070.7360,13.38,844.7400,10.60,5
600418,江淮汽车,2011-03-31,6,13462.8900,10.45,3900.2500,7.42,5
600422,昆明制药,2011-03-31,3,1818.2030,5.79,-817.7690,8.39,4
600426,华鲁恒升,2011-03-31,4,3952.0300,6.22,1561.4590,3.76,6
600428,中远航运,2011-03-31,6,9899.4200,5.86,1098.1290,6.72,7
600456,宝钛股份,2011-03-31,8,1797.7060,4.18,254.8430,3.59,6
600458,时代新材,2011-03-31,4,2137.3130,9.09,-736.1440,12.22,5
600468,百利电气,2011-03-31,3,1443.9770,3.80,-394.9710,4.84,4
600486,扬农化工,2011-03-31,5,1624.4240,9.44,-118.5690,10.12,5
600488,天药股份,2011-03-31,3,1621.7410,2.99,-912.5530,4.67,6
600496,精工钢构,2011-03-31,5,3443.9150,8.90,331.6450,8.04,5
600498,烽火通信,2011-03-31,7,4568.2640,10.34,188.8100,9.91,6
600499,科达机电,2011-03-31,4,5027.2520,8.28,-1319.5340,10.61,5
600500,中化国际,2011-03-31,1,387.8090,0.27,387.8090,0.00,0
600503,华丽家族,2011-03-31,1,461.0210,0.87,-977.4060,2.73,4
600508,上海能源,2011-03-31,5,1120.2900,1.55,-511.7810,2.26,6
600509,天富热电,2011-03-31,1,200.0000,0.31,-60.0000,0.40,1
600510,黑牡丹,2011-03-31,2,1721.2780,2.16,1372.0950,0.44,1
600511,国药股份,2011-03-31,7,5475.1120,11.44,-1091.4640,13.71,8
600516,方大炭素,2011-03-31,6,2488.8390,1.95,-1184.4690,2.87,7
600518,康美药业,2011-03-31,4,15721.1100,7.15,3146.0000,7.42,4
600519,贵州茅台,2011-03-31,6,3061.0760,3.24,-593.0680,3.87,7
600522,中天科技,2011-03-31,8,4202.6750,13.10,-1252.0470,17.00,8
600523,贵航股份,2011-03-31,4,798.7990,2.77,248.1410,1.91,3
600525,长园集团,2011-03-31,6,2844.8340,6.59,65.2030,6.44,6
600528,中铁二局,2011-03-31,6,2038.9460,1.40,-1110.9750,2.16,7
600529,山东药玻,2011-03-31,4,2003.0700,7.78,-45.4060,7.96,3
600531,豫光金铅,2011-03-31,1,399.9880,1.35,-886.9890,4.36,4
600533,栖霞建设,2011-03-31,6,9999.0130,9.52,3129.2830,6.54,5
600535,天士力,2011-03-31,5,2938.4630,5.69,-1582.2610,8.75,7
600539,ST狮头,2011-03-31,3,1259.9630,5.48,1259.9630,0.00,0
600549,厦门钨业,2011-03-31,2,1449.5200,2.13,854.9860,0.87,2
600550,天威保变,2011-03-31,6,1414.0720,1.21,-697.5560,1.81,6
600551,时代出版,2011-03-31,1,540.5890,1.28,-817.1780,3.22,4
600557,康缘药业,2011-03-31,7,5725.6420,13.78,1824.0300,9.39,4
600559,老白干酒,2011-03-31,7,2330.0370,16.64,-212.8150,18.16,7
600560,金自天正,2011-03-31,1,148.2900,1.49,-59.9810,2.10,1
600563,法拉电子,2011-03-31,8,3081.3720,13.69,-367.8660,15.33,8
600569,安阳钢铁,2011-03-31,2,4203.0380,1.76,3871.4600,0.14,1
600571,信雅达,2011-03-31,4,840.9910,4.32,-147.7420,5.08,3
600578,京能电力,2011-03-31,2,270.9810,0.41,-30.0000,0.46,2
600580,卧龙电气,2011-03-31,3,2528.6400,5.88,-588.9050,7.27,4
600581,八一钢铁,2011-03-31,5,3508.8550,4.58,423.1080,4.03,5
600582,天地科技,2011-03-31,7,9003.3030,8.90,1301.7950,7.61,6
600583,海油工程,2011-03-31,6,15994.8200,4.11,3250.6100,3.28,6
600585,海螺水泥,2011-03-31,5,10215.8400,2.89,3613.0100,1.87,4
600586,金晶科技,2011-03-31,2,1077.5380,1.51,500.0460,0.98,2
600587,新华医疗,2011-03-31,3,1318.3160,9.81,-365.3300,12.53,4
600588,用友软件,2011-03-31,3,4298.7300,5.27,-228.0100,5.55,3
600589,广东榕泰,2011-03-31,1,599.9980,1.00,599.9980,0.00,0
600590,泰豪科技,2011-03-31,4,907.3540,1.99,-157.0990,2.34,4
600592,龙溪股份,2011-03-31,7,2687.2360,8.96,349.9530,7.79,4
600595,中孚实业,2011-03-31,8,3075.4980,2.03,1836.2030,1.05,4
600596,新安股份,2011-03-31,5,4657.4740,6.86,-1622.8090,9.25,6
600597,光明乳业,2011-03-31,3,2648.9960,2.52,157.9740,2.37,4
600598,北大荒,2011-03-31,4,6914.7900,3.89,852.3550,3.41,6
600600,青岛啤酒,2011-03-31,3,2426.7610,1.80,-1784.7440,3.12,5
600601,方正科技,2011-03-31,4,2839.1610,1.29,-701.9190,1.61,5
600606,金丰投资,2011-03-31,2,1080.3259,2.52,972.0438,0.25,2
600611,大众交通,2011-03-31,2,582.3770,0.37,-43.3600,0.40,2
600612,老凤祥,2011-03-31,4,1508.9930,4.50,-97.1260,4.79,4
600616,金枫酒业,2011-03-31,2,669.3880,1.53,-533.9560,2.74,3
600619,海立股份,2011-03-31,1,1398.7700,2.32,110.1300,2.14,1
600628,新世界,2011-03-31,3,2267.1670,4.26,622.0530,3.09,2
600635,大众公用,2011-03-31,3,1491.2090,0.91,-398.7860,1.15,4
600636,三爱富,2011-03-31,9,4090.8410,11.78,4090.8410,0.00,0
600637,百视通,2011-03-31,2,449.9760,0.63,449.9760,0.00,0
600639,浦东金桥,2011-03-31,3,739.9570,0.80,439.9570,0.32,1
600640,号百控股,2011-03-31,2,369.3440,0.92,369.3440,0.00,0
600642,申能股份,2011-03-31,2,2122.4800,0.67,1038.2000,0.34,1
600644,乐山电力,2011-03-31,6,2547.1980,7.80,1774.6220,2.37,1
600649,城投控股,2011-03-31,2,1058.9390,0.46,-768.8570,0.80,3
600651,飞乐音响,2011-03-31,7,5567.3020,9.04,2269.7420,5.35,4
600653,申华控股,2011-03-31,3,1014.4450,0.58,385.1080,0.36,2
600657,信达地产,2011-03-31,3,2790.0130,1.83,-2074.0670,3.19,5
600658,电子城,2011-03-31,1,172.9900,0.30,-233.1700,0.70,2
600660,福耀玻璃,2011-03-31,5,13218.7800,6.60,-1881.6900,7.54,5
600662,强生控股,2011-03-31,1,104.0850,0.13,0.0500,0.13,1
600664,哈药股份,2011-03-31,4,9150.8500,7.37,-2839.7500,9.65,4
600665,天地源,2011-03-31,1,3430.1700,4.76,-188.4360,5.03,3
600667,太极实业,2011-03-31,2,2199.9980,4.69,800.0190,2.99,2
600668,尖峰集团,2011-03-31,1,229.8570,0.67,229.8570,0.00,0
600673,东阳光铝,2011-03-31,6,3037.2950,3.67,-627.1550,4.43,6
600674,川投能源,2011-03-31,5,1376.3870,1.48,-1157.3550,2.72,5
600675,中华企业,2011-03-31,5,7041.5520,4.98,278.2250,4.78,5
600676,交运股份,2011-03-31,2,365.3422,0.50,234.5822,0.18,1
600677,航天通信,2011-03-31,2,687.8040,2.11,360.4810,1.00,2
600682,南京新百,2011-03-31,2,1394.2730,3.89,37.4440,3.79,2
600683,京投银泰,2011-03-31,4,2488.0170,3.36,-2572.5200,6.83,5
600684,珠江实业,2011-03-31,1,266.9560,1.43,0.0000,1.43,1
600685,广船国际,2011-03-31,4,1597.1600,3.23,1065.6829,1.07,4
600686,金龙汽车,2011-03-31,5,5038.7980,11.38,1117.8230,8.86,4
600688,上海石化,2011-03-31,6,11250.1660,1.56,3750.1660,1.04,2
600689,上海三毛,2011-03-31,1,100.0000,0.50,100.0000,0.00,0
600690,青岛海尔,2011-03-31,7,11651.6700,8.70,-2142.1300,10.29,8
600692,亚通股份,2011-03-31,1,91.1471,0.26,91.1471,0.00,0
600693,东百集团,2011-03-31,6,4718.8520,13.75,-1375.4730,17.76,6
600694,大商股份,2011-03-31,6,3661.0850,12.46,372.2250,11.20,6
600697,欧亚集团,2011-03-31,7,2678.6810,16.84,-178.4500,17.96,7
600701,工大高新,2011-03-31,1,958.3150,1.92,2.7130,1.92,1
600702,沱牌舍得,2011-03-31,5,1350.2490,4.00,-634.7450,5.88,4
600703,三安光电,2011-03-31,7,4995.1170,7.61,-307.9150,8.08,8
600704,物产中大,2011-03-31,2,680.4810,1.55,-821.5740,3.42,2
600706,曲江文旅,2011-03-31,2,373.5770,4.28,130.8690,2.78,1
600707,*ST彩虹,2011-03-31,5,2231.6650,3.03,-4527.7720,9.17,8
600710,常林股份,2011-03-31,1,1049.7300,2.16,899.7300,0.31,1
600712,南宁百货,2011-03-31,1,500.0000,1.92,-400.0000,3.46,2
600713,南京医药,2011-03-31,8,3076.1200,8.87,-2085.1450,14.88,9
600717,天津港,2011-03-31,3,3972.0110,2.37,-49.9300,2.40,3
600718,东软集团,2011-03-31,1,1142.6300,0.93,406.4120,0.60,2
600720,祁连山,2011-03-31,4,3435.3380,7.23,444.4010,6.30,4
600723,首商股份,2011-03-31,8,3481.9500,8.50,-1477.7330,12.11,7
600724,宁波富达,2011-03-31,2,1737.6340,1.20,442.2040,0.90,1
600725,云维股份,2011-03-31,5,1769.9770,2.87,1713.6853,0.09,1
600729,重庆百货,2011-03-31,6,2475.3200,6.63,-314.7760,7.48,6
600736,苏州高新,2011-03-31,2,601.2550,0.68,-3090.4990,4.19,2
600737,中粮屯河,2011-03-31,5,3849.9170,3.83,-3866.5570,7.67,6
600738,兰州民百,2011-03-31,2,490.2260,1.87,-1021.4740,5.75,5
600739,辽宁成大,2011-03-31,6,12263.1690,13.48,-1744.1410,15.40,6
600740,山西焦化,2011-03-31,2,1800.2940,3.18,199.9900,2.83,2
600741,华域汽车,2011-03-31,7,13482.6600,5.22,-721.6500,5.50,7
600742,一汽富维,2011-03-31,7,3781.0980,17.88,-7.4500,17.91,7
600744,华银电力,2011-03-31,1,133.9800,0.19,133.9800,0.00,0
600746,江苏索普,2011-03-31,1,280.0000,0.91,280.0000,0.00,0
600748,上实发展,2011-03-31,5,1263.1750,1.17,-540.8640,1.67,7
600749,西藏旅游,2011-03-31,6,2729.4560,16.54,907.6070,11.04,4
600750,江中药业,2011-03-31,8,4622.1600,14.86,-629.9180,16.88,8
600892,宝诚股份,2011-03-31,2,284.5082,4.51,122.2510,2.57,2
600893,航空动力,2011-03-31,2,1034.3380,1.90,-1152.6660,4.01,8
600894,广日股份,2011-03-31,3,1962.0940,2.57,-21.2430,2.60,3
600895,张江高科,2011-03-31,5,3912.7920,2.53,1355.0720,1.65,6
600897,厦门空港,2011-03-31,3,255.9613,0.86,-529.0797,2.64,3
600295,鄂尔多斯,2011-03-31,2,1166.4380,1.13,791.5980,0.36,1
600320,振华重工,2011-03-31,1,952.8680,0.22,-59.5520,0.23,1
000001,平安银行,2011-03-31,3,8966.0200,2.57,-660.5100,2.76,3
000002,万科A,2011-03-31,4,40579.2700,3.69,-679.9000,3.75,4
000006,深振业A,2011-03-31,2,1092.5320,1.44,799.9950,0.38,1
000009,中国宝安,2011-03-31,7,12324.1700,11.30,-3035.6100,14.08,7
000012,南玻A,2011-03-31,5,15726.4000,7.57,1962.7400,6.63,4
000014,沙河股份,2011-03-31,2,600.0000,2.97,-50.0000,3.22,2
000021,长城开发,2011-03-31,7,8242.6110,6.25,-110.5090,6.33,7
000024,招商地产,2011-03-31,7,10201.7420,5.94,1370.9940,5.14,7
000026,飞亚达A,2011-03-31,4,1208.8960,4.31,-73.8380,4.57,4
000027,深圳能源,2011-03-31,3,1854.9480,0.84,-322.7910,0.99,4
000028,国药一致,2011-03-31,8,4765.9520,16.54,415.1830,15.10,8
000031,中粮地产,2011-03-31,7,10441.6770,5.76,-19.1450,5.77,7
000036,华联控股,2011-03-31,1,299.9930,0.27,-1410.2640,1.52,2
000039,中集集团,2011-03-31,3,4051.0600,1.52,919.7700,1.18,2
000043,中航地产,2011-03-31,1,101.5400,0.46,-148.4510,1.12,1
000045,深纺织A,2011-03-31,2,698.4360,2.08,-172.6910,2.59,2
000046,泛海建设,2011-03-31,4,4466.9830,1.96,-1311.6360,2.54,6
000049,德赛电池,2011-03-31,1,14.5780,0.11,-6.7627,0.16,1
000050,深天马A,2011-03-31,4,3422.0400,5.96,-1900.3000,9.27,9
000059,辽通化工,2011-03-31,7,4515.7460,3.76,0.0000,3.76,7
000060,中金岭南,2011-03-31,7,6847.4880,4.32,-2547.6420,5.92,6
000061,农产品,2011-03-31,6,5228.5090,6.80,-1664.6320,8.97,5
000062,深圳华强,2011-03-31,1,440.3810,0.66,65.3980,0.56,1
000063,中兴通讯,2011-03-31,4,8122.4200,2.83,-4697.1600,4.47,5
000066,长城电脑,2011-03-31,3,1673.6890,1.26,-114.2570,1.35,3
000069,华侨城A,2011-03-31,7,11046.7200,3.55,-5296.6600,5.26,7
000078,海王生物,2011-03-31,2,190.2690,0.29,25.6733,0.25,2
000088,盐田港,2011-03-31,1,117.8100,0.09,-164.2581,0.23,3
000089,深圳机场,2011-03-31,3,3729.1960,2.21,406.0060,1.97,1
000090,深天健,2011-03-31,3,1851.3330,4.05,-1008.7860,6.26,5
000096,广聚能源,2011-03-31,1,100.0000,0.19,-391.5040,0.93,3
000099,中信海直,2011-03-31,3,685.2840,1.33,685.2840,0.00,0
000301,东方市场,2011-03-31,4,2517.8500,2.07,-820.1470,2.74,4
000400,许继电气,2011-03-31,7,3942.4350,10.42,-71.7230,10.61,8
000401,冀东水泥,2011-03-31,7,8852.9630,7.30,-204.1670,7.47,6
000402,金融街,2011-03-31,4,11182.7700,3.69,-188.2700,3.76,4
000404,华意压缩,2011-03-31,2,1099.9821,3.39,1099.9821,0.00,0
000407,胜利股份,2011-03-31,3,2590.0090,5.19,-481.8550,6.15,3
000410,沈阳机床,2011-03-31,3,773.3470,1.42,403.7730,0.68,1
000413,宝石A,2011-03-31,2,1151.6600,3.01,358.5770,2.07,2
000415,渤海租赁,2011-03-31,7,4464.3160,14.86,1311.4780,10.50,6
000417,合肥百货,2011-03-31,7,6407.1030,13.36,-687.5450,14.79,7
000418,小天鹅A,2011-03-31,6,6978.3040,11.03,803.0640,9.76,5
000419,通程控股,2011-03-31,2,517.9920,1.48,-101.4810,1.76,2
000420,吉林化纤,2011-03-31,7,3793.4780,10.03,99.4620,9.77,7
000422,湖北宜化,2011-03-31,5,3020.0660,5.57,-2368.6040,9.94,8
000423,东阿阿胶,2011-03-31,8,7889.5310,12.06,-745.8860,13.20,8
000425,徐工机械,2011-03-31,7,9903.5690,4.80,992.6500,8.64,9
000426,兴业矿业,2011-03-31,6,2388.7770,6.28,890.8440,3.93,4
000428,华天酒店,2011-03-31,2,1051.4280,1.46,749.3160,0.55,1
600754,锦江股份,2011-03-31,4,2287.8380,3.79,-669.4560,4.90,5
600755,厦门国贸,2011-03-31,3,416.3630,0.41,-27.9930,0.43,3
600760,*ST黑豹,2011-03-31,4,1992.1920,5.78,-1182.4330,9.20,6
600761,安徽合力,2011-03-31,7,2953.7790,8.27,-968.5110,10.99,8
600763,通策医疗,2011-03-31,6,2348.5670,14.65,197.3160,13.42,8
600765,中航重机,2011-03-31,5,4545.2360,5.84,-3541.4000,10.39,9
600769,*ST祥龙,2011-03-31,1,346.9640,0.93,-0.8000,0.93,1
600770,综艺股份,2011-03-31,5,6636.8460,9.96,-3189.6430,14.74,7
600773,西藏城投,2011-03-31,5,1370.5520,2.38,-81.4430,2.52,4
600774,汉商集团,2011-03-31,1,100.0000,0.57,-479.9940,3.32,2
600776,东方通信,2011-03-31,2,1796.7700,1.43,1796.7700,0.00,0
600778,友好集团,2011-03-31,6,4517.1400,14.50,-946.3020,17.54,7
600779,水井坊,2011-03-31,1,184.5050,0.38,-154.1400,0.69,2
600780,通宝能源,2011-03-31,2,1000.3490,1.15,379.9780,0.71,1
600782,新钢股份,2011-03-31,5,2998.9680,2.15,1639.8560,0.98,3
600783,鲁信创投,2011-03-31,1,50.0685,0.13,-677.4875,1.95,3
600785,新华百货,2011-03-31,7,3998.6900,19.28,-111.4910,19.81,7
600787,中储股份,2011-03-31,2,4138.5300,4.93,2337.3500,2.14,1
600790,轻纺城,2011-03-31,2,1483.1860,2.40,-2857.4230,7.01,4
600795,国电电力,2011-03-31,1,10000.0000,0.65,10000.0000,0.00,0
600797,浙大网新,2011-03-31,3,794.2090,0.98,-288.4780,1.33,2
600798,宁波海运,2011-03-31,1,190.0000,0.22,-397.4470,0.67,1
600801,华新水泥,2011-03-31,3,1516.6690,3.76,-62.9580,3.91,3
600802,福建水泥,2011-03-31,1,314.3050,0.82,-162.1920,1.25,2
600803,威远生化,2011-03-31,1,320.5290,1.03,25.8160,1.25,1
600805,悦达投资,2011-03-31,7,7048.0380,12.92,329.9600,12.32,7
600806,昆明机床,2011-03-31,5,3032.0130,5.71,1735.9150,2.44,3
600808,马钢股份,2011-03-31,6,18762.2340,2.44,-3864.9160,2.94,7
600809,山西汾酒,2011-03-31,4,2412.5490,5.57,-675.2530,7.13,7
600810,神马股份,2011-03-31,2,1117.0090,2.53,11.6850,2.50,2
600811,东方集团,2011-03-31,3,3378.3410,2.03,252.2610,1.88,2
600812,华北制药,2011-03-31,4,6711.6040,6.53,-763.7220,7.27,5
600814,杭州解百,2011-03-31,2,989.8690,3.19,276.6160,2.30,2
600815,厦工股份,2011-03-31,6,6980.2460,8.95,2496.8430,5.75,5
600816,安信信托,2011-03-31,4,2303.2170,5.07,0.0000,5.07,4
600819,耀皮玻璃,2011-03-31,2,1821.3210,2.49,209.1170,2.20,2
600820,隧道股份,2011-03-31,3,1688.9730,2.30,291.0000,1.91,3
600821,津劝业,2011-03-31,3,1061.8450,2.55,1061.8450,0.00,0
600822,上海物贸,2011-03-31,1,232.4190,0.47,-26.0000,0.52,1
600823,世茂股份,2011-03-31,5,5447.7550,4.65,3360.8040,1.78,3
600824,益民集团,2011-03-31,1,110.8620,0.15,110.8620,0.00,0
600825,新华传媒,2011-03-31,1,642.3930,0.61,-534.2060,1.13,2
600826,兰生股份,2011-03-31,1,267.3750,0.95,-204.0900,1.68,2
600827,友谊股份,2011-03-31,2,2194.4900,4.65,-1996.9350,8.88,3
600828,成商集团,2011-03-31,4,3566.4000,9.75,-694.8790,11.65,6
600829,三精制药,2011-03-31,1,775.6000,2.01,-1335.9280,5.46,4
600830,香溢融通,2011-03-31,4,2826.4720,6.22,-326.8060,6.94,5
600831,广电网络,2011-03-31,6,4376.1400,7.77,1041.0350,5.92,6
600832,东方明珠,2011-03-31,2,1598.5440,0.50,34.0450,0.49,2
600833,第一医药,2011-03-31,1,766.9100,4.81,-260.1040,6.45,2
600834,申通地铁,2011-03-31,3,129.6088,0.27,60.8009,0.14,2
600835,上海机电,2011-03-31,8,8305.7930,8.12,4075.3580,4.14,4
600836,界龙实业,2011-03-31,2,91.4406,0.29,1.0396,0.29,2
600838,上海九百,2011-03-31,1,86.7823,0.22,86.7823,0.00,0
600839,四川长虹,2011-03-31,3,6818.1100,2.39,2178.0360,1.63,4
600843,上工申贝,2011-03-31,1,255.0000,0.57,255.0000,0.00,0
600844,丹化科技,2011-03-31,2,1946.3760,2.50,213.6860,2.23,2
601607,上海医药,2011-03-31,6,6713.6910,3.37,-1246.7360,3.99,6
600850,华东电脑,2011-03-31,4,660.7750,3.86,-707.1893,8.00,4
600855,航天长峰,2011-03-31,1,1000.0000,3.42,320.0100,2.32,2
600857,工大首创,2011-03-31,1,716.9210,3.20,-68.1300,3.50,1
600858,银座股份,2011-03-31,3,1797.4660,6.22,-1197.5380,10.37,5
600859,王府井,2011-03-31,6,3807.5310,9.12,-593.7330,10.54,7
600861,北京城乡,2011-03-31,1,311.7950,0.98,-388.1940,2.21,1
600862,南通科技,2011-03-31,4,1660.1730,5.20,1280.7030,1.19,2
600863,内蒙华电,2011-03-31,1,600.0000,0.30,-4427.0310,2.54,4
600866,星湖科技,2011-03-31,5,5150.9000,9.88,-809.5020,11.44,6
600867,通化东宝,2011-03-31,2,669.5870,1.16,399.9940,0.47,1
600869,远东电缆,2011-03-31,5,1983.0060,4.64,448.3800,3.59,7
600870,厦华电子,2011-03-31,5,2607.8360,7.03,1773.0070,2.25,1
600871,仪征化纤,2011-03-31,3,3547.5304,0.89,-2636.3986,1.55,5
600872,中炬高新,2011-03-31,2,919.8580,1.15,-239.6160,1.46,4
600875,东方电气,2011-03-31,4,2130.4750,1.06,-6834.0680,4.47,6
600879,航天电子,2011-03-31,3,1664.8760,2.05,-2886.8800,5.61,6
600880,博瑞传播,2011-03-31,7,5381.0530,8.74,-994.9910,10.35,7
600881,亚泰集团,2011-03-31,5,14894.2600,7.86,11038.1800,2.04,3
600883,博闻科技,2011-03-31,1,955.3110,4.05,-43.0000,4.23,1
600884,杉杉股份,2011-03-31,2,1487.0530,3.62,393.5470,2.66,4
600886,国投电力,2011-03-31,4,7140.6110,3.58,1602.6780,2.78,2
600887,伊利股份,2011-03-31,8,10211.5600,12.78,-772.1490,13.74,8
600888,新疆众和,2011-03-31,5,3463.4470,9.84,114.2100,9.51,5
600889,南京化纤,2011-03-31,2,508.2060,1.66,208.2130,0.98,1
000430,张家界,2011-03-31,4,1743.5620,7.92,-39.2920,8.10,3
000501,鄂武商A,2011-03-31,4,5380.2630,10.61,-567.2690,11.73,4
000503,海虹控股,2011-03-31,4,2478.4000,3.31,829.5370,2.20,3
000507,珠海港,2011-03-31,2,1300.0000,3.77,-787.0700,6.05,3
000511,银基发展,2011-03-31,3,580.9490,0.50,-249.6740,0.72,4
000513,丽珠集团,2011-03-31,5,2821.3970,9.54,-204.6520,10.23,5
000514,渝开发,2011-03-31,4,2623.1450,3.76,84.6200,3.64,4
000516,开元投资,2011-03-31,2,2705.9850,3.79,-140.0000,3.99,2
000517,荣安地产,2011-03-31,1,210.1300,0.20,210.1300,0.00,0
000519,江南红箭,2011-03-31,2,487.5990,2.55,-12.3760,2.62,2
000520,*ST凤凰,2011-03-31,1,125.2200,0.19,125.2200,0.00,0
000525,红太阳,2011-03-31,4,2877.4320,10.27,885.8820,7.11,2
000528,柳工,2011-03-31,9,7472.5800,9.96,-658.1230,12.51,8
000530,大冷股份,2011-03-31,5,2181.8750,6.23,669.7600,4.32,3
000531,穗恒运A,2011-03-31,3,362.6040,1.36,-150.8090,1.93,3
000534,万泽股份,2011-03-31,1,617.9680,2.42,153.9950,1.82,1
000536,华映科技,2011-03-31,4,2360.3390,3.37,-998.5692,4.80,6
000537,广宇发展,2011-03-31,6,5235.6150,10.21,1524.9290,7.24,5
000538,云南白药,2011-03-31,4,3371.7920,4.86,-2309.8120,8.18,7
000539,粤电力A,2011-03-31,1,1200.0000,0.43,-1318.2370,0.90,2
000540,中天城投,2011-03-31,6,5513.2410,6.04,797.5080,5.16,6
000541,佛山照明,2011-03-31,4,2213.0700,2.26,-2642.3350,4.96,5
000543,皖能电力,2011-03-31,2,627.0970,0.81,627.0970,0.00,0
000547,闽福发A,2011-03-31,2,1126.9660,4.60,-357.5570,6.06,4
000550,江铃汽车,2011-03-31,4,2833.9960,3.28,-634.2710,4.02,4
000551,创元科技,2011-03-31,4,1380.1730,5.17,-560.6010,7.28,6
000554,泰山石油,2011-03-31,3,750.0000,1.56,-429.5520,2.45,4
000558,莱茵置业,2011-03-31,1,297.7840,0.80,297.7840,0.00,0
000559,万向钱潮,2011-03-31,6,11006.7610,8.98,-60.8160,9.03,6
000560,昆百大A,2011-03-31,1,433.9790,3.23,-272.0490,5.25,2
000562,宏源证券,2011-03-31,4,1945.2000,1.33,-974.5610,2.00,5
000564,西安民生,2011-03-31,2,290.0000,0.95,-466.5320,2.49,3
000566,海南海药,2011-03-31,5,3209.9410,15.08,-490.0340,17.38,7
000568,泸州老窖,2011-03-31,7,8842.4520,6.34,-1613.8620,7.50,9
000571,新大洲A,2011-03-31,1,409.9990,0.56,-224.4590,0.86,2
000581,威孚高科,2011-03-31,6,6542.8990,11.53,366.9370,10.89,6
000589,黔轮胎A,2011-03-31,3,586.3001,1.80,586.3001,0.00,0
000590,紫光古汉,2011-03-31,4,1196.9830,5.90,-1013.4010,10.89,5
000591,桐君阁,2011-03-31,1,314.0090,1.60,314.0090,0.00,0
000592,中福实业,2011-03-31,1,591.9090,0.91,-1108.9240,2.61,4
000596,古井贡酒,2011-03-31,4,1264.2920,5.38,-361.2840,6.92,5
000597,东北制药,2011-03-31,7,2968.0370,8.89,2352.3570,1.84,3
000598,兴蓉投资,2011-03-31,8,4910.0120,10.63,1952.6090,6.40,5
000599,青岛双星,2011-03-31,2,907.8820,1.73,815.1720,0.18,1
000601,韶能股份,2011-03-31,2,337.3590,0.36,168.2750,0.18,1
000603,盛达矿业,2011-03-31,1,43.1800,0.31,43.1800,0.00,0
000607,华智控股,2011-03-31,1,1323.1500,2.71,-206.9300,3.14,1
000608,阳光股份,2011-03-31,1,321.9720,0.43,0.0000,0.43,1
000609,绵世股份,2011-03-31,1,466.5040,1.56,466.5040,0.00,0
000610,西安旅游,2011-03-31,4,1228.2160,6.24,78.9780,5.84,3
000612,焦作万方,2011-03-31,6,2027.7120,4.22,-647.0810,5.57,7
000616,亿城股份,2011-03-31,6,6782.4120,6.83,93.3520,6.73,5
000617,*ST济柴,2011-03-31,2,388.7749,1.35,-247.9087,2.21,2
000619,海螺型材,2011-03-31,2,599.9940,1.67,450.0020,0.42,1
000623,吉林敖东,2011-03-31,5,4332.1820,7.56,221.8690,7.17,6
000627,天茂集团,2011-03-31,4,2217.0480,1.64,-611.4520,2.09,5
000629,攀钢钒钛,2011-03-31,1,6000.0000,1.05,0.0000,1.05,1
000630,铜陵有色,2011-03-31,7,6766.9410,4.76,-983.8250,5.99,8
000632,三木集团,2011-03-31,1,92.6010,0.20,-21.8590,0.25,1
000635,英力特,2011-03-31,4,1668.3860,9.42,702.1850,5.46,3
000639,西王食品,2011-03-31,5,870.8130,6.94,-45.4520,7.30,5
000650,仁和药业,2011-03-31,8,8322.0470,19.81,-457.1740,20.89,8
000651,格力电器,2011-03-31,4,11448.8700,4.06,-1558.3500,4.62,4
000652,泰达股份,2011-03-31,5,3724.8070,2.52,-156.6200,2.63,5
000655,金岭矿业,2011-03-31,3,725.1294,1.22,-781.4046,2.53,4
000656,金科股份,2011-03-31,7,3774.4160,15.10,1316.8680,9.83,6
000659,珠海中富,2011-03-31,6,6083.8520,8.04,5505.8680,0.76,1
000661,长春高新,2011-03-31,4,1090.6130,8.30,-28.6370,8.52,4
000665,湖北广电,2011-03-31,4,631.9500,3.56,-340.0200,5.48,3
000666,经纬纺机,2011-03-31,5,2862.7020,4.74,243.1230,4.34,4
000667,名流置业,2011-03-31,4,7637.7960,2.98,-579.9720,3.21,5
000669,金鸿能源,2011-03-31,9,2298.4820,24.85,-345.1240,28.58,10
000671,阳光城,2011-03-31,1,188.0400,0.35,-14.1060,0.38,1
000677,恒天海龙,2011-03-31,1,361.5400,0.42,361.5400,0.00,0
000679,大连友谊,2011-03-31,1,497.8560,2.10,-238.0500,3.10,3
000680,山推股份,2011-03-31,9,11391.7990,15.01,-908.0970,16.20,8
000682,东方电子,2011-03-31,2,356.5440,0.36,-380.4030,0.75,3
000685,中山公用,2011-03-31,4,264.8664,0.44,-345.0361,1.02,6
000686,东北证券,2011-03-31,3,771.0090,1.21,-77.9310,1.33,4
000687,恒天天鹅,2011-03-31,3,806.8220,1.26,471.3470,0.52,2
000690,宝新能源,2011-03-31,7,5493.8710,3.18,20.6140,3.17,7
001696,宗申动力,2011-03-31,3,3894.0800,3.81,179.9900,3.64,2
000697,炼石有色,2011-03-31,2,927.3470,4.97,0.0000,4.97,2
000698,沈阳化工,2011-03-31,7,5637.0410,8.53,5637.0410,0.00,0
000700,模塑科技,2011-03-31,2,739.0413,2.39,461.3480,0.90,2
000705,浙江震元,2011-03-31,2,631.9900,5.04,631.9900,0.00,0
000707,双环科技,2011-03-31,1,303.0700,0.65,-636.9240,2.03,2
000708,大冶特钢,2011-03-31,4,3656.8110,8.14,198.6150,7.70,4
000709,河北钢铁,2011-03-31,6,15769.8200,2.29,-433.7900,2.36,6
000712,锦龙股份,2011-03-31,4,1558.5660,5.12,-33.3450,5.23,5
000713,丰乐种业,2011-03-31,4,766.4390,2.56,-1972.0000,9.16,6
000715,中兴商业,2011-03-31,4,2226.3190,7.98,-569.0130,10.02,5
000716,南方食品,2011-03-31,4,969.8390,5.44,-1164.3960,11.97,7
000717,*ST韶钢,2011-03-31,3,575.9740,0.34,-68.9290,0.39,2
000718,苏宁环球,2011-03-31,4,11786.0700,6.92,848.4000,6.42,4
000720,新能泰山,2011-03-31,3,1795.5840,2.08,286.0950,1.75,2
000721,西安饮食,2011-03-31,5,1618.6630,8.11,-289.2830,9.56,5
000723,美锦能源,2011-03-31,3,203.5723,1.46,203.5723,0.00,0
000726,鲁泰A,2011-03-31,5,2942.7520,2.96,2503.4040,0.44,1
000727,华东科技,2011-03-31,4,2085.4500,5.81,-51.3750,5.95,3
000728,国元证券,2011-03-31,2,1983.1360,1.01,2.5600,1.01,2
000729,燕京啤酒,2011-03-31,6,6405.4410,5.29,243.8690,5.09,6
000731,四川美丰,2011-03-31,1,181.2440,0.36,181.2440,0.00,0
000735,罗牛山,2011-03-31,1,160.8660,0.18,160.8660,0.00,0
000748,长城信息,2011-03-31,1,1498.8000,3.99,1498.8000,0.00,0
000751,*ST锌业,2011-03-31,1,399.9900,0.36,399.9900,0.00,0
000753,漳州发展,2011-03-31,1,358.9980,1.13,358.9980,0.00,0
000755,山西三维,2011-03-31,6,5319.9610,11.34,-1328.1720,14.17,6
000758,中色股份,2011-03-31,7,2194.1910,3.43,-903.4490,4.85,7
000759,中百集团,2011-03-31,5,9192.6900,13.50,367.2800,12.96,5
000761,本钢板材,2011-03-31,1,4653.1900,1.48,-431.5100,1.62,1
000762,西藏矿业,2011-03-31,3,759.0040,2.75,-541.9890,4.72,3
000767,漳泽电力,2011-03-31,2,1075.9940,0.81,1075.9940,0.00,0
000768,中航飞机,2011-03-31,6,7330.9300,2.96,1513.5210,2.35,6
000777,中核科技,2011-03-31,1,141.9300,0.67,141.9300,0.00,0
000778,新兴铸管,2011-03-31,7,10102.4000,5.27,1055.8080,4.72,8
000780,平庄能源,2011-03-31,5,801.3580,0.79,-2218.8190,2.98,9
000785,武汉中商,2011-03-31,4,1074.7560,4.28,-1519.7010,10.33,7
000786,北新建材,2011-03-31,5,5150.4550,8.95,-1498.0780,11.56,8
000788,北大医药,2011-03-31,3,3311.6440,5.68,-89.1540,8.17,5
000789,江西水泥,2011-03-31,7,5485.7690,13.86,914.2090,11.55,7
000791,甘肃电投,2011-03-31,1,264.0420,1.40,-100.3670,1.93,1
000792,盐湖股份,2011-03-31,4,5061.8390,3.18,-2477.3690,9.82,7
000793,华闻传媒,2011-03-31,2,1950.7990,1.43,-117.1720,1.52,2
000796,易食股份,2011-03-31,1,891.8870,3.62,51.8980,3.41,1
000798,中水渔业,2011-03-31,1,199.9900,0.63,199.9900,0.00,0
000799,酒鬼酒,2011-03-31,5,1991.2050,6.57,546.9050,4.77,4
000800,一汽轿车,2011-03-31,5,12571.8400,7.72,248.8600,7.57,6
000801,四川九洲,2011-03-31,1,607.6580,3.20,-515.0350,5.91,2
000807,云铝股份,2011-03-31,5,3385.4190,2.86,1562.6530,1.54,4
000811,烟台冰轮,2011-03-31,8,4102.8500,15.60,-84.3550,15.92,8
000812,陕西金叶,2011-03-31,1,1407.3700,3.78,408.9720,2.68,1
000816,江淮动力,2011-03-31,2,5701.4000,5.24,1048.4780,5.50,4
000818,方大化工,2011-03-31,1,999.9970,1.47,999.9970,0.00,0
000819,岳阳兴长,2011-03-31,1,175.1740,0.90,-282.8160,2.36,2
000821,京山轻机,2011-03-31,2,588.0000,1.70,288.0000,0.87,1
000822,山东海化,2011-03-31,5,8110.5400,9.06,4765.9020,3.74,3
000823,超声电子,2011-03-31,1,550.0000,1.25,-2202.4090,6.25,6
000825,太钢不锈,2011-03-31,4,7739.1700,1.36,-1132.6860,1.56,5
000826,桑德环境,2011-03-31,8,4707.2860,11.39,-1618.0320,15.30,9
000829,天音控股,2011-03-31,4,3169.0350,3.35,-1108.1790,4.52,4
000833,贵糖股份,2011-03-31,1,200.0000,0.68,-90.9130,0.98,2
000837,秦川发展,2011-03-31,8,5419.7320,15.54,-4.4560,15.55,8
000839,中信国安,2011-03-31,4,4324.4310,2.76,-681.3580,3.19,5
000848,承德露露,2011-03-31,8,3611.4200,11.87,-1809.3220,17.82,9
000856,冀东装备,2011-03-31,1,749.9980,3.30,0.0000,3.30,1
000858,五粮液,2011-03-31,4,7775.2600,2.05,-1289.8400,2.39,6
000860,顺鑫农业,2011-03-31,5,2232.2120,5.09,-1646.9450,8.85,6
000861,海印股份,2011-03-31,8,2202.3400,4.47,-953.8400,6.41,8
000862,银星能源,2011-03-31,2,379.9884,1.61,279.9884,0.42,1
000869,张裕A,2011-03-31,2,771.7280,1.46,14.3830,1.44,2
000876,新希望,2011-03-31,7,8723.2360,10.48,-379.2480,10.94,7
000877,天山股份,2011-03-31,7,4193.5340,10.78,1858.7360,6.00,5
000878,云南铜业,2011-03-31,8,5713.4110,4.55,367.1070,4.25,8
000880,潍柴重机,2011-03-31,6,1649.0270,5.97,798.9150,3.08,5
000882,华联股份,2011-03-31,1,349.9820,0.47,-80.0180,0.58,2
000885,同力水泥,2011-03-31,2,1319.9400,5.23,1065.6300,1.01,1
000887,中鼎股份,2011-03-31,8,4392.2620,10.32,-592.8240,11.71,9
000888,峨眉山A,2011-03-31,8,4842.8520,20.59,145.7980,19.97,7
000889,茂业物流,2011-03-31,1,515.2000,1.52,-1550.7290,6.10,5
000893,东凌粮油,2011-03-31,7,1511.2670,6.81,-428.0520,8.74,8
000895,双汇发展,2011-03-31,6,4853.2870,8.01,-386.1770,8.65,6
000897,津滨发展,2011-03-31,5,4088.9190,2.53,58.2850,2.49,5
000898,*ST鞍钢,2011-03-31,6,9517.8640,1.32,-1213.7960,1.48,5
000899,赣能股份,2011-03-31,2,117.8488,0.18,117.8488,0.00,0
000900,现代投资,2011-03-31,7,1313.9840,3.29,-130.4810,3.62,6
000901,航天科技,2011-03-31,2,1103.9760,4.41,-235.3510,5.35,3
000906,物产中拓,2011-03-31,2,431.7500,1.31,299.9930,0.40,1
000909,数源科技,2011-03-31,2,441.7860,2.25,131.7780,1.58,2
000910,大亚科技,2011-03-31,1,534.0880,1.01,-824.8750,2.58,2
000911,南宁糖业,2011-03-31,8,3306.4910,11.54,24.4180,11.45,9
000912,泸天化,2011-03-31,1,241.9770,0.41,-575.7453,1.40,2
000915,山大华特,2011-03-31,6,2597.7260,14.41,-413.0180,16.70,7
000917,电广传媒,2011-03-31,4,1706.3080,4.20,0.0000,4.20,4
000918,嘉凯城,2011-03-31,2,2594.2590,1.44,625.0190,1.09,2
000919,金陵药业,2011-03-31,2,1617.5660,3.21,-726.8970,4.65,3
000920,南方汇通,2011-03-31,1,500.0000,1.18,500.0000,0.00,0
000921,海信科龙,2011-03-31,6,3691.6990,2.73,1287.0380,1.78,5
000923,河北宣工,2011-03-31,4,883.5810,4.46,883.5810,0.00,0
000925,众合机电,2011-03-31,4,1998.6000,6.63,-40.4687,7.31,5
000926,福星股份,2011-03-31,10,10234.8340,14.37,2830.8840,10.39,8
000927,一汽夏利,2011-03-31,6,8454.7310,5.30,389.4330,5.06,6
000930,中粮生化,2011-03-31,5,6797.5140,7.05,-832.2240,7.91,6
000932,华菱钢铁,2011-03-31,6,21988.8900,7.29,2650.6100,7.06,3
000933,神火股份,2011-03-31,5,6657.6480,6.34,355.6990,6.00,5
000935,四川双马,2011-03-31,2,579.9950,0.94,579.9950,0.00,0
000936,华西股份,2011-03-31,2,2439.1200,3.26,-2617.0520,6.76,6
000937,冀中能源,2011-03-31,9,6217.5500,5.38,-77.3870,5.44,9
000939,凯迪电力,2011-03-31,5,4357.5410,7.39,-2344.6480,11.37,6
000948,南天信息,2011-03-31,2,1106.7200,5.26,-445.2700,7.37,4
000949,新乡化纤,2011-03-31,1,142.7100,0.22,-227.1970,0.58,2
000951,中国重汽,2011-03-31,8,1253.0510,2.99,-835.6600,4.98,8
000952,广济药业,2011-03-31,2,600.0700,2.38,71.7180,2.10,1
000959,首钢股份,2011-03-31,4,1877.4190,0.63,0.0000,0.63,4
000960,锡业股份,2011-03-31,6,3963.1120,4.81,267.6740,4.48,6
000961,中南建设,2011-03-31,10,9357.5920,8.01,234.9600,7.81,8
000962,东方钽业,2011-03-31,6,2668.9760,7.49,82.2910,7.26,7
000963,华东医药,2011-03-31,8,4653.1780,10.72,-304.9480,11.42,8
000968,煤气化,2011-03-31,6,4350.2510,8.47,404.7800,7.68,6
000969,安泰科技,2011-03-31,5,3031.1990,3.55,-1095.5180,4.83,6
000970,中科三环,2011-03-31,1,279.9910,0.55,279.9910,0.00,0
000972,新中基,2011-03-31,2,2739.9800,5.68,-1013.7800,7.79,2
000973,佛塑科技,2011-03-31,5,5638.0030,9.20,-2854.7290,13.86,8
000978,桂林旅游,2011-03-31,4,3240.9960,9.00,1228.9400,5.59,5
000979,中弘股份,2011-03-31,2,191.4090,0.19,-196.6560,0.69,2
000982,中银绒业,2011-03-31,1,243.5560,0.88,-149.9940,1.58,2
000983,西山煤电,2011-03-31,5,9293.7700,2.95,987.8700,2.64,4
000985,大庆华科,2011-03-31,1,564.1820,4.35,13.8400,4.25,1
000987,广州友谊,2011-03-31,8,4510.2500,12.56,-676.0200,14.45,8
000988,华工科技,2011-03-31,7,3665.4500,8.99,1622.1780,5.01,5
000989,九芝堂,2011-03-31,3,1326.4080,4.46,-1062.8120,8.03,6
000996,中国中期,2011-03-31,4,867.4635,3.77,-314.4865,5.14,5
000997,新大陆,2011-03-31,1,75.4300,0.15,75.4300,0.00,0
000998,隆平高科,2011-03-31,5,1600.1710,5.77,-1746.5410,12.07,6
000999,华润三九,2011-03-31,8,5036.6750,5.15,-838.2040,6.00,9
600537,亿晶光电,2011-03-31,7,3926.2640,17.07,470.9230,15.02,7
600408,安泰集团,2011-03-31,2,983.2600,0.98,89.8670,0.89,2
600573,惠泉啤酒,2011-03-31,3,963.5960,3.85,-761.7310,6.90,3
600521,华海药业,2011-03-31,5,3795.9080,8.46,-933.1360,10.54,5
600460,士兰微,2011-03-31,2,855.9930,1.97,-83.9330,2.17,3
600575,芜湖港,2011-03-31,2,1171.3240,2.24,-1432.4340,4.97,3
600375,华菱星马,2011-03-31,5,1381.5280,7.37,596.0680,4.19,3
600343,航天动力,2011-03-31,4,1792.7030,7.48,-676.2690,10.30,4
600502,安徽水利,2011-03-31,4,1092.8280,4.90,-1402.7780,11.19,6
600481,双良节能,2011-03-31,3,1615.1640,1.99,-1320.8690,3.62,5
600004,白云机场,2011-03-31,2,438.1820,0.38,174.4900,0.23,1
600459,贵研铂业,2011-03-31,3,669.4920,5.99,-287.2320,8.56,5
600570,恒生电子,2011-03-31,6,11002.1500,17.64,-3.0500,17.64,6
600392,盛和资源,2011-03-31,4,1253.8430,8.01,766.3520,3.11,3
600584,长电科技,2011-03-31,5,1555.9700,1.82,1038.5430,0.61,3
600251,冠农股份,2011-03-31,4,1659.1980,4.58,-1712.4920,9.31,6
600436,片仔癀,2011-03-31,3,675.6200,4.83,-538.9240,8.68,5
600409,三友化工,2011-03-31,1,466.3090,0.44,-1412.9620,2.00,2
600031,三一重工,2011-03-31,7,18616.6500,3.68,3785.7100,2.93,7
600435,北方导航,2011-03-31,2,429.9752,0.58,-218.0310,0.87,3
600439,瑞贝卡,2011-03-31,6,4151.0020,5.28,-1335.8570,6.98,7
600271,航天信息,2011-03-31,4,5798.0900,6.28,-2355.0780,8.83,6
600423,柳化股份,2011-03-31,3,2222.3860,5.57,258.2520,4.92,2
600475,华光股份,2011-03-31,6,2313.9120,9.04,-1833.3180,16.20,9
600425,青松建化,2011-03-31,7,4596.2010,9.60,611.6590,8.32,6
600029,南方航空,2011-03-31,6,12164.8400,1.24,-15881.7700,2.86,7
600546,山煤国际,2011-03-31,5,2626.9340,3.50,-434.8740,4.08,5
600352,浙江龙盛,2011-03-31,3,5660.4800,3.85,2079.3200,2.44,2
600485,中创信测,2011-03-31,7,2196.2880,15.85,323.3370,13.51,6
600020,中原高速,2011-03-31,1,243.5780,0.11,-57.4490,0.14,1
600489,中金黄金,2011-03-31,4,1913.6610,1.34,-1191.3440,2.18,5
600480,凌云股份,2011-03-31,6,2929.9780,8.10,300.1440,7.27,5
600348,阳泉煤业,2011-03-31,6,6372.2190,2.65,-771.0460,2.97,6
600487,亨通光电,2011-03-31,8,2482.5390,11.99,-577.5770,18.42,8
600547,山东黄金,2011-03-31,4,2617.5260,1.84,-2439.9550,3.55,7
600449,宁夏建材,2011-03-31,6,1587.1230,8.13,1183.8310,2.07,2
600432,吉恩镍业,2011-03-31,4,1371.2060,1.69,782.6100,0.73,4
600015,华夏银行,2011-03-31,1,5899.9200,1.18,-100.0800,1.20,1
600429,三元股份,2011-03-31,1,2699.9800,3.05,699.9800,2.26,1
600478,科力远,2011-03-31,2,548.0420,1.74,548.0420,0.00,0
600507,方大特钢,2011-03-31,2,1637.6190,1.26,1338.5340,0.37,1
600403,大有能源,2011-03-31,4,1642.5720,12.89,-300.1610,15.24,5
600517,置信电气,2011-03-31,2,1393.3580,2.25,32.7520,2.20,2
600406,国电南瑞,2011-03-31,8,13555.8430,12.91,6735.0620,12.99,6
600469,风神股份,2011-03-31,5,2648.6210,7.06,1441.6980,3.22,2
600184,光电股份,2011-03-31,2,204.9012,0.98,-390.5076,2.84,5
600477,杭萧钢构,2011-03-31,1,259.9830,0.67,259.9830,0.00,0
600900,长江电力,2011-03-31,3,19162.8400,1.16,3301.3600,0.96,3
600527,江南高纤,2011-03-31,2,770.4500,2.19,-992.7430,5.02,3
600545,新疆城建,2011-03-31,3,1353.4250,2.00,1353.4250,0.00,0
600446,金证股份,2011-03-31,2,378.0460,2.75,-1153.9980,11.15,4
600540,新赛股份,2011-03-31,2,870.2560,3.74,173.7740,2.99,1
600354,敦煌种业,2011-03-31,4,1931.7240,9.49,-1691.6050,19.48,6
600249,两面针,2011-03-31,1,299.9910,0.67,299.9910,0.00,0
000100,TCL集团,2011-03-31,4,15971.4700,3.77,6223.4000,2.30,4
600444,*ST国通,2011-03-31,1,100.0000,0.95,0.0000,0.95,1
600325,华发股份,2011-03-31,4,4574.0310,5.60,-382.6280,6.07,4
600438,通威股份,2011-03-31,1,2201.8900,3.20,65.2300,3.11,1
600452,涪陵电力,2011-03-31,5,710.2570,4.44,7.9700,4.39,5
600470,六国化工,2011-03-31,3,762.2590,2.34,250.0000,1.57,2
600035,楚天高速,2011-03-31,3,3099.9790,3.33,-174.9510,3.52,3
600479,千金药业,2011-03-31,4,2309.7350,7.58,-292.8590,8.54,4
600284,浦东建设,2011-03-31,6,3466.6240,10.02,1504.1990,5.67,5
600594,益佰制药,2011-03-31,4,4712.6020,13.36,480.0200,12.00,4
600543,莫高股份,2011-03-31,1,299.9890,0.93,-382.5780,2.13,1
600467,好当家,2011-03-31,6,2973.4690,4.69,-1827.9540,7.58,5
002181,粤传媒,2011-03-31,2,388.8530,1.11,199.0140,0.54,1
600969,郴电国际,2011-03-31,3,659.4354,3.14,659.4354,0.00,0
600572,康恩贝,2011-03-31,1,191.9700,0.55,-1508.0040,4.83,2
600976,武汉健民,2011-03-31,5,1684.9220,10.98,285.4110,9.12,4
600497,驰宏锌锗,2011-03-31,6,3677.8820,3.65,-81.6050,3.73,6
600986,科达股份,2011-03-31,1,260.8030,0.78,260.8030,0.00,0
600990,四创电子,2011-03-31,3,800.1606,6.80,-347.7277,9.76,4
600992,贵绳股份,2011-03-31,1,67.7000,0.41,-24.2001,0.56,1
600993,马应龙,2011-03-31,4,1437.0260,8.67,199.8090,7.46,3
600967,北方创业,2011-03-31,4,393.5850,2.27,-599.9992,5.74,5
600491,龙元建设,2011-03-31,1,249.9950,0.53,-299.9950,1.16,1
600963,岳阳林纸,2011-03-31,7,11658.2100,13.83,-2338.2900,16.60,7
600461,洪城水业,2011-03-31,1,346.2810,1.57,-100.0000,3.19,2
600997,开滦股份,2011-03-31,5,3097.4470,2.51,-504.5940,2.92,7
600995,文山电力,2011-03-31,4,2211.1990,4.62,866.2610,2.81,2
600420,现代制药,2011-03-31,5,2900.7370,10.08,-1523.5400,15.38,7
002001,新和成,2011-03-31,5,3171.4950,4.37,-1121.9550,5.91,6
002003,伟星股份,2011-03-31,7,3826.4020,14.77,-267.6260,19.74,8
600962,国投中鲁,2011-03-31,6,2873.3500,14.25,2873.3500,0.00,0
002004,华邦颖泰,2011-03-31,3,989.2900,7.49,17.0300,7.37,3
002005,德豪润达,2011-03-31,4,1333.3830,2.76,1147.7890,0.38,1
600143,金发科技,2011-03-31,4,10456.3600,7.49,-2488.7000,9.27,4
002006,精功科技,2011-03-31,4,1393.4550,9.68,977.7300,2.89,3
002007,华兰生物,2011-03-31,6,7111.5130,12.34,-553.2270,13.30,6
002008,大族激光,2011-03-31,6,7092.0030,10.19,-1490.6080,12.33,8
002009,天奇股份,2011-03-31,3,776.0920,3.51,-72.0710,3.84,2
002010,传化股份,2011-03-31,1,152.6070,0.63,-1361.0690,6.20,6
600981,汇鸿股份,2011-03-31,1,97.9086,0.19,97.9086,0.00,0
002011,盾安环境,2011-03-31,4,1259.9660,3.38,329.9690,2.50,2
002013,中航精机,2011-03-31,7,2505.5850,15.00,1514.4830,5.93,5
002014,永新股份,2011-03-31,5,976.8437,5.34,-63.9673,7.39,4
002015,霞客环保,2011-03-31,2,337.0400,1.40,-338.6175,3.36,3
002016,世荣兆业,2011-03-31,2,1044.9980,2.26,1044.9980,0.00,0
002017,东信和平,2011-03-31,5,1488.3550,7.50,-420.9950,9.62,6
002019,鑫富药业,2011-03-31,6,2443.3500,11.08,1203.3940,5.63,2
600482,风帆股份,2011-03-31,4,1071.6177,2.32,371.6177,1.52,1
002020,京新药业,2011-03-31,5,1273.8590,12.54,493.7750,7.68,2
002021,中捷股份,2011-03-31,1,349.0400,0.80,349.0400,0.00,0
002022,科华生物,2011-03-31,4,2450.7210,4.98,414.5930,4.14,3
002023,海特高新,2011-03-31,5,2525.2820,8.56,940.2610,5.37,4
002024,苏宁云商,2011-03-31,5,37591.7600,5.37,-2188.2300,5.69,5
002025,航天电器,2011-03-31,2,1056.0710,3.20,-1576.7410,7.98,5
002026,山东威达,2011-03-31,3,251.0040,1.86,251.0040,0.00,0
600983,合肥三洋,2011-03-31,4,1006.9160,1.89,631.7631,0.70,3
600973,宝胜股份,2011-03-31,1,101.0380,0.50,-750.8480,5.46,3
002027,七喜控股,2011-03-31,2,290.0660,0.96,-59.9949,1.16,3
002028,思源电气,2011-03-31,4,2550.7770,5.80,-956.3980,7.98,5
002029,七匹狼,2011-03-31,8,4670.7060,16.51,-807.9110,19.37,8
002030,达安基因,2011-03-31,2,705.9960,2.44,-150.5070,2.96,3
002031,巨轮股份,2011-03-31,2,377.1470,1.42,-536.0920,3.44,3
600971,恒源煤电,2011-03-31,7,1129.4479,2.58,-557.8841,3.85,5
002032,苏泊尔,2011-03-31,5,2850.2780,4.94,-4.2490,4.95,5
600978,宜华木业,2011-03-31,3,6384.6400,5.54,2987.8180,2.95,3
002033,丽江旅游,2011-03-31,8,2287.3620,19.66,151.0640,18.37,7
600961,*ST株冶,2011-03-31,1,1115.0000,2.11,-184.9000,2.46,2
002035,华帝股份,2011-03-31,1,350.0070,1.57,-2548.6370,12.98,5
002036,宜科科技,2011-03-31,4,1565.1890,7.74,193.3001,6.78,4
002037,久联发展,2011-03-31,6,2976.7910,17.20,15.6960,17.11,6
002038,双鹭药业,2011-03-31,5,1694.8390,6.70,720.2040,3.85,3
600027,华电国际,2011-03-31,1,5999.9800,0.89,5999.9800,0.00,0
600970,中材国际,2011-03-31,8,5751.7100,7.58,-942.5750,8.82,8
002041,登海种业,2011-03-31,5,772.1748,4.39,-1590.8782,13.43,7
002042,华孚色纺,2011-03-31,6,997.4621,3.59,-51.2049,3.78,5
002043,兔宝宝,2011-03-31,1,111.4220,0.61,-726.2100,4.58,3
002044,江苏三友,2011-03-31,3,959.6640,5.91,200.0000,4.67,2
002045,国光电器,2011-03-31,6,2738.5610,9.85,-865.9760,12.97,8
002047,*ST成霖,2011-03-31,2,299.4290,0.66,113.0400,0.41,1
002048,宁波华翔,2011-03-31,4,2901.9820,5.12,-2457.8020,9.45,4
002049,同方国芯,2011-03-31,4,1003.5670,7.43,362.1510,4.75,3
002050,三花股份,2011-03-31,6,1065.1520,3.58,77.7620,3.32,7
601588,北辰实业,2011-03-31,2,1795.4030,0.53,-498.5270,0.68,1
601866,中海集运,2011-03-31,4,7691.2900,0.66,-4493.7300,1.04,6
601899,紫金矿业,2011-03-31,2,7457.4500,0.51,-5126.1000,0.87,4
002490,山东墨龙,2011-03-31,6,581.6890,1.46,114.2170,1.17,4
300150,世纪瑞尔,2011-03-31,6,460.7014,3.41,51.6091,3.03,6
002051,中工国际,2011-03-31,5,2176.3180,6.42,88.0910,6.16,5
002052,同洲电子,2011-03-31,4,1604.1300,4.70,1244.4610,1.05,2
002053,云南盐化,2011-03-31,2,235.5185,1.27,-43.0424,1.50,3
601377,兴业证券,2011-03-31,2,393.9840,0.18,225.7352,0.08,2
601688,华泰证券,2011-03-31,1,2817.9700,0.50,61.9590,0.49,4
601788,光大证券,2011-03-31,1,1065.5500,0.31,-645.8600,0.50,1
002500,山西证券,2011-03-31,5,1453.3980,0.61,1353.4020,0.04,1
601818,光大银行,2011-03-31,4,29163.3200,0.72,-11790.3400,1.01,5
601939,建设银行,2011-03-31,1,16594.7000,0.07,16594.7000,0.00,0
601166,兴业银行,2011-03-31,2,15066.8100,2.51,1090.9800,2.33,2
601288,农业银行,2011-03-31,1,26070.3000,0.08,26070.3000,0.00,0
601998,中信银行,2011-03-31,2,7584.4900,0.19,7584.4900,0.00,0
601009,南京银行,2011-03-31,2,6599.9900,2.22,3412.4900,1.07,1
002307,北新路桥,2011-03-31,1,34.4791,0.18,0.0000,0.18,1
600018,上港集团,2011-03-31,2,3834.9800,0.18,-256.6000,0.19,2
300139,福星晓程,2011-03-31,1,53.6056,0.98,-14.0432,1.23,2
300181,佐力药业,2011-03-31,1,18.1343,0.23,18.1343,0.00,0
002110,三钢闽光,2011-03-31,4,753.6300,1.41,402.9970,0.66,3
002281,光迅科技,2011-03-31,1,215.0000,1.34,-430.9230,4.04,3
601857,中国石油,2011-03-31,4,16391.0600,0.09,-3693.0000,0.11,5
002302,西部建设,2011-03-31,2,344.5720,1.64,344.5720,0.00,0
002298,鑫龙电器,2011-03-31,1,105.0360,0.64,0.4350,0.63,1
002106,莱宝高科,2011-03-31,7,4819.8220,11.24,-80.6530,11.43,6
601600,中国铝业,2011-03-31,1,1575.5500,0.12,-1272.5000,0.21,2
002356,浩宁达,2011-03-31,1,24.0388,0.30,-55.0231,0.99,2
300077,国民技术,2011-03-31,2,27.6860,0.25,-163.3476,1.76,7
601088,中国神华,2011-03-31,6,13625.3500,0.69,1698.8100,0.60,5
002067,景兴纸业,2011-03-31,1,294.5670,0.75,27.7000,0.68,1
002060,粤水电,2011-03-31,6,1073.4045,3.23,-1639.4335,8.16,5
300105,龙源技术,2011-03-31,9,732.9934,8.33,130.8663,6.84,8
002306,湘鄂情,2011-03-31,4,752.8530,3.76,-1092.0840,9.22,5
300026,红日药业,2011-03-31,4,592.1422,5.88,60.0956,5.28,3
002139,拓邦股份,2011-03-31,4,1168.0630,6.95,246.8090,5.48,4
601333,广深铁路,2011-03-31,3,8555.4800,1.21,3780.3500,0.67,3
002187,广百股份,2011-03-31,2,564.9790,2.97,49.5690,3.05,2
002230,科大讯飞,2011-03-31,9,4255.1410,17.65,1517.7530,17.03,9
002167,东方锆业,2011-03-31,1,106.1320,0.59,-1875.0450,11.02,5
601107,四川成渝,2011-03-31,2,606.0530,0.20,-234.9030,0.28,3
002088,鲁阳股份,2011-03-31,2,503.7250,2.15,-157.3800,2.83,3
002332,仙琚制药,2011-03-31,2,862.9750,2.53,-1090.3210,5.72,8
601126,四方股份,2011-03-31,3,379.6111,0.95,-48.3838,1.07,4
002267,陕天然气,2011-03-31,1,88.4856,0.17,-1.7100,0.18,1
002153,石基信息,2011-03-31,6,2723.7240,12.16,280.0010,10.91,6
002275,桂林三金,2011-03-31,2,559.0020,1.23,-40.0000,1.32,2
002063,远光软件,2011-03-31,6,2730.8800,10.51,-558.3240,12.72,6
601111,中国国航,2011-03-31,4,6684.3700,0.52,-8806.8000,1.20,5
002205,国统股份,2011-03-31,2,329.5540,2.84,-261.8709,5.91,5
002056,横店东磁,2011-03-31,7,2577.3860,6.05,436.8990,5.21,7
002116,中国海诚,2011-03-31,1,15.0170,0.13,15.0170,0.00,0
002272,川润股份,2011-03-31,1,25.8321,0.23,-53.1039,0.69,2
002457,青龙管业,2011-03-31,5,729.4434,5.23,-589.7814,9.45,8
002338,奥普光电,2011-03-31,2,273.7090,3.42,53.6549,2.75,2
002185,华天科技,2011-03-31,7,2688.2950,7.20,169.1460,6.75,7
601727,上海电气,2011-03-31,4,2410.7520,0.19,-165.4920,0.20,4
002343,禾欣股份,2011-03-31,2,90.4466,0.91,23.9514,0.67,2
002320,海峡股份,2011-03-31,4,297.6131,1.45,157.6291,0.68,1
002206,海利得,2011-03-31,4,991.1000,3.32,-905.5359,7.59,6
601158,重庆水务,2011-03-31,5,1541.8730,0.32,331.5600,0.25,3
601168,西部矿业,2011-03-31,2,4935.8700,2.07,1457.2900,1.46,2
002222,福晶科技,2011-03-31,1,353.1080,1.86,353.1080,0.00,0
002203,海亮股份,2011-03-31,1,99.9923,0.25,-18.7703,0.30,2
000338,潍柴动力,2011-03-31,5,6929.8360,4.16,-1343.7640,4.97,5
002337,赛象科技,2011-03-31,1,78.3676,0.65,-65.2181,1.20,2
002261,拓维信息,2011-03-31,7,1273.4830,8.76,-692.6250,13.53,8
002427,尤夫股份,2011-03-31,6,662.0587,3.61,-320.1627,5.36,8
002140,东华科技,2011-03-31,4,962.2160,3.45,195.8560,2.75,4
002393,力生制药,2011-03-31,3,290.0926,1.59,22.4566,1.47,1
002080,中材科技,2011-03-31,5,949.5760,4.75,-572.1589,7.61,7
002061,江山化工,2011-03-31,6,1622.1770,11.59,1622.1770,0.00,0
601919,*ST远洋,2011-03-31,3,7941.9800,0.78,145.3200,0.76,3
002117,东港股份,2011-03-31,5,803.2340,6.47,64.2410,5.95,5
300034,钢研高纳,2011-03-31,4,655.4510,5.57,-144.3552,6.79,5
601808,中海油服,2011-03-31,7,7227.0860,1.61,-1212.6050,1.88,6
002534,杭锅股份,2011-03-31,3,275.8980,0.69,275.8980,0.00,0
002358,森源电气,2011-03-31,4,312.3434,3.63,-305.9552,7.19,7
601880,大连港,2011-03-31,3,3882.0900,0.88,3764.0900,0.03,1
002182,云海金属,2011-03-31,1,100.0000,0.52,-7.4400,0.56,1
002430,杭氧股份,2011-03-31,9,1944.2560,4.85,192.1560,4.37,9
002405,四维图新,2011-03-31,5,587.3296,1.47,-134.0473,1.80,6
002176,江特电机,2011-03-31,3,464.8390,2.38,329.0270,1.25,1
601001,大同煤业,2011-03-31,4,1920.3100,1.15,-280.4470,1.31,3
002316,键桥通讯,2011-03-31,1,141.1080,0.90,141.1080,0.00,0
002202,金风科技,2011-03-31,3,4259.4600,1.58,4259.4600,0.00,0
002463,沪电股份,2011-03-31,1,38.3000,0.06,0.0000,0.06,1
002143,高金食品,2011-03-31,1,48.1800,0.30,48.1800,0.00,0
002054,德美化工,2011-03-31,1,129.9070,0.42,129.9070,0.00,0
002055,得润电子,2011-03-31,7,2328.2970,11.46,-568.2570,16.59,8
002146,荣盛发展,2011-03-31,6,7130.0100,4.97,1528.1670,3.91,5
002065,东华软件,2011-03-31,2,1963.1840,4.44,-511.5860,5.81,3
600048,保利地产,2011-03-31,3,15754.8300,3.44,-3528.8300,4.21,4
601006,大秦铁路,2011-03-31,1,11050.0000,0.74,-243.6000,0.76,1
601699,潞安环能,2011-03-31,5,7052.3440,6.13,1122.7920,5.15,4
002082,栋梁新材,2011-03-31,2,133.2110,0.56,133.2110,0.00,0
002089,新海宜,2011-03-31,6,2867.6980,12.19,-784.7020,15.52,6
002240,威华股份,2011-03-31,4,598.7887,1.95,598.7887,0.00,0
002234,民和股份,2011-03-31,1,218.0780,2.03,8.1460,1.95,1
002078,太阳纸业,2011-03-31,6,4419.9110,4.40,1963.9460,2.44,5
002091,江苏国泰,2011-03-31,6,2640.5630,8.80,-1019.2180,12.20,6
601008,连云港,2011-03-31,1,1293.0000,2.07,0.0000,2.41,1
002096,南岭民爆,2011-03-31,4,862.9530,6.53,311.1004,4.17,3
002263,大东南,2011-03-31,1,100.0000,0.21,100.0000,0.00,0
002118,紫鑫药业,2011-03-31,5,609.3080,2.38,-486.1486,4.27,6
002062,宏润建设,2011-03-31,1,219.7400,0.49,0.0000,0.49,1
002064,华峰氨纶,2011-03-31,1,305.9290,0.41,5.9290,0.41,1
002184,海得控制,2011-03-31,1,269.7850,1.23,-780.7290,4.78,2
300040,九洲电气,2011-03-31,1,278.8020,2.01,-87.4871,2.64,3
002073,软控股份,2011-03-31,5,6901.4700,9.30,-1322.7030,11.08,6
002208,合肥城建,2011-03-31,3,1425.9550,4.45,725.3630,2.19,1
002079,苏州固锝,2011-03-31,3,1520.9110,5.51,427.8530,3.96,3
601666,平煤股份,2011-03-31,4,3829.4670,2.11,-3398.9370,3.98,6
002068,黑猫股份,2011-03-31,2,661.0550,2.20,123.2450,2.15,2
300180,华峰超纤,2011-03-31,1,70.0000,0.44,70.0000,0.00,0
002287,奇正藏药,2011-03-31,2,29.6012,0.07,0.3335,0.07,2
300024,机器人,2011-03-31,2,818.0910,2.75,427.0839,2.89,3
300082,奥克股份,2011-03-31,4,192.8838,1.19,-157.7235,2.16,5
002308,威创股份,2011-03-31,6,816.0110,1.91,229.7270,1.37,5
002396,星网锐捷,2011-03-31,8,1064.9114,6.07,-168.0584,7.02,10
002362,汉王科技,2011-03-31,2,41.8777,0.39,17.3174,0.23,2
601898,中煤能源,2011-03-31,5,6029.4660,0.45,-1169.1340,0.54,5
002069,獐子岛,2011-03-31,4,858.9580,1.81,-1358.7520,4.90,5
601678,滨化股份,2011-03-31,7,4222.1910,6.40,3579.2210,1.46,3
601918,国投新集,2011-03-31,5,1999.4880,1.08,111.5850,1.02,5
002081,金螳螂,2011-03-31,5,3915.5880,8.18,1465.0730,7.68,5
002172,澳洋科技,2011-03-31,1,536.3690,0.96,200.9140,0.60,1
002168,深圳惠程,2011-03-31,3,3105.0520,4.92,1186.1180,6.08,4
002085,万丰奥威,2011-03-31,1,168.7400,0.59,-49.6280,0.77,1
002154,报喜鸟,2011-03-31,6,2705.2890,9.21,-1158.5510,13.15,7
002086,东方海洋,2011-03-31,5,2439.2120,10.00,-1263.2350,15.18,8
600017,日照港,2011-03-31,2,9211.1300,4.07,2979.6700,2.75,1
002074,东源电器,2011-03-31,2,599.9850,4.26,402.5620,1.40,1
300049,福瑞股份,2011-03-31,5,580.0667,6.03,107.4293,4.91,6
002386,天原集团,2011-03-31,6,1900.7790,3.96,-694.2430,5.41,9
002092,中泰化学,2011-03-31,3,1713.7880,1.48,-4.9970,1.49,3
002094,青岛金王,2011-03-31,3,2405.2920,7.47,527.8930,5.83,2
002095,生意宝,2011-03-31,1,54.6473,0.40,13.9426,0.30,1
002083,孚日股份,2011-03-31,2,1354.7410,1.44,32.9600,1.41,2
002520,日发精机,2011-03-31,1,24.1831,0.38,24.1831,0.00,0
002098,浔兴股份,2011-03-31,3,624.7039,4.03,-123.1915,4.83,5
002097,山河智能,2011-03-31,1,212.2000,0.50,0.5900,0.50,1
002093,国脉科技,2011-03-31,6,3571.7500,8.26,796.0490,6.93,4
002099,海翔药业,2011-03-31,5,2611.9930,16.27,-125.5270,17.06,6
002100,天康生物,2011-03-31,4,819.8400,3.62,87.5045,3.23,4
601101,昊华能源,2011-03-31,4,902.1580,1.99,11.6255,1.96,8
002102,冠福家用,2011-03-31,1,67.1000,0.33,67.1000,0.00,0
002105,信隆实业,2011-03-31,1,126.4300,0.47,0.0000,0.47,1
002104,恒宝股份,2011-03-31,3,1335.9310,3.03,-804.9420,4.86,4
002108,沧州明珠,2011-03-31,5,1290.0370,7.70,141.1450,6.86,3
002109,兴化股份,2011-03-31,1,174.5720,0.49,-17.5400,0.54,1
601002,晋亿实业,2011-03-31,2,322.4280,0.44,-1677.5420,2.71,1
002111,威海广泰,2011-03-31,5,737.8307,5.00,34.5155,4.77,5
002121,科陆电子,2011-03-31,3,1413.9370,5.35,-398.1380,6.85,4
002115,三维通信,2011-03-31,5,1362.7850,6.35,369.7230,4.63,5
002250,联化科技,2011-03-31,5,2195.1520,8.95,-468.7370,10.86,6
601177,杭齿前进,2011-03-31,4,882.6089,2.21,882.6089,0.00,0
002211,宏达新材,2011-03-31,1,99.9902,0.35,-131.1530,0.80,3
002216,三全食品,2011-03-31,2,911.3890,4.87,-919.5360,9.79,6
002135,东南网架,2011-03-31,1,60.4299,0.30,-12.0000,0.36,1
002124,天邦股份,2011-03-31,1,316.0000,1.54,-64.0000,1.85,1
601003,柳钢股份,2011-03-31,3,2659.4400,1.04,1319.5480,0.52,3
002123,荣信股份,2011-03-31,6,3947.4920,11.75,523.3440,10.19,5
601007,金陵饭店,2011-03-31,2,679.9810,2.27,289.1680,1.30,2
002122,天马股份,2011-03-31,3,2131.5600,1.79,-257.0620,2.01,5
002126,银轮股份,2011-03-31,1,292.7210,2.93,23.1656,2.70,2
002129,中环股份,2011-03-31,6,3975.1040,8.23,-35.7940,8.31,6
002127,新民科技,2011-03-31,2,400.8620,1.08,-755.4800,3.11,4
002131,利欧股份,2011-03-31,2,1027.2140,3.41,1027.2140,0.00,0
002132,恒星科技,2011-03-31,1,139.0000,0.51,139.0000,0.00,0
002232,启明信息,2011-03-31,4,882.0559,3.02,-1707.4611,8.87,9
601118,海南橡胶,2011-03-31,2,305.0000,0.08,305.0000,0.00,0
002136,安纳达,2011-03-31,4,510.8694,6.47,510.8694,0.00,0
601958,金钼股份,2011-03-31,5,4328.4400,1.34,-196.7000,1.40,7
002128,露天煤业,2011-03-31,3,1558.0000,1.17,180.0610,1.04,3
002290,禾盛新材,2011-03-31,3,354.0038,2.35,-63.8674,2.78,4
002248,华东数控,2011-03-31,1,73.6253,0.29,0.0000,0.29,1
002138,顺络电子,2011-03-31,4,703.8880,3.31,79.0360,3.22,4
002170,芭田股份,2011-03-31,4,386.7716,1.27,-584.2414,3.19,3
002144,宏达高科,2011-03-31,2,571.6600,3.78,-392.2960,6.37,3
002371,七星电子,2011-03-31,7,760.1930,11.70,33.8732,11.17,7
002159,三特索道,2011-03-31,5,2117.2450,17.64,150.4060,16.39,4
002148,北纬通信,2011-03-31,3,649.4540,8.59,-26.0072,8.93,4
002152,广电运通,2011-03-31,6,3534.3090,10.33,-659.0690,12.26,8
002150,通润装备,2011-03-31,1,44.2518,0.28,44.2518,0.00,0
002296,辉煌科技,2011-03-31,7,1282.6252,12.27,-10.2623,12.37,7
002149,西部材料,2011-03-31,3,630.1481,3.61,96.4551,3.06,2
002157,正邦科技,2011-03-31,1,783.9900,2.91,-1636.1090,8.98,6
002151,北斗星通,2011-03-31,3,128.8804,1.28,-401.7417,5.28,5
002156,通富微电,2011-03-31,7,3424.8030,8.43,-643.4980,10.02,8
002155,辰州矿业,2011-03-31,7,3283.4810,6.00,224.6300,5.59,7
002158,汉钟精机,2011-03-31,5,1052.5350,5.79,-902.5320,10.76,6
002254,泰和新材,2011-03-31,5,1456.7080,5.58,213.7960,4.76,4
002161,远望谷,2011-03-31,6,3398.3620,10.18,-363.8150,14.65,8
002169,智光电气,2011-03-31,4,1549.6887,8.72,-474.3498,11.39,6
002163,中航三鑫,2011-03-31,4,1452.1240,3.61,-1290.3840,6.83,6
002164,东力传动,2011-03-31,5,1701.3440,7.64,690.3020,4.54,4
002165,红宝丽,2011-03-31,2,564.9950,2.24,15.0040,2.18,2
002173,千足珍珠,2011-03-31,5,847.4328,8.43,0.0000,8.43,5
002328,新朋股份,2011-03-31,4,836.5080,2.79,87.5300,2.50,3
002179,中航光电,2011-03-31,6,3093.6820,7.70,1130.1080,4.89,4
002177,御银股份,2011-03-31,4,1685.6920,6.36,-469.1230,8.13,5
002183,怡亚通,2011-03-31,5,1577.2780,2.84,-57.5960,2.94,2
002304,洋河股份,2011-03-31,1,272.2230,0.60,-4.6050,0.62,1
002544,杰赛科技,2011-03-31,1,28.9927,0.34,28.9927,0.00,0
300161,华中数控,2011-03-31,2,204.6158,1.90,204.6158,0.00,0
601390,中国中铁,2011-03-31,3,10214.4300,0.48,653.2900,0.45,3
002191,劲嘉股份,2011-03-31,1,157.2800,0.25,-5.1300,0.25,1
002194,武汉凡谷,2011-03-31,2,1040.9710,1.87,-0.0070,1.87,2
002407,多氟多,2011-03-31,5,546.0961,5.10,-154.2742,6.55,7
002436,兴森科技,2011-03-31,4,574.5338,5.14,-321.6874,8.02,8
002210,飞马国际,2011-03-31,1,269.8700,0.88,212.3992,0.19,1
601992,金隅股份,2011-03-31,4,2447.3550,0.57,455.1770,0.51,2
002204,大连重工,2011-03-31,1,211.7150,0.99,0.0000,0.99,1
002454,松芝股份,2011-03-31,7,614.1738,2.56,126.7573,2.03,4
601139,深圳燃气,2011-03-31,2,226.6230,0.18,-227.8020,0.37,3
002209,达意隆,2011-03-31,2,248.1924,1.27,48.1984,1.02,1
002391,长青股份,2011-03-31,1,64.4305,0.41,-27.6418,0.58,1
002397,梦洁家纺,2011-03-31,9,975.1795,10.32,88.6995,9.38,7
601558,华锐风电,2011-03-31,4,57.8787,0.06,57.8787,0.00,0
002212,南洋股份,2011-03-31,1,225.0960,0.88,-1037.1426,4.95,4
002215,诺普信,2011-03-31,4,1782.8140,8.06,-575.3920,10.66,8
002214,大立科技,2011-03-31,2,604.5900,6.05,-296.4431,9.01,6
002226,江南化工,2011-03-31,4,783.2715,5.60,638.7942,1.03,3
002218,拓日新能,2011-03-31,3,494.9705,1.52,316.2945,0.62,3
601766,中国南车,2011-03-31,4,15364.2600,1.30,-22424.7600,3.19,7
300140,启源装备,2011-03-31,4,182.2402,2.99,182.2402,0.00,0
601186,中国铁建,2011-03-31,5,12968.3900,1.05,7233.6400,0.46,3
002273,水晶光电,2011-03-31,5,921.8292,8.18,-450.2878,12.17,7
002297,博云新材,2011-03-31,2,486.2663,2.27,-357.2497,3.94,3
002443,金洲管道,2011-03-31,1,40.4240,0.30,0.0000,0.30,1
002223,鱼跃医疗,2011-03-31,6,1197.2360,4.68,-1471.5240,10.44,9
002225,濮耐股份,2011-03-31,1,251.0390,0.45,-99.4578,0.62,2
002228,合兴包装,2011-03-31,5,951.2966,4.38,-26.2973,4.50,6
002244,滨江集团,2011-03-31,8,5698.2150,4.21,431.1730,3.90,7
002237,恒邦股份,2011-03-31,2,139.3560,0.73,-122.8621,1.37,4
002235,安妮股份,2011-03-31,2,457.3114,2.35,-410.6266,4.45,2
002420,毅昌股份,2011-03-31,1,39.6298,0.10,-54.5751,0.23,2
002249,大洋电机,2011-03-31,6,2071.6010,4.84,-133.8682,5.15,8
002229,鸿博股份,2011-03-31,2,568.5810,4.18,10.0000,4.11,2
002253,川大智胜,2011-03-31,8,1043.4028,13.93,377.7794,8.89,5
002233,塔牌集团,2011-03-31,4,934.9950,2.31,-130.8474,2.66,6
002243,通产丽星,2011-03-31,3,2201.7400,8.53,-792.7390,11.60,7
002236,大华股份,2011-03-31,7,1248.3480,8.95,-124.6500,9.84,7
002252,上海莱士,2011-03-31,4,285.3112,1.05,-293.3359,2.13,6
002238,天威视讯,2011-03-31,7,1964.8830,7.36,441.7080,5.70,5
002247,帝龙新材,2011-03-31,1,136.8860,1.37,-116.6598,2.53,3
002372,伟星新材,2011-03-31,2,164.9910,0.65,-635.6040,3.16,1
002245,澳洋顺昌,2011-03-31,1,61.9924,0.34,-106.0876,0.92,1
002241,歌尔声学,2011-03-31,9,3729.0030,9.92,-298.9720,10.72,9
002242,九阳股份,2011-03-31,7,4083.0450,5.37,23.6130,5.33,9
601777,力帆股份,2011-03-31,2,297.4973,0.31,297.4973,0.00,0
002251,步步高,2011-03-31,5,2076.5480,7.68,-552.3610,9.72,6
002450,康得新,2011-03-31,7,1326.7506,8.21,454.0437,5.40,3
002255,海陆重工,2011-03-31,4,496.6244,3.85,-73.3885,4.42,3
002262,恩华药业,2011-03-31,3,591.0250,2.53,-166.1080,3.24,3
601268,*ST二重,2011-03-31,5,715.8840,0.42,-1767.2640,1.47,5
002258,利尔化学,2011-03-31,2,155.4670,0.77,80.4802,0.37,1
002264,新华都,2011-03-31,3,487.9576,3.04,-24.3155,3.20,3
002419,天虹商场,2011-03-31,8,1210.8282,3.03,-285.7218,3.74,8
002322,理工监测,2011-03-31,3,285.8314,4.29,6.0568,4.19,3
601216,内蒙君正,2011-03-31,4,639.0100,1.00,639.0100,0.00,0
002342,巨力索具,2011-03-31,2,248.8820,0.52,-65.3818,0.65,5
300054,鼎龙股份,2011-03-31,2,135.4308,2.26,-304.8737,7.34,9
300011,鼎汉技术,2011-03-31,2,133.0788,1.30,-395.4922,5.14,7
601668,中国建筑,2011-03-31,3,55976.8000,1.87,34176.8000,0.73,1
002271,东方雨虹,2011-03-31,1,89.8740,0.52,89.8740,0.00,0
002268,卫士通,2011-03-31,2,229.0480,1.72,-92.8900,2.42,2
002446,盛路通信,2011-03-31,6,1126.1663,11.02,431.7148,6.80,5
002269,美邦服饰,2011-03-31,8,3031.6640,3.02,153.8660,2.86,8
300108,双龙股份,2011-03-31,1,121.8560,1.80,-73.7156,3.76,5
300115,长盈精密,2011-03-31,4,272.7150,3.17,-2.3593,3.20,5
002266,浙富股份,2011-03-31,9,2575.6560,17.21,218.3350,15.75,9
300015,爱尔眼科,2011-03-31,9,1388.7358,5.20,176.8398,4.54,8
002299,圣农发展,2011-03-31,4,1793.6160,2.19,-789.2680,6.30,5
002344,海宁皮城,2011-03-31,7,1210.4890,4.32,-1854.6660,10.95,9
002284,亚太股份,2011-03-31,4,455.9799,2.38,6.9890,2.35,4
300036,超图软件,2011-03-31,1,99.7658,1.33,9.8077,1.20,1
002277,友阿股份,2011-03-31,6,3809.7580,10.91,-289.9500,11.74,7
300002,神州泰岳,2011-03-31,7,2049.5628,6.49,-351.9422,7.60,8
002438,江苏神通,2011-03-31,2,39.9841,0.38,-110.0159,1.44,2
002278,神开股份,2011-03-31,4,1120.9640,5.14,912.8880,0.95,1
002285,世联地产,2011-03-31,6,1423.0560,6.54,-190.5510,7.42,7
002286,保龄宝,2011-03-31,2,122.9632,1.18,-77.5046,1.93,4
300070,碧水源,2011-03-31,9,1043.6567,7.10,-81.3364,7.65,9
002291,星期六,2011-03-31,5,2301.8180,8.24,-579.9960,10.31,8
002292,奥飞动漫,2011-03-31,5,1440.4300,5.63,100.1170,5.24,6
002293,罗莱家纺,2011-03-31,9,1141.4984,8.13,144.7506,7.10,9
002294,信立泰,2011-03-31,7,314.1619,1.38,-11.0501,1.43,5
300065,海兰信,2011-03-31,4,281.8288,5.09,18.2022,4.76,6
601299,中国北车,2011-03-31,4,11019.7000,1.33,-20768.3300,3.83,6
601117,中国化学,2011-03-31,8,25487.3200,5.17,11838.7800,2.77,4
002529,海源机械,2011-03-31,6,432.5553,2.70,358.5064,0.46,2
300072,三聚环保,2011-03-31,4,211.5380,2.17,-526.0962,7.58,8
601618,中国中冶,2011-03-31,6,16477.5900,0.86,-2848.3500,1.01,6
002478,常宝股份,2011-03-31,3,753.9741,1.88,554.4776,0.50,4
002431,棕榈园林,2011-03-31,5,603.4008,3.14,-318.9001,4.80,6
300075,数字政通,2011-03-31,7,452.2439,8.08,52.0108,7.15,7
300171,东富龙,2011-03-31,7,316.4640,3.96,316.4640,0.00,0
300093,金刚玻璃,2011-03-31,9,1214.1898,10.12,445.8435,6.40,6
002422,科伦药业,2011-03-31,10,1794.9025,7.48,-189.6819,8.27,10
300058,蓝色光标,2011-03-31,3,668.9440,5.57,-311.5008,8.17,7
002415,海康威视,2011-03-31,7,1179.7350,2.36,-239.7970,2.84,7
601888,中国国旅,2011-03-31,7,2808.4510,3.19,-1161.5410,4.51,7
002489,浙江永强,2011-03-31,4,364.0570,1.52,68.3050,1.23,3
002301,齐心文具,2011-03-31,1,500.0000,2.68,0.0000,2.68,1
601989,中国重工,2011-03-31,7,23474.0100,2.56,1956.0400,3.24,6
002315,焦点科技,2011-03-31,3,148.6130,1.26,-458.7767,5.17,8
002303,美盈森,2011-03-31,6,1069.7678,5.98,-99.0195,6.54,7
300021,大禹节水,2011-03-31,3,217.0056,1.56,-509.1481,5.21,5
300012,华测检测,2011-03-31,6,461.4510,3.76,-312.8990,6.31,6
300007,汉威电子,2011-03-31,1,302.8690,2.57,302.8690,0.00,0
300064,豫金刚石,2011-03-31,2,188.1600,1.24,-322.4194,3.36,6
300044,赛为智能,2011-03-31,4,539.5356,5.40,-154.9098,6.94,7
300111,向日葵,2011-03-31,8,1017.1631,2.00,867.1711,0.29,1
300047,天源迪科,2011-03-31,5,449.5508,4.30,-153.2721,5.76,8
300037,新宙邦,2011-03-31,7,346.9610,3.24,-355.5000,6.57,8
300091,金通灵,2011-03-31,4,241.1063,2.88,-187.2302,5.12,3
300031,宝通带业,2011-03-31,2,210.0772,2.10,-15.9055,2.26,2
300101,国腾电子,2011-03-31,9,741.2763,10.67,66.6818,9.71,9
300022,吉峰农机,2011-03-31,1,108.4610,0.61,-496.4490,3.39,4
300071,华谊嘉信,2011-03-31,1,10.0000,0.19,-105.5404,2.23,3
300005,探路者,2011-03-31,5,975.8120,7.28,193.9560,5.83,4
300045,华力创通,2011-03-31,2,191.7392,2.86,-79.7928,4.05,5
300027,华谊兄弟,2011-03-31,3,2046.2230,6.09,-6.4340,6.11,3
300003,乐普医疗,2011-03-31,3,402.9543,0.50,-135.5807,0.66,3
300010,立思辰,2011-03-31,4,1477.4100,9.37,-5.8120,9.40,4
300117,嘉寓股份,2011-03-31,3,419.9929,3.87,399.0304,0.19,1
300006,莱美药业,2011-03-31,7,865.7335,9.46,555.8154,3.39,3
300008,上海佳豪,2011-03-31,6,669.6351,4.60,669.6351,0.00,0
300053,欧比特,2011-03-31,2,115.9847,1.16,41.9700,0.74,2
300035,中科电气,2011-03-31,2,295.2290,3.20,295.2290,0.00,0
300041,回天胶业,2011-03-31,4,251.0166,3.80,-122.0065,5.65,6
300087,荃银高科,2011-03-31,3,52.4968,0.99,-285.4003,6.40,5
300142,沃森生物,2011-03-31,7,426.4167,4.26,83.8300,3.43,5
002310,东方园林,2011-03-31,6,546.1810,3.64,-322.9170,5.78,7
002309,中利科技,2011-03-31,1,87.4661,0.36,-14.7333,0.43,2
002311,海大集团,2011-03-31,4,1744.9850,5.99,79.8280,5.72,5
002523,天桥起重,2011-03-31,2,172.5401,1.08,172.5401,0.00,0
002313,日海通讯,2011-03-31,7,908.5077,9.09,73.9024,8.35,8
002400,省广股份,2011-03-31,1,45.2597,0.55,-128.5785,2.11,4
002324,普利特,2011-03-31,1,125.0000,0.93,-100.0000,1.67,2
601799,星宇股份,2011-03-31,8,1256.9950,5.31,1256.9950,0.00,0
601519,大智慧,2011-03-31,1,21.5023,0.03,21.5023,0.00,0
002327,富安娜,2011-03-31,6,671.3480,5.01,-203.2672,6.53,8
002317,众生药业,2011-03-31,4,183.9897,1.53,-35.5593,1.83,4
002474,榕基软件,2011-03-31,1,28.0400,0.27,-45.9452,0.71,2
002321,华英农业,2011-03-31,5,1344.0790,9.14,457.1955,6.03,5
002325,洪涛股份,2011-03-31,6,1378.3460,9.19,530.4900,5.65,4
300004,南风股份,2011-03-31,1,208.5540,2.22,-121.6669,3.51,4
601179,中国西电,2011-03-31,1,1765.0300,0.41,-7080.8700,2.03,3
601877,正泰电器,2011-03-31,2,2139.3180,2.13,253.3100,1.88,4
300020,银江股份,2011-03-31,2,326.7520,2.04,42.2880,1.78,2
300025,华星创业,2011-03-31,8,1301.1703,16.26,148.9014,14.40,7
002385,大北农,2011-03-31,7,905.8173,2.26,-374.1069,3.19,8
002326,永太科技,2011-03-31,6,1041.4200,7.80,-68.6680,8.32,7
002330,得利斯,2011-03-31,3,448.1183,1.79,-820.7192,5.06,5
002329,皇氏乳业,2011-03-31,3,451.9700,4.22,-107.8088,5.23,4
002334,英威腾,2011-03-31,5,538.4703,4.43,-547.4845,8.93,9
002336,人人乐,2011-03-31,4,614.3293,1.54,-1098.3620,4.28,7
002335,科华恒盛,2011-03-31,1,20.0000,0.26,-187.1948,2.66,3
002340,格林美,2011-03-31,2,237.9292,1.96,-12.9303,2.07,5
002341,新纶科技,2011-03-31,3,342.6637,4.68,-228.0972,7.80,10
002345,潮宏基,2011-03-31,1,259.3630,1.44,-638.4299,4.99,5
300029,天龙光电,2011-03-31,5,2070.7070,10.35,1143.6360,4.64,4
002353,杰瑞股份,2011-03-31,4,309.4204,2.69,0.4491,2.69,4
300103,达刚路机,2011-03-31,6,465.3064,7.12,134.9443,5.06,4
300030,阳普医疗,2011-03-31,3,134.1870,1.81,-42.7833,2.39,3
002549,凯美特气,2011-03-31,3,196.6818,2.46,196.6818,0.00,0
002455,百川股份,2011-03-31,1,147.0000,1.67,47.6974,1.13,1
002375,亚厦股份,2011-03-31,6,1773.5130,8.41,-670.0350,11.58,10
002510,天汽模,2011-03-31,1,98.0000,0.48,98.0000,0.00,0
002369,卓翼科技,2011-03-31,4,449.2933,4.49,-147.0479,5.96,6
300039,上海凯宝,2011-03-31,2,505.4220,2.88,-793.0256,7.40,9
002367,康力电梯,2011-03-31,1,305.1900,1.27,-509.8334,5.09,8
002368,太极股份,2011-03-31,3,494.4903,5.01,205.8989,2.92,5
300048,合康变频,2011-03-31,7,1127.6660,4.58,57.0148,8.88,9
002376,新北洋,2011-03-31,5,1138.9379,7.59,-415.8643,10.37,9
601106,中国一重,2011-03-31,2,3410.9500,0.52,-19508.0400,3.51,7
300043,星辉车模,2011-03-31,7,1479.1076,9.34,620.6510,10.84,9
300046,台基股份,2011-03-31,4,190.2010,2.68,-130.3071,4.51,7
300050,世纪鼎利,2011-03-31,3,316.5280,2.93,-198.1125,4.77,10
002383,合众思壮,2011-03-31,1,80.4468,0.67,-29.9921,0.92,2
002382,蓝帆股份,2011-03-31,1,10.0000,0.13,10.0000,0.00,0
002421,达实智能,2011-03-31,2,200.7690,2.57,94.7960,1.36,1
002392,北京利尔,2011-03-31,2,87.1708,0.65,-174.9906,1.94,5
002384,东山精密,2011-03-31,5,908.5380,5.68,50.5973,5.36,6
002394,联发股份,2011-03-31,1,45.1331,0.42,0.0000,0.42,1
300056,三维丝,2011-03-31,3,178.9697,3.44,-164.4955,6.61,7
300055,万邦达,2011-03-31,8,1444.0418,12.62,25.4371,12.40,9
002387,黑牛食品,2011-03-31,2,401.2140,3.01,-205.0185,4.54,4
002395,双象股份,2011-03-31,1,30.0000,0.34,-11.0538,0.46,1
002389,南洋科技,2011-03-31,1,17.5110,0.26,-60.8765,1.17,3
002398,建研集团,2011-03-31,10,1041.7499,8.68,142.9330,7.49,8
002390,信邦制药,2011-03-31,4,401.4480,4.62,-90.5243,5.67,6
002399,海普瑞,2011-03-31,5,113.2291,0.28,-254.7924,0.92,6
002410,广联达,2011-03-31,7,1417.1496,5.25,467.0361,5.28,7
002408,齐翔腾达,2011-03-31,3,173.3282,0.67,109.6490,0.25,1
002476,宝莫股份,2011-03-31,2,155.0150,1.29,-66.2620,1.84,5
002401,中海科技,2011-03-31,1,22.0100,0.41,-48.4762,1.32,3
002406,远东传动,2011-03-31,1,149.9970,0.80,0.0000,0.80,1
002411,九九久,2011-03-31,2,418.1390,3.24,44.7601,2.89,2
002439,启明星辰,2011-03-31,5,451.0774,4.57,0.0000,4.57,5
002414,高德红外,2011-03-31,6,954.8734,3.18,-604.4889,5.20,8
300098,高新兴,2011-03-31,3,203.0230,2.97,-21.0397,3.28,3
300062,中能电气,2011-03-31,1,23.2401,0.30,-7.0533,0.39,1
002417,三元达,2011-03-31,7,761.8290,6.35,624.8620,1.14,1
601018,宁波港,2011-03-31,1,2579.5000,0.20,-14457.0800,1.33,6
002465,海格通信,2011-03-31,4,524.4188,1.58,205.5910,0.96,2
300068,南都电源,2011-03-31,4,315.9523,1.27,-436.9812,3.04,6
601369,陕鼓动力,2011-03-31,6,709.3733,0.65,-268.4025,0.89,7
002428,云南锗业,2011-03-31,4,411.1525,3.27,142.2060,2.14,3
002424,贵州百灵,2011-03-31,5,1330.1919,5.66,398.5478,3.96,7
002456,欧菲光,2011-03-31,5,551.2920,5.74,-403.7836,9.95,9
300073,当升科技,2011-03-31,1,43.8046,0.55,43.8046,0.00,0
002432,九安医疗,2011-03-31,1,110.0000,0.89,-138.9710,2.01,2
002434,万里扬,2011-03-31,5,323.5720,1.90,-211.7340,3.15,6
002437,誉衡药业,2011-03-31,3,690.2190,2.47,-454.8984,8.18,8
300080,新大新材,2011-03-31,8,778.5137,5.56,176.4332,4.30,7
300083,劲胜股份,2011-03-31,5,823.9399,8.24,-133.4665,9.57,8
300078,中瑞思创,2011-03-31,1,30.0000,0.45,-91.5490,1.81,3
002469,三维工程,2011-03-31,8,446.0054,6.73,-16.4170,6.98,8
300084,海默科技,2011-03-31,5,581.2866,9.08,260.5813,5.01,5
002444,巨星科技,2011-03-31,4,519.0920,2.05,-681.1953,4.73,8
300086,康芝药业,2011-03-31,1,90.6298,0.91,-556.4116,6.47,9
002449,国星光电,2011-03-31,9,1603.0848,7.46,520.0458,5.04,8
002458,益生股份,2011-03-31,3,270.9899,2.51,-526.0625,7.38,6
300088,长信科技,2011-03-31,1,18.9664,0.15,-96.2732,0.92,2
300090,盛运股份,2011-03-31,9,956.8012,7.50,135.4024,6.44,5
300096,易联众,2011-03-31,4,308.3747,3.59,-375.0028,7.95,6
002453,天马精化,2011-03-31,9,1195.0531,9.96,272.0495,7.69,8
002460,赣锋锂业,2011-03-31,1,18.5100,0.19,18.5100,0.00,0
002452,长高集团,2011-03-31,3,219.9500,2.20,5.8500,2.14,3
601717,郑煤机,2011-03-31,8,2889.7760,4.13,263.3820,3.75,8
300179,四方达,2011-03-31,5,444.9676,5.56,444.9676,0.00,0
300097,智云股份,2011-03-31,1,30.0000,0.50,-266.0988,4.93,5
300099,尤洛卡,2011-03-31,6,446.6648,4.32,184.1239,6.35,8
300094,国联水产,2011-03-31,1,94.9586,0.30,-980.9304,3.36,3
300124,汇川技术,2011-03-31,10,1193.6246,11.05,147.0556,9.69,9
300152,燃控科技,2011-03-31,4,383.7190,3.55,62.7644,2.97,7
300102,乾照光电,2011-03-31,4,476.8020,4.04,105.5850,3.15,4
002484,江海股份,2011-03-31,10,805.4280,5.03,-276.4781,6.76,10
300126,锐奇股份,2011-03-31,4,195.1913,2.32,-164.7631,4.27,5
300104,乐视网,2011-03-31,2,159.9863,1.60,-20.7671,1.81,3
300110,华仁药业,2011-03-31,1,60.2268,0.28,0.0000,0.28,1
300173,松德股份,2011-03-31,2,53.4155,0.80,53.4155,0.00,0
002470,金正大,2011-03-31,3,347.2979,0.50,229.1709,0.17,1
300107,建新股份,2011-03-31,2,229.9281,3.44,-190.7802,6.29,6
300113,顺网科技,2011-03-31,8,495.3201,8.26,80.2045,6.92,7
300106,西部牧业,2011-03-31,2,75.0347,0.64,-246.9902,2.75,2
300118,东方日升,2011-03-31,6,1031.9894,2.95,650.3995,2.18,5
300133,华策影视,2011-03-31,4,88.2056,1.56,54.5006,0.60,2
300116,坚瑞消防,2011-03-31,1,9.0797,0.11,-57.6763,0.83,2
300109,新开源,2011-03-31,1,22.6500,0.63,-32.8690,1.54,2
300156,天立环保,2011-03-31,4,212.7209,2.65,212.7209,0.00,0
002527,新时达,2011-03-31,1,197.9430,0.99,7.9461,0.95,2
002530,丰东股份,2011-03-31,3,472.7356,3.53,472.7356,0.00,0
002475,立讯精密,2011-03-31,10,1769.4206,10.18,333.3909,8.26,10
300120,经纬电材,2011-03-31,2,184.4566,2.12,166.2120,0.21,1
300128,锦富新材,2011-03-31,2,119.9406,1.20,-42.5520,1.62,4
601098,中南传媒,2011-03-31,2,1070.4050,0.60,-413.4060,0.83,5
002477,雏鹰农牧,2011-03-31,4,402.1756,3.01,51.4807,2.63,4
002480,新筑股份,2011-03-31,9,921.6054,6.58,247.1373,4.82,7
002481,双塔食品,2011-03-31,1,130.5170,1.09,130.5170,0.00,0
300121,阳谷华泰,2011-03-31,2,248.8602,2.30,248.8602,0.00,0
300125,易世达,2011-03-31,3,230.0169,3.90,83.6401,2.48,3
002486,嘉麟杰,2011-03-31,2,554.0230,2.66,538.3030,0.08,1
002482,广田股份,2011-03-31,10,1145.5196,7.16,267.3910,5.49,9
002485,希努尔,2011-03-31,4,735.7640,3.68,148.6751,2.94,5
300138,晨光生物,2011-03-31,1,14.9950,0.17,14.9950,0.00,0
002521,齐峰新材,2011-03-31,2,93.4739,0.63,93.4739,0.00,0
300122,智飞生物,2011-03-31,4,257.0622,0.64,122.0780,0.34,3
300123,太阳鸟,2011-03-31,4,470.4578,5.41,-33.1323,5.79,4
002488,金固股份,2011-03-31,4,278.0457,2.32,45.5268,1.94,6
002518,科士达,2011-03-31,3,182.4647,1.59,93.5075,0.77,2
002493,荣盛石化,2011-03-31,1,75.0000,0.38,57.0018,0.03,1
002483,润邦股份,2011-03-31,3,216.1939,1.08,151.2009,0.32,1
002497,雅化集团,2011-03-31,4,421.5650,2.63,-158.6250,3.63,6
300134,大富科技,2011-03-31,8,1033.3524,6.46,325.5769,4.42,8
300135,宝利沥青,2011-03-31,9,446.5566,5.58,335.9393,1.38,3
300130,新国都,2011-03-31,2,59.3485,0.93,59.3485,0.00,0
300131,英唐智控,2011-03-31,1,14.2947,0.31,14.2947,0.00,0
002498,汉缆股份,2011-03-31,2,172.6170,0.37,-314.7535,1.04,6
300137,先河环保,2011-03-31,8,731.2766,6.09,69.4084,5.52,9
300132,青松股份,2011-03-31,1,167.9880,2.51,79.4172,1.32,1
300136,信维通信,2011-03-31,7,361.0300,5.42,137.6987,3.35,4
002567,唐人神,2011-03-31,2,26.6979,0.19,26.6979,0.00,0
002501,利源铝业,2011-03-31,3,119.4902,1.28,1.6191,1.26,2
300164,通源石油,2011-03-31,6,309.9949,4.70,309.9949,0.00,0
002511,中顺洁柔,2011-03-31,4,181.9409,1.14,171.8419,0.06,1
002554,惠博普,2011-03-31,4,582.8940,4.32,582.8940,0.00,0
002508,老板电器,2011-03-31,2,61.0856,0.38,61.0856,0.00,0
300154,瑞凌股份,2011-03-31,3,171.3746,1.53,88.3936,0.74,3
002503,搜于特,2011-03-31,5,430.1752,2.69,67.4718,4.53,8
300143,星河生物,2011-03-31,2,117.7919,0.80,-92.4705,3.14,4
300144,宋城股份,2011-03-31,6,476.9365,2.84,62.4206,2.47,7
002514,宝馨科技,2011-03-31,1,31.8363,0.47,31.8363,0.00,0
002507,涪陵榨菜,2011-03-31,1,18.6239,0.12,6.3275,0.08,1
300145,南方泵业,2011-03-31,3,164.3275,2.05,164.3275,0.00,0
300148,天舟文化,2011-03-31,1,120.0000,1.60,120.0000,0.00,0
300168,万达信息,2011-03-31,4,148.7833,1.24,148.7833,0.00,0
300157,恒泰艾普,2011-03-31,3,191.0029,2.15,191.0029,0.00,0
002522,浙江众成,2011-03-31,4,262.4856,2.46,82.3929,1.69,3
300146,汤臣倍健,2011-03-31,8,366.9282,6.71,282.5875,1.54,3
002547,春兴精工,2011-03-31,2,67.2566,0.47,67.2566,0.00,0
300151,昌红科技,2011-03-31,2,82.9980,1.24,82.9980,0.00,0
002524,光正集团,2011-03-31,2,450.0000,4.98,450.0000,0.00,0
002528,英飞拓,2011-03-31,6,418.6554,2.85,170.9678,1.68,6
300153,科泰电源,2011-03-31,1,50.0000,0.63,50.0000,0.00,0
300147,香雪制药,2011-03-31,2,97.0000,0.79,26.7204,0.57,1
002526,山东矿机,2011-03-31,5,879.2650,3.29,409.6922,1.76,8
002532,新界泵业,2011-03-31,2,92.3164,1.15,92.3164,0.00,0
002531,天顺风能,2011-03-31,6,748.7161,3.64,748.7161,0.00,0
002540,亚太科技,2011-03-31,1,14.3145,0.09,14.3145,0.00,0
300169,天晟新材,2011-03-31,7,515.9775,5.52,515.9775,0.00,0
300162,雷曼光电,2011-03-31,5,198.9714,2.97,198.9714,0.00,0
601933,永辉超市,2011-03-31,5,1620.0310,2.11,-69.9833,2.20,9
300191,潜能恒信,2011-03-31,6,202.2739,2.53,202.2739,0.00,0
300159,新研股份,2011-03-31,7,217.0820,7.14,217.0820,0.00,0
002535,林州重机,2011-03-31,8,915.1709,4.47,915.1709,0.00,0
002533,金杯电工,2011-03-31,1,70.0000,0.50,70.0000,0.00,0
601890,亚星锚链,2011-03-31,1,387.9670,1.08,387.9670,0.00,0
300174,元力股份,2011-03-31,4,328.4851,4.83,328.4851,0.00,0
002541,鸿路钢构,2011-03-31,5,512.4964,3.82,512.4964,0.00,0
300177,中海达,2011-03-31,3,52.3047,1.05,52.3047,0.00,0
002551,尚荣医疗,2011-03-31,8,505.9240,6.17,505.9240,0.00,0
300193,佳士科技,2011-03-31,1,130.2090,0.59,130.2090,0.00,0
300183,东软载波,2011-03-31,7,277.1545,3.70,277.1545,0.00,0
002543,万和电气,2011-03-31,1,41.9778,0.21,41.9778,0.00,0
300182,捷成股份,2011-03-31,4,173.0748,3.09,173.0748,0.00,0
601616,广电电气,2011-03-31,2,560.0250,1.08,560.0250,0.00,0
002559,亚威股份,2011-03-31,2,79.9744,0.91,79.9744,0.00,0
300186,大华农,2011-03-31,1,169.9850,0.64,169.9850,0.00,0
300196,长海股份,2011-03-31,2,172.0000,1.43,172.0000,0.00,0
300187,永清环保,2011-03-31,7,418.3068,6.26,418.3068,0.00,0
300190,维尔利,2011-03-31,7,297.4332,5.61,297.4332,0.00,0
002563,森马服饰,2011-03-31,3,115.6297,0.17,115.6297,0.00,0
002564,张化机,2011-03-31,7,571.7452,3.01,571.7452,0.00,0
