600000,浦发银行,2011-09-30,1,18589.6000,1.00,-1180.0000,1.06,1
600005,武钢股份,2011-09-30,2,3632.3700,0.36,-4233.7200,0.78,5
600006,东风汽车,2011-09-30,3,1125.8460,0.56,-106.8580,0.62,3
600007,中国国贸,2011-09-30,3,1916.8550,1.90,102.2430,1.80,3
600008,首创股份,2011-09-30,2,1003.2940,0.46,-1114.8090,0.96,4
600009,上海机场,2011-09-30,8,13061.8300,6.78,3784.6580,4.81,7
600010,包钢股份,2011-09-30,7,27110.6100,4.22,3158.0100,3.73,6
600012,皖通高速,2011-09-30,1,343.9810,0.21,-540.5510,0.53,2
600019,宝钢股份,2011-09-30,3,14769.7400,0.84,-9719.4300,1.40,5
600026,中海发展,2011-09-30,5,2262.6700,0.66,73.7850,0.64,5
600028,中国石化,2011-09-30,5,22799.9000,0.26,1634.8000,0.24,5
600033,福建高速,2011-09-30,2,631.0900,0.23,50.5370,0.21,2
600037,歌华有线,2011-09-30,2,1484.8160,1.40,501.6920,0.93,1
600038,哈飞股份,2011-09-30,4,1804.4220,5.35,-3.7010,5.36,4
600050,中国联通,2011-09-30,7,83132.5000,3.92,-6732.6800,4.24,8
600052,浙江广厦,2011-09-30,1,1360.9600,1.56,0.0000,1.56,1
600053,中江地产,2011-09-30,2,460.0450,1.06,309.6270,0.35,1
600054,黄山旅游,2011-09-30,5,3006.7200,6.38,256.6740,5.83,4
600055,华润万东,2011-09-30,4,2073.0220,9.58,196.5782,8.67,5
600056,中国医药,2011-09-30,6,2549.0040,8.20,1530.8430,3.27,3
600058,五矿发展,2011-09-30,4,1094.5870,1.02,-373.2637,1.37,4
600059,古越龙山,2011-09-30,3,2280.3280,3.59,2280.3280,0.00,0
600060,海信电器,2011-09-30,6,6838.9290,7.87,1182.9110,6.53,6
600061,中纺投资,2011-09-30,1,2050.8800,4.78,149.9600,4.43,2
600062,华润双鹤,2011-09-30,7,7595.6260,13.29,1142.8370,11.29,6
600063,皖维高新,2011-09-30,4,4002.7180,4.28,802.6740,6.84,3
600064,南京高科,2011-09-30,4,1839.1500,3.56,-926.7600,5.36,5
600066,宇通客车,2011-09-30,7,7462.5680,14.35,-10.0170,14.37,7
600067,冠城大通,2011-09-30,6,5512.7040,7.50,-2128.1680,10.39,7
600068,葛洲坝,2011-09-30,4,7337.6200,2.10,-2618.7500,2.85,5
600069,银鸽投资,2011-09-30,1,249.9980,0.30,249.9980,0.00,0
600071,凤凰光学,2011-09-30,1,99.3199,0.42,-159.3651,1.09,1
600072,中船股份,2011-09-30,3,1654.9914,3.46,-169.0296,3.81,4
600075,新疆天业,2011-09-30,4,740.5740,1.69,-211.8424,2.17,3
600079,人福医药,2011-09-30,6,4221.8190,8.56,-1148.5110,10.88,6
600085,同仁堂,2011-09-30,7,6285.1400,4.83,3238.3380,5.85,7
600086,东方金钰,2011-09-30,4,3691.9370,10.48,-36.3200,10.58,4
600088,中视传媒,2011-09-30,5,1568.4300,4.73,1264.4430,0.92,1
600089,特变电工,2011-09-30,3,5402.9700,2.05,-3990.3500,3.56,4
600096,云天化,2011-09-30,6,1959.4330,2.82,562.9630,2.01,5
600098,广州发展,2011-09-30,5,3440.8020,1.67,-1746.6010,2.52,6
600099,林海股份,2011-09-30,1,429.5650,1.96,10.0000,1.91,1
600100,同方股份,2011-09-30,3,8418.2660,4.24,-992.1110,4.73,4
600101,明星电力,2011-09-30,5,2988.3790,9.22,237.5940,8.49,4
600104,上汽集团,2011-09-30,7,23233.0300,2.51,-2329.3400,2.77,7
600105,永鼎股份,2011-09-30,3,2717.8650,7.13,-21.6570,7.19,3
600106,重庆路桥,2011-09-30,6,2740.8060,6.04,2031.0210,1.56,3
600107,美尔雅,2011-09-30,5,2222.9880,6.17,-717.3560,8.17,5
600108,亚盛集团,2011-09-30,3,2629.2880,1.51,1897.2420,0.42,1
600109,国金证券,2011-09-30,2,320.9920,0.32,14.8580,0.31,2
600111,包钢稀土,2011-09-30,5,2918.2070,2.41,-318.6850,2.67,6
600115,东方航空,2011-09-30,1,2023.9400,0.18,-788.2000,0.25,1
600116,三峡水利,2011-09-30,2,187.9981,0.70,187.9981,0.00,0
600117,西宁特钢,2011-09-30,3,2116.3240,2.86,491.0620,2.19,3
600118,中国卫星,2011-09-30,5,5236.9150,7.43,902.3700,6.15,4
600119,长江投资,2011-09-30,1,148.3410,0.48,0.0000,0.48,1
600120,浙江东方,2011-09-30,2,453.1870,0.90,-402.6050,1.69,3
600121,郑州煤电,2011-09-30,1,205.0000,0.33,-517.5390,1.15,4
600123,兰花科创,2011-09-30,7,6917.6810,12.11,1028.9670,10.31,7
600125,铁龙物流,2011-09-30,5,13546.0900,10.38,1802.9500,8.99,5
600126,杭钢股份,2011-09-30,2,594.1880,0.71,127.9180,0.56,2
600127,金健米业,2011-09-30,2,230.8321,0.42,45.3690,0.34,2
600129,太极集团,2011-09-30,1,132.4360,0.31,132.4360,0.00,0
600131,岷江水电,2011-09-30,1,285.8230,0.57,85.8230,0.40,1
600132,重庆啤酒,2011-09-30,6,4125.1870,8.52,-161.0030,8.86,6
600133,东湖高新,2011-09-30,2,249.9820,0.50,0.0000,0.50,2
600135,乐凯胶片,2011-09-30,1,348.9270,1.02,-719.4480,3.12,3
600137,浪莎股份,2011-09-30,5,871.2710,8.96,206.9230,6.83,3
600138,中青旅,2011-09-30,3,4417.2400,10.63,87.2100,10.43,3
600139,西部资源,2011-09-30,3,1621.7170,4.41,-50.2520,5.04,3
600141,兴发集团,2011-09-30,5,3786.3530,10.36,-279.5180,11.12,5
600146,大元股份,2011-09-30,3,1170.0190,5.85,540.0220,3.15,2
600150,中国船舶,2011-09-30,3,1386.4500,1.31,309.6040,1.63,3
600151,航天机电,2011-09-30,5,840.3105,0.88,97.0645,0.78,4
600153,建发股份,2011-09-30,7,21724.7900,9.71,-2857.7100,10.99,8
600157,永泰能源,2011-09-30,6,5309.6650,9.35,1414.6910,6.86,5
600158,中体产业,2011-09-30,1,166.8550,0.20,-53.8410,0.26,1
600160,巨化股份,2011-09-30,4,1058.8262,1.20,-2985.7828,5.08,7
600161,天坛生物,2011-09-30,3,730.2760,1.42,224.2630,0.98,2
600162,香江控股,2011-09-30,4,1025.5250,1.34,225.5250,1.04,1
600163,福建南纸,2011-09-30,1,348.1260,0.48,-31.8740,0.53,1
600166,福田汽车,2011-09-30,2,12633.2800,5.99,-3991.8900,7.88,3
600168,武汉控股,2011-09-30,5,1869.2130,4.24,1418.1230,1.02,2
600169,太原重工,2011-09-30,3,1813.5700,1.12,946.3960,0.54,2
600170,上海建工,2011-09-30,6,1485.8390,1.28,-1348.9640,2.72,5
600171,上海贝岭,2011-09-30,1,133.2420,0.20,25.3900,0.16,1
600172,黄河旋风,2011-09-30,3,495.2140,1.58,215.6730,0.89,2
600173,卧龙地产,2011-09-30,3,4177.8097,5.76,-414.1203,6.33,2
600175,美都控股,2011-09-30,2,339.6110,0.27,51.5740,0.23,2
600176,中国玻纤,2011-09-30,7,5230.1330,8.99,521.4460,11.02,6
600177,雅戈尔,2011-09-30,1,3232.6200,1.45,3232.6200,0.00,0
600178,东安动力,2011-09-30,3,334.9467,0.72,-663.0603,2.16,4
600179,黑化股份,2011-09-30,1,244.3200,0.63,16.6900,0.58,1
600183,生益科技,2011-09-30,1,297.1900,0.27,8.8690,0.26,1
600185,格力地产,2011-09-30,2,3601.9700,6.24,-187.5520,6.56,4
600186,莲花味精,2011-09-30,2,880.3550,0.83,-1278.4350,2.03,2
600188,兖州煤业,2011-09-30,6,2968.4780,0.60,-485.9370,0.70,6
600189,吉林森工,2011-09-30,4,829.6923,2.67,629.6923,0.64,1
600190,锦州港,2011-09-30,1,610.7320,0.39,0.0000,0.39,1
600191,华资实业,2011-09-30,1,156.3910,0.32,50.8000,0.22,1
600193,创兴资源,2011-09-30,4,2910.7160,13.34,2454.2840,2.09,1
600195,中牧股份,2011-09-30,8,3363.4500,8.62,363.1340,7.69,6
600196,复星医药,2011-09-30,2,1818.3610,0.95,218.3610,0.84,2
600197,伊力特,2011-09-30,5,1536.6310,3.48,-841.4760,5.39,6
600198,大唐电信,2011-09-30,2,1189.1410,2.71,-266.1010,3.32,3
600199,金种子酒,2011-09-30,6,4506.5810,8.11,1161.7890,6.02,5
600202,哈空调,2011-09-30,2,589.6880,1.54,488.8520,0.26,2
600208,新湖中宝,2011-09-30,7,30633.9900,4.93,6779.4600,4.65,7
600210,紫江企业,2011-09-30,4,2127.5350,1.48,56.0040,1.44,3
600213,亚星客车,2011-09-30,1,463.5490,2.11,-47.6010,2.32,1
600215,长春经开,2011-09-30,2,1075.2330,2.31,0.0000,2.31,2
600216,浙江医药,2011-09-30,5,2784.8220,6.19,-169.0600,6.56,5
600218,全柴动力,2011-09-30,2,449.3550,1.59,-1057.6110,5.32,4
600219,南山铝业,2011-09-30,3,1757.0310,0.91,-1341.0020,1.60,5
600220,江苏阳光,2011-09-30,3,1431.1220,0.80,308.4930,0.63,2
600221,海南航空,2011-09-30,6,8250.3200,2.00,643.3850,1.84,5
600223,鲁商置业,2011-09-30,5,6407.7300,6.40,243.2020,6.16,5
600226,升华拜克,2011-09-30,2,1171.8370,2.89,-473.7950,4.06,3
600227,赤天化,2011-09-30,1,187.9460,0.20,-297.7660,0.51,3
600229,青岛碱业,2011-09-30,1,630.0370,1.59,-369.9630,2.53,1
600230,沧州大化,2011-09-30,1,50.6985,0.20,-16.4315,0.26,1
600231,凌钢股份,2011-09-30,2,4115.1560,5.12,-666.3290,5.95,5
600233,大杨创世,2011-09-30,6,1589.2860,9.63,767.4616,4.98,5
600236,桂冠电力,2011-09-30,4,3613.7750,1.58,-709.3450,1.90,5
600237,铜峰电子,2011-09-30,1,218.7980,0.55,18.7980,0.50,1
600238,海南椰岛,2011-09-30,3,1119.9400,2.50,1119.9400,0.00,0
600239,云南城投,2011-09-30,2,1300.0000,1.58,0.0000,1.58,2
600240,华业地产,2011-09-30,2,1699.0550,2.63,999.0550,1.09,1
600246,万通地产,2011-09-30,4,1670.3840,1.37,-750.3750,1.99,4
600252,中恒集团,2011-09-30,7,15466.4200,14.17,-2302.5920,16.28,9
600256,广汇能源,2011-09-30,5,13193.0600,6.78,-377.6500,6.97,5
600257,大湖股份,2011-09-30,3,1772.9320,4.15,-1015.7830,6.53,4
600258,首旅酒店,2011-09-30,3,1298.0420,5.61,924.6970,1.61,2
600260,凯乐科技,2011-09-30,3,748.1340,1.42,-1128.7600,3.56,3
600261,阳光照明,2011-09-30,7,4779.6540,12.76,1171.1270,9.63,6
600262,北方股份,2011-09-30,5,1500.5300,8.83,909.0760,3.48,3
600265,*ST景谷,2011-09-30,1,43.9900,0.34,43.9900,0.00,0
600266,北京城建,2011-09-30,9,13774.9610,15.49,2698.8730,12.46,8
600267,海正药业,2011-09-30,7,7112.1680,13.55,64.6610,13.43,7
600268,国电南自,2011-09-30,2,453.6850,0.71,-708.2380,1.83,4
600269,赣粤高速,2011-09-30,4,4189.1860,1.79,-795.3810,2.13,5
600270,外运发展,2011-09-30,1,200.0000,0.22,-721.9700,1.02,2
600276,恒瑞医药,2011-09-30,5,5137.0940,4.57,692.3110,3.95,4
600277,亿利能源,2011-09-30,1,349.9940,0.39,0.0000,0.39,1
600278,东方创业,2011-09-30,1,66.7666,0.17,0.0000,0.17,1
600279,重庆港九,2011-09-30,1,68.2800,0.20,-31.7200,0.29,1
600280,中央商场,2011-09-30,4,1844.4890,12.85,130.9430,11.94,4
600281,太化股份,2011-09-30,1,223.9120,0.44,0.0000,0.44,1
600282,南钢股份,2011-09-30,2,785.3080,0.20,569.4580,0.06,1
600283,钱江水利,2011-09-30,5,1800.6410,6.31,975.8000,2.89,3
600285,羚锐制药,2011-09-30,3,485.7940,2.42,485.7940,0.00,0
600287,江苏舜天,2011-09-30,3,1068.7340,2.45,-190.1850,2.88,2
600288,大恒科技,2011-09-30,2,391.3530,0.90,-339.8210,1.67,4
600290,华仪电气,2011-09-30,4,1510.6800,2.87,-5066.7890,12.48,7
600291,西水股份,2011-09-30,1,1547.6000,4.03,697.6000,2.21,1
600292,中电远达,2011-09-30,5,2187.5780,4.27,-406.5680,7.76,5
600298,安琪酵母,2011-09-30,8,2983.3470,9.05,-770.9060,12.27,8
600299,蓝星新材,2011-09-30,1,139.9920,0.27,139.9920,0.00,0
600300,维维股份,2011-09-30,6,4601.4660,2.75,3190.7760,0.84,4
600302,标准股份,2011-09-30,2,242.6250,0.70,-816.8540,3.06,3
600303,曙光股份,2011-09-30,6,6361.2120,11.07,-3387.8980,16.97,9
600305,恒顺醋业,2011-09-30,2,990.7250,7.79,-161.7380,9.06,4
600306,商业城,2011-09-30,1,494.7970,2.78,-5.1600,2.81,1
600307,酒钢宏兴,2011-09-30,4,3341.8310,0.82,1328.8390,0.49,3
600308,华泰股份,2011-09-30,2,420.5950,0.36,323.0268,0.15,1
600309,万华化学,2011-09-30,6,13511.8100,6.25,-950.9100,6.69,6
600310,桂东电力,2011-09-30,4,3046.2790,11.04,1427.2230,5.87,3
600311,荣华实业,2011-09-30,2,370.6360,0.56,123.1780,0.37,1
600312,平高电气,2011-09-30,3,1874.7820,2.29,-1547.5130,4.18,4
600315,上海家化,2011-09-30,7,6462.3270,15.28,-156.5060,15.65,7
600316,洪都航空,2011-09-30,4,3244.8520,4.52,328.2670,4.07,5
600317,营口港,2011-09-30,1,135.6510,0.12,-70.5700,0.19,2
600318,巢东股份,2011-09-30,7,2833.6970,11.71,-204.9690,12.56,7
600319,*ST亚星,2011-09-30,1,95.9263,0.30,-4.0737,0.32,1
600322,天房发展,2011-09-30,2,1500.0000,1.36,-3279.3320,4.32,5
600323,南海发展,2011-09-30,3,1744.3970,5.36,906.9380,3.09,2
600326,西藏天路,2011-09-30,2,903.8890,1.65,-142.2750,1.91,2
600327,大东方,2011-09-30,7,9667.0320,18.53,-1500.4450,21.41,7
600328,兰太实业,2011-09-30,1,119.9940,0.33,119.9940,0.00,0
600329,中新药业,2011-09-30,1,448.8110,0.61,-588.8800,1.40,2
600331,宏达股份,2011-09-30,6,6225.0220,6.03,114.1620,5.92,4
600332,白云山,2011-09-30,1,437.9900,0.54,-538.1610,1.20,4
600333,长春燃气,2011-09-30,2,217.4620,0.47,217.4620,0.00,0
600335,国机汽车,2011-09-30,5,3064.7150,5.47,389.3870,9.69,5
600336,澳柯玛,2011-09-30,1,312.5650,0.92,9.8900,0.89,1
600337,美克股份,2011-09-30,6,5548.2160,8.77,1755.0850,6.00,4
600339,天利高新,2011-09-30,4,1775.3880,3.07,-143.6120,3.32,4
600346,大橡塑,2011-09-30,3,258.2179,1.23,-15.8261,1.30,1
600350,山东高速,2011-09-30,3,1001.2800,0.21,617.0580,0.11,1
600351,亚宝药业,2011-09-30,2,298.9210,0.47,-89.3640,0.61,3
600359,新农开发,2011-09-30,2,92.2907,0.29,92.2907,0.00,0
600360,华微电子,2011-09-30,2,453.8150,0.67,-653.1080,1.63,2
600361,华联综超,2011-09-30,4,5132.8650,7.71,-1464.3640,9.91,5
600362,江西铜业,2011-09-30,5,4206.5930,1.21,-323.8760,1.31,6
600363,联创光电,2011-09-30,3,2370.0380,6.39,462.7640,5.14,2
600365,通葡股份,2011-09-30,1,130.9210,0.94,-536.7420,4.77,3
600366,宁波韵升,2011-09-30,7,5430.1340,10.55,3134.7500,4.46,5
600367,红星发展,2011-09-30,2,890.3580,3.06,510.3580,1.30,1
600371,万向德农,2011-09-30,1,102.3540,0.60,102.3540,0.00,0
600373,中文传媒,2011-09-30,7,3521.8750,6.21,-982.1300,7.94,8
600376,首开股份,2011-09-30,3,5085.4300,3.40,-160.7500,3.51,3
600377,宁沪高速,2011-09-30,1,1092.6000,0.22,0.0000,0.22,1
600378,天科股份,2011-09-30,2,739.1680,2.74,4.5050,2.72,2
600380,健康元,2011-09-30,4,938.1750,0.73,-37.2500,0.76,4
600382,广东明珠,2011-09-30,5,2404.8640,7.04,155.7470,6.58,4
600383,金地集团,2011-09-30,3,19971.9100,4.47,1673.2400,4.09,3
600386,北巴传媒,2011-09-30,3,1478.3180,3.67,12.1930,3.64,3
600388,龙净环保,2011-09-30,5,1786.3560,8.35,538.8830,5.83,3
600391,成发科技,2011-09-30,1,32.3300,0.18,-49.6722,0.45,2
600395,盘江股份,2011-09-30,4,1984.4860,1.80,-556.8020,2.30,6
600396,金山股份,2011-09-30,1,249.9910,0.73,249.9910,0.00,0
600397,安源煤业,2011-09-30,1,485.1190,1.80,-130.0000,2.28,2
600399,抚顺特钢,2011-09-30,1,200.0000,0.38,-422.4540,1.20,2
600400,红豆股份,2011-09-30,1,119.7140,0.21,19.7140,0.18,1
600415,小商品城,2011-09-30,5,9492.5400,3.49,-516.0600,3.68,5
600416,湘电股份,2011-09-30,4,2625.2590,4.31,-4129.5310,11.10,6
600418,江淮汽车,2011-09-30,6,12457.0690,9.67,-974.2110,10.42,6
600422,昆明制药,2011-09-30,5,3204.7350,10.20,1486.5320,5.47,3
600426,华鲁恒升,2011-09-30,5,5904.3460,6.19,2148.8070,5.91,5
600428,中远航运,2011-09-30,5,8817.0360,5.22,-1343.6940,6.01,6
600456,宝钛股份,2011-09-30,7,3024.9100,7.03,605.5890,5.62,7
600458,时代新材,2011-09-30,1,1116.0000,2.16,-1435.7890,4.93,3
600468,百利电气,2011-09-30,5,2882.2400,6.32,962.1600,5.05,4
600486,扬农化工,2011-09-30,5,1345.9660,7.82,-741.0170,12.12,7
600488,天药股份,2011-09-30,3,1747.0910,3.22,110.3500,3.01,3
600496,精工钢构,2011-09-30,4,4094.0840,7.05,-441.8570,7.81,5
600498,烽火通信,2011-09-30,7,5029.1750,11.37,826.0100,9.50,7
600499,科达机电,2011-09-30,5,3878.9850,6.39,-752.7830,7.63,5
600500,中化国际,2011-09-30,1,390.3020,0.27,11.6430,0.26,1
600501,航天晨光,2011-09-30,1,57.7354,0.15,57.7354,0.00,0
600508,上海能源,2011-09-30,4,788.0711,1.09,292.8381,0.69,3
600509,天富热电,2011-09-30,4,1557.9775,2.38,1329.2580,0.35,2
600510,黑牡丹,2011-09-30,2,2391.3500,3.01,0.0000,3.01,2
600511,国药股份,2011-09-30,5,4840.1490,10.11,985.0840,8.05,5
600516,方大炭素,2011-09-30,3,990.0470,0.77,-896.2270,1.47,4
600518,康美药业,2011-09-30,4,16614.9300,7.56,1312.8200,6.96,4
600519,贵州茅台,2011-09-30,4,2491.0150,2.40,-91.0080,2.74,5
600520,中发科技,2011-09-30,1,226.2240,2.00,226.2240,0.00,0
600522,中天科技,2011-09-30,2,968.6430,2.47,-1919.6300,9.00,7
600523,贵航股份,2011-09-30,2,264.9980,0.92,-531.0710,2.76,4
600525,长园集团,2011-09-30,2,955.5260,1.11,-1045.7940,2.32,2
600528,中铁二局,2011-09-30,5,2046.4470,1.40,1163.4830,0.61,3
600529,山东药玻,2011-09-30,5,2692.9490,10.46,1380.4410,5.10,2
600531,豫光金铅,2011-09-30,4,409.8411,1.39,343.2696,0.23,2
600533,栖霞建设,2011-09-30,2,3720.0000,3.54,-2639.2930,6.06,5
600535,天士力,2011-09-30,6,3137.5360,6.08,350.8660,5.40,5
600549,厦门钨业,2011-09-30,3,1535.1380,2.25,-16.7630,2.28,5
600550,天威保变,2011-09-30,2,621.6000,0.45,11.1140,0.44,2
600552,方兴科技,2011-09-30,2,323.7600,2.77,323.7600,0.00,0
600557,康缘药业,2011-09-30,6,5006.3180,11.83,-337.6460,12.63,7
600559,老白干酒,2011-09-30,7,1968.4170,14.06,-449.6510,17.27,8
600560,金自天正,2011-09-30,3,784.9080,5.26,542.4740,1.63,1
600561,江西长运,2011-09-30,1,133.5480,0.72,0.0000,0.72,1
600563,法拉电子,2011-09-30,5,1618.0350,7.19,-1225.4980,12.64,8
600569,安阳钢铁,2011-09-30,1,331.5780,0.14,-5719.4900,2.53,2
600571,信雅达,2011-09-30,2,431.9790,2.22,-54.9860,2.50,2
600577,精达股份,2011-09-30,2,1348.2270,3.74,1122.2340,0.77,2
600578,京能电力,2011-09-30,5,3267.3530,4.15,469.8710,4.26,5
600580,卧龙电气,2011-09-30,1,1350.0700,1.96,-858.6600,3.21,2
600581,八一钢铁,2011-09-30,5,4356.8230,5.68,-1079.7670,7.09,6
600582,天地科技,2011-09-30,5,7534.9800,7.45,-1065.1790,8.50,6
600583,海油工程,2011-09-30,5,12575.6300,3.23,2000.3400,2.72,4
600585,海螺水泥,2011-09-30,6,17851.7900,3.37,338.4100,3.30,6
600586,金晶科技,2011-09-30,4,784.1670,0.55,177.8450,0.43,2
600587,新华医疗,2011-09-30,6,2048.9410,15.25,9.3160,15.18,6
600588,用友软件,2011-09-30,2,2828.8300,3.47,-1787.3800,5.66,3
600590,泰豪科技,2011-09-30,1,159.8350,0.35,0.0000,0.35,1
600592,龙溪股份,2011-09-30,4,2230.6940,7.44,147.4550,6.94,4
600595,中孚实业,2011-09-30,6,4493.1200,2.97,2082.8960,1.59,6
600596,新安股份,2011-09-30,3,4034.6410,5.94,1925.7000,3.11,2
600597,光明乳业,2011-09-30,4,5669.2800,5.40,3322.1190,2.24,4
600598,北大荒,2011-09-30,5,8539.8460,4.80,740.7980,4.39,5
600600,青岛啤酒,2011-09-30,2,1220.9890,0.90,-652.0390,1.39,3
600601,方正科技,2011-09-30,2,930.5850,0.42,491.4250,0.20,1
600602,仪电电子,2011-09-30,1,130.4490,0.11,130.4490,0.00,0
600612,老凤祥,2011-09-30,4,2320.9470,5.32,808.9030,4.51,4
600616,金枫酒业,2011-09-30,1,355.1760,0.81,73.5190,0.64,1
600628,新世界,2011-09-30,2,939.6230,1.77,-661.7030,3.01,2
600633,浙报传媒,2011-09-30,1,97.4305,0.23,97.4305,0.00,0
600635,大众公用,2011-09-30,5,2336.5690,1.42,865.0100,0.89,3
600636,三爱富,2011-09-30,3,1290.8520,3.72,-1823.0690,8.97,6
600637,百视通,2011-09-30,2,662.1860,0.93,-176.9470,1.18,3
600639,浦东金桥,2011-09-30,4,1565.3090,1.69,678.6340,0.95,3
600640,号百控股,2011-09-30,1,150.0000,0.37,0.0000,0.37,1
600642,申能股份,2011-09-30,2,5029.7200,1.06,-363.3800,1.14,2
600644,乐山电力,2011-09-30,1,56.4903,0.17,-152.7657,0.64,2
600649,城投控股,2011-09-30,1,623.9240,0.27,-405.3950,0.45,2
600651,飞乐音响,2011-09-30,2,2330.9940,3.78,0.0000,3.78,2
600653,申华控股,2011-09-30,2,740.4150,0.42,84.1550,0.38,2
600654,飞乐股份,2011-09-30,1,186.6420,0.25,186.6420,0.00,0
600655,豫园商城,2011-09-30,1,2137.8300,1.49,131.6300,1.40,1
600657,信达地产,2011-09-30,2,2700.0160,1.77,0.0000,1.77,3
600658,电子城,2011-09-30,4,1587.4340,2.74,-23.8740,2.78,4
600660,福耀玻璃,2011-09-30,4,9805.3100,4.90,-1412.7700,5.60,5
600664,哈药股份,2011-09-30,3,8328.3600,5.16,-1226.3490,7.69,4
600665,天地源,2011-09-30,1,3510.1700,4.87,-15.0482,4.90,2
600667,太极实业,2011-09-30,1,1305.3000,2.78,-654.3860,4.18,3
600673,东阳光铝,2011-09-30,5,3050.7690,3.69,-292.2180,4.04,6
600674,川投能源,2011-09-30,3,1102.6170,1.18,89.9050,1.09,4
600675,中华企业,2011-09-30,4,7986.6010,5.65,901.1360,5.01,4
600676,交运股份,2011-09-30,2,393.6120,0.54,20.6698,0.51,2
600677,航天通信,2011-09-30,1,62.0000,0.19,-267.8860,1.01,1
600679,金山开发,2011-09-30,1,98.0021,0.28,98.0021,0.00,0
600682,南京新百,2011-09-30,2,1207.1780,3.37,-5.1060,3.38,2
600683,京投银泰,2011-09-30,3,1721.2710,2.32,-689.7220,3.25,6
600684,珠江实业,2011-09-30,1,431.1070,1.77,-196.1900,3.35,3
600685,广船国际,2011-09-30,2,1464.5150,2.28,-351.0310,3.67,3
600686,金龙汽车,2011-09-30,4,5921.5380,13.38,206.0370,12.91,4
600688,上海石化,2011-09-30,6,10954.8630,1.52,-1328.6920,1.71,7
600689,上海三毛,2011-09-30,1,100.0000,0.50,0.0000,0.50,1
600690,青岛海尔,2011-09-30,7,23393.4100,8.73,13118.4600,7.67,6
600693,东百集团,2011-09-30,5,2829.2300,8.24,-1241.9300,11.86,6
600694,大商股份,2011-09-30,6,4612.9460,15.71,845.4190,12.83,6
600697,欧亚集团,2011-09-30,6,2540.4660,15.97,420.3500,13.33,5
600702,沱牌舍得,2011-09-30,7,3853.6420,11.42,1652.8870,6.52,6
600703,三安光电,2011-09-30,3,7925.2230,5.49,-1971.4600,6.85,6
600704,物产中大,2011-09-30,3,1235.7560,1.88,363.3960,1.99,3
600706,曲江文旅,2011-09-30,2,480.6380,5.50,90.4010,4.47,2
600708,海博股份,2011-09-30,2,546.5746,1.07,-166.1344,1.40,3
600712,南宁百货,2011-09-30,3,818.6920,3.14,18.6990,3.07,3
600713,南京医药,2011-09-30,5,3686.8160,5.32,1252.5490,7.02,6
600717,天津港,2011-09-30,3,3954.9120,2.36,-650.4210,2.75,5
600718,东软集团,2011-09-30,1,1300.0000,1.06,1300.0000,0.00,0
600720,祁连山,2011-09-30,5,2063.8930,4.35,-635.5460,5.68,4
600723,首商股份,2011-09-30,8,5050.2920,7.67,1943.1990,4.72,6
600724,宁波富达,2011-09-30,3,2804.2020,1.94,1649.2620,0.80,1
600725,云维股份,2011-09-30,2,253.3496,0.41,-1020.6784,2.07,3
600726,华电能源,2011-09-30,1,501.5290,0.26,-98.4650,0.31,1
600727,鲁北化工,2011-09-30,1,799.9660,2.28,799.9660,0.00,0
600729,重庆百货,2011-09-30,6,2804.3600,7.52,529.9360,6.10,5
600736,苏州高新,2011-09-30,1,156.9030,0.15,-4957.9060,4.83,2
600737,中粮屯河,2011-09-30,5,3219.9990,3.20,-586.7500,3.79,6
600739,辽宁成大,2011-09-30,6,11806.3900,8.65,3018.5030,9.66,6
600741,华域汽车,2011-09-30,6,14510.1100,5.62,-7.0700,5.62,6
600742,一汽富维,2011-09-30,5,2482.7880,11.74,-1063.5690,16.77,7
600744,华银电力,2011-09-30,1,1529.9900,2.15,203.3200,1.86,1
600747,大连控股,2011-09-30,1,703.5060,0.66,703.5060,0.00,0
600748,上实发展,2011-09-30,3,436.2110,0.40,142.8720,0.27,2
600749,西藏旅游,2011-09-30,4,1657.3740,8.76,545.1720,5.88,3
600750,江中药业,2011-09-30,7,4177.6720,13.43,-121.8890,13.82,8
600892,宝诚股份,2011-09-30,1,253.8860,4.02,-3.0000,4.07,1
600893,航空动力,2011-09-30,2,2648.3500,2.43,1839.8890,0.74,1
600894,广日股份,2011-09-30,1,2107.2800,2.76,-245.9270,3.09,2
600895,张江高科,2011-09-30,7,7963.9620,5.14,996.4670,4.50,5
600896,中海海盛,2011-09-30,2,235.0510,0.40,114.9550,0.21,1
600897,厦门空港,2011-09-30,2,175.9613,0.59,-260.8090,1.47,4
600295,鄂尔多斯,2011-09-30,2,1202.3390,1.17,651.4300,0.53,1
600320,振华重工,2011-09-30,2,2058.8820,0.47,1128.4650,0.21,1
000001,平安银行,2011-09-30,3,9638.5200,1.88,3278.1300,1.83,2
000002,万科A,2011-09-30,4,44012.6600,4.00,1995.9200,3.82,4
000004,国农科技,2011-09-30,1,65.9940,0.79,65.9940,0.00,0
000006,深振业A,2011-09-30,1,1133.5100,1.15,-808.4370,1.96,3
000009,中国宝安,2011-09-30,7,13314.1900,12.21,1370.8000,10.95,7
000012,南玻A,2011-09-30,5,15424.9300,7.43,5197.3300,4.93,4
000014,沙河股份,2011-09-30,2,630.0270,3.12,380.0270,1.24,1
000016,深康佳A,2011-09-30,1,1600.0000,1.33,-2160.9300,3.12,1
000021,长城开发,2011-09-30,5,5300.5460,4.02,-938.0880,4.73,5
000023,深天地A,2011-09-30,1,82.9211,0.60,53.6211,0.21,1
000024,招商地产,2011-09-30,5,8046.0800,4.69,-3303.2800,6.61,6
000025,特力A,2011-09-30,1,79.3871,0.36,34.5520,0.20,1
000026,飞亚达A,2011-09-30,5,3679.7770,9.37,1019.2040,6.77,3
000027,深圳能源,2011-09-30,6,4563.9560,1.73,780.9550,1.43,5
000028,国药一致,2011-09-30,8,4975.5250,17.27,204.6060,16.56,8
000031,中粮地产,2011-09-30,9,12702.1500,7.00,525.8840,6.71,9
000036,华联控股,2011-09-30,1,299.9930,0.27,0.0000,0.27,1
000039,中集集团,2011-09-30,2,2583.7500,0.97,-1279.2900,1.45,3
000040,宝安地产,2011-09-30,1,136.6570,0.29,136.6570,0.00,0
000043,中航地产,2011-09-30,3,1163.8220,3.49,293.4890,2.61,3
000046,泛海建设,2011-09-30,2,6506.4400,1.43,2369.2400,1.82,3
000049,德赛电池,2011-09-30,3,239.1759,1.75,239.1759,0.00,0
000050,深天马A,2011-09-30,5,3916.9660,6.82,744.9420,5.52,3
000059,辽通化工,2011-09-30,6,3527.2460,2.94,288.0260,2.70,5
000060,中金岭南,2011-09-30,7,8075.6500,3.91,850.3090,3.50,7
000061,农产品,2011-09-30,4,8249.0600,10.73,-797.5950,11.77,7
000062,深圳华强,2011-09-30,2,797.3480,1.20,248.4650,0.82,1
000063,中兴通讯,2011-09-30,3,6420.6000,1.87,90.6600,2.21,3
000065,北方国际,2011-09-30,1,81.0966,0.50,81.0966,0.00,0
000066,长城电脑,2011-09-30,3,976.0960,0.74,519.5210,0.34,2
000069,华侨城A,2011-09-30,6,21601.7300,3.86,2048.4400,3.50,6
000078,海王生物,2011-09-30,2,221.3187,0.34,25.1524,0.30,2
000088,盐田港,2011-09-30,1,147.7240,0.10,147.7240,0.00,0
000089,深圳机场,2011-09-30,2,3490.3190,2.06,-283.7270,2.23,3
000090,深天健,2011-09-30,3,1515.6300,3.32,-194.3600,3.74,4
000096,广聚能源,2011-09-30,2,188.6300,0.36,88.6300,0.19,1
000099,中信海直,2011-09-30,3,995.1918,1.94,547.0178,0.87,3
000159,国际实业,2011-09-30,2,159.6656,0.33,159.6656,0.00,0
000301,东方市场,2011-09-30,1,210.7950,0.17,210.7950,0.00,0
000400,许继电气,2011-09-30,8,5008.4410,13.24,320.8510,12.39,8
000401,冀东水泥,2011-09-30,7,11808.7230,9.74,1436.3120,8.55,6
000402,金融街,2011-09-30,3,9383.4400,3.10,574.0500,2.91,3
000404,华意压缩,2011-09-30,2,1300.9680,4.01,64.9910,3.81,2
000407,胜利股份,2011-09-30,1,491.1400,0.76,-976.1540,2.26,3
000410,沈阳机床,2011-09-30,3,831.7570,1.52,426.8890,0.74,1
000413,宝石A,2011-09-30,1,1023.6000,2.67,216.2690,2.11,1
000415,渤海租赁,2011-09-30,6,1878.7310,1.92,-2555.8910,4.54,7
000417,合肥百货,2011-09-30,7,6965.7560,13.40,68.0010,13.27,7
000418,小天鹅A,2011-09-30,6,7007.9930,11.08,-204.0220,11.40,6
000419,通程控股,2011-09-30,1,378.7850,0.84,-303.0020,1.51,2
000420,吉林化纤,2011-09-30,1,1150.0000,3.04,-200.0000,3.57,2
000422,湖北宜化,2011-09-30,7,5439.9530,10.03,-1522.0730,12.84,6
000423,东阿阿胶,2011-09-30,7,5094.3930,7.79,-2752.8590,12.00,8
000425,徐工机械,2011-09-30,7,6539.3150,3.17,-2462.5210,4.36,7
000426,兴业矿业,2011-09-30,4,1273.9200,3.35,-932.8450,5.80,5
600754,锦江股份,2011-09-30,6,3380.4300,5.60,1133.5430,3.72,4
600755,厦门国贸,2011-09-30,3,611.9140,0.46,223.8070,0.29,2
600760,*ST黑豹,2011-09-30,5,2252.4660,6.53,-412.7780,7.73,5
600761,安徽合力,2011-09-30,7,5899.0600,13.77,1414.9490,10.47,6
600763,通策医疗,2011-09-30,8,3313.5230,20.67,951.2620,14.73,6
600765,中航重机,2011-09-30,4,4016.2600,5.16,24.8890,5.13,5
600768,宁波富邦,2011-09-30,1,77.7400,0.58,44.7100,0.25,1
600770,综艺股份,2011-09-30,5,9468.7430,12.86,261.2810,12.50,6
600773,西藏城投,2011-09-30,1,280.9920,0.49,166.0130,0.20,1
600776,东方通信,2011-09-30,3,1928.4200,1.54,-222.8890,1.71,4
600778,友好集团,2011-09-30,7,5432.5090,17.44,920.9320,14.48,6
600779,水井坊,2011-09-30,5,1222.7120,2.50,734.3580,1.00,3
600780,通宝能源,2011-09-30,1,1650.1200,1.44,200.0700,1.26,2
600782,新钢股份,2011-09-30,4,1773.2190,1.27,-160.7070,1.39,4
600784,鲁银投资,2011-09-30,1,113.6780,0.46,113.6780,0.00,0
600785,新华百货,2011-09-30,7,4574.9400,22.06,152.9710,21.32,7
600787,中储股份,2011-09-30,4,8923.0710,10.62,1366.5630,8.99,4
600789,鲁抗医药,2011-09-30,1,100.6340,0.17,19.1799,0.14,1
600790,轻纺城,2011-09-30,3,1792.4280,2.90,0.0000,2.90,3
600795,国电电力,2011-09-30,2,14370.6500,0.93,-2430.1400,1.09,2
600797,浙大网新,2011-09-30,2,356.9910,0.42,188.5210,0.20,1
600798,宁波海运,2011-09-30,1,356.5930,0.41,109.6530,0.28,1
600801,华新水泥,2011-09-30,4,3813.2250,4.72,889.8260,3.62,3
600802,福建水泥,2011-09-30,2,1318.9860,3.45,518.9940,2.09,2
600803,威远生化,2011-09-30,1,396.3870,1.27,25.3470,1.19,1
600804,鹏博士,2011-09-30,1,2299.9800,1.72,2299.9800,0.00,0
600805,悦达投资,2011-09-30,7,8388.5320,11.83,-372.8940,12.36,8
600806,昆明机床,2011-09-30,1,57.8670,0.11,-132.1260,0.36,1
600808,马钢股份,2011-09-30,4,10959.5200,1.42,-6379.0400,2.25,5
600809,山西汾酒,2011-09-30,8,3213.2900,7.42,872.3950,5.41,6
600810,神马股份,2011-09-30,1,1060.0000,2.40,-48.2900,2.51,1
600811,东方集团,2011-09-30,5,6020.0160,3.61,1987.9590,2.42,4
600812,华北制药,2011-09-30,7,7937.2940,7.72,1763.7840,6.00,3
600814,杭州解百,2011-09-30,3,1203.8660,3.88,0.0000,3.88,3
600815,厦工股份,2011-09-30,5,8267.8510,10.60,1864.3670,8.21,4
600816,安信信托,2011-09-30,3,970.6840,2.14,-186.3860,2.55,3
600819,耀皮玻璃,2011-09-30,1,1660.9700,2.27,-605.0260,3.10,2
600821,津劝业,2011-09-30,2,1189.8030,2.86,-144.9420,3.21,2
600823,世茂股份,2011-09-30,5,7582.9560,6.48,987.8150,5.63,5
600824,益民集团,2011-09-30,1,126.6540,0.17,-29.4100,0.21,1
600827,友谊股份,2011-09-30,4,7208.8500,4.19,4914.9960,4.86,3
600828,成商集团,2011-09-30,7,4435.7850,10.11,-53.9950,10.23,5
600829,三精制药,2011-09-30,1,200.1490,0.35,200.1490,0.00,0
600830,香溢融通,2011-09-30,3,2256.7280,4.97,-526.5580,6.13,4
600831,广电网络,2011-09-30,5,4253.3560,7.55,-1113.9240,9.53,7
600832,东方明珠,2011-09-30,1,865.0870,0.27,25.7980,0.26,1
600835,上海机电,2011-09-30,6,4728.0410,4.62,-259.6950,4.88,7
600836,界龙实业,2011-09-30,3,173.7534,0.55,12.0958,0.52,3
600839,四川长虹,2011-09-30,6,19340.7100,4.19,9415.9600,2.79,4
600844,丹化科技,2011-09-30,3,2495.2600,3.20,718.8570,2.28,3
600846,同济科技,2011-09-30,3,308.6264,0.49,208.6244,0.16,1
601607,上海医药,2011-09-30,4,3540.2940,1.32,-19.9720,1.32,3
600850,华东电脑,2011-09-30,1,99.9943,0.58,-337.0430,2.56,3
600858,银座股份,2011-09-30,3,2193.2160,7.59,-41.4410,7.73,3
600859,王府井,2011-09-30,6,3730.7340,8.93,-59.3770,9.08,6
600861,北京城乡,2011-09-30,4,1327.7040,4.19,970.5560,1.13,2
600863,内蒙华电,2011-09-30,3,3849.2740,1.94,1740.6690,1.06,3
600865,百大集团,2011-09-30,2,1796.8350,4.78,1796.8350,0.00,0
600867,通化东宝,2011-09-30,3,2150.1100,2.77,1052.8910,1.41,3
600869,远东电缆,2011-09-30,2,910.7110,2.13,-649.2950,3.65,3
600870,厦华电子,2011-09-30,2,1534.9590,4.14,474.9590,2.86,1
600871,仪征化纤,2011-09-30,1,3350.3300,0.84,-59.4690,0.85,2
600872,中炬高新,2011-09-30,5,2138.0300,2.68,1569.4090,0.71,3
600874,创业环保,2011-09-30,1,229.5150,0.16,-2.3200,0.16,1
600875,东方电气,2011-09-30,4,3041.0770,1.52,878.9630,1.08,4
600879,航天电子,2011-09-30,3,3121.3500,3.85,375.0420,3.39,4
600880,博瑞传播,2011-09-30,5,5475.6700,8.76,-820.3400,10.07,5
600881,亚泰集团,2011-09-30,5,14155.5410,7.47,-5071.1010,10.15,6
600882,华联矿业,2011-09-30,4,914.6920,4.28,764.7010,0.70,1
600884,杉杉股份,2011-09-30,3,576.2980,1.40,576.2980,0.00,0
600886,国投电力,2011-09-30,4,8375.5370,4.19,820.5670,3.79,3
600887,伊利股份,2011-09-30,6,16686.0900,10.44,2619.4700,8.80,5
600888,新疆众和,2011-09-30,5,3484.6010,8.48,59.9760,9.73,5
600889,南京化纤,2011-09-30,5,1899.5430,6.19,960.9590,3.06,3
000430,张家界,2011-09-30,6,2618.8140,8.16,1506.7610,3.47,3
000501,鄂武商A,2011-09-30,3,3985.2430,7.86,-147.6470,8.15,3
000503,海虹控股,2011-09-30,5,3598.4770,4.00,135.1900,3.85,6
000507,珠海港,2011-09-30,1,400.0000,1.16,-474.4900,2.53,3
000511,银基发展,2011-09-30,5,1901.5880,1.65,1554.4210,0.30,2
000513,丽珠集团,2011-09-30,5,2817.8110,9.53,-26.1240,9.62,5
000514,渝开发,2011-09-30,3,2450.8530,3.51,-172.2920,3.76,4
000516,开元投资,2011-09-30,5,3538.8540,4.96,1102.8690,3.41,2
000517,荣安地产,2011-09-30,1,124.8200,0.12,-77.3480,0.19,1
000519,江南红箭,2011-09-30,3,570.1920,2.98,62.9920,2.65,2
000520,*ST凤凰,2011-09-30,2,303.0420,0.45,-208.9620,0.76,2
000525,红太阳,2011-09-30,3,2788.7000,5.50,635.1620,7.68,2
000528,柳工,2011-09-30,8,9766.3380,8.68,-561.8570,9.18,8
000530,大冷股份,2011-09-30,5,3134.5960,8.96,1499.4270,4.67,3
000531,穗恒运A,2011-09-30,1,149.9920,0.44,-196.3880,1.01,2
000534,万泽股份,2011-09-30,1,579.9680,2.27,-89.9230,2.63,2
000536,华映科技,2011-09-30,2,1872.4800,2.67,6.0310,2.66,2
000537,广宇发展,2011-09-30,5,5735.0180,11.19,-215.1130,11.61,6
000538,云南白药,2011-09-30,5,3885.9640,5.60,619.9600,4.70,4
000539,粤电力A,2011-09-30,2,2646.8800,0.95,0.0000,0.95,2
000540,中天城投,2011-09-30,5,4333.6740,3.39,-2193.2530,7.15,7
000541,佛山照明,2011-09-30,3,2025.5740,2.07,-268.5530,2.34,4
000543,皖能电力,2011-09-30,3,854.0790,1.10,-425.9210,1.66,3
000546,光华控股,2011-09-30,2,192.9386,1.14,92.0776,0.60,1
000547,闽福发A,2011-09-30,2,3877.4100,6.27,2669.5750,3.91,2
000550,江铃汽车,2011-09-30,3,2482.8230,2.88,-0.9470,2.88,3
000551,创元科技,2011-09-30,4,1309.9840,4.91,203.6300,4.15,3
000554,泰山石油,2011-09-30,1,1054.4100,2.19,559.5070,1.03,1
000558,莱茵置业,2011-09-30,2,1206.8020,1.91,1206.8020,0.00,0
000559,万向钱潮,2011-09-30,6,14154.9230,8.88,349.8860,8.66,6
000560,昆百大A,2011-09-30,3,870.1390,6.47,50.1460,6.10,3
000561,烽火电子,2011-09-30,2,1489.9930,2.50,-742.3210,3.75,4
000562,宏源证券,2011-09-30,5,3626.8970,2.48,131.6840,2.39,5
000563,陕国投A,2011-09-30,2,355.0000,0.99,260.1538,0.26,1
000566,海南海药,2011-09-30,7,4458.5080,18.01,766.2490,17.35,6
000568,泸州老窖,2011-09-30,8,9625.7840,6.90,1491.4150,5.83,7
000571,新大洲A,2011-09-30,2,331.9400,0.45,331.9400,0.00,0
000572,海马汽车,2011-09-30,1,121.9650,0.07,121.9650,0.00,0
000581,威孚高科,2011-09-30,5,5571.6240,9.82,-255.4940,10.27,5
000590,紫光古汉,2011-09-30,5,1510.5470,7.44,97.4660,6.96,5
000593,大通燃气,2011-09-30,2,166.5400,0.75,166.5400,0.00,0
000596,古井贡酒,2011-09-30,3,804.2360,3.19,-428.9390,5.25,4
000597,东北制药,2011-09-30,8,2530.4870,7.58,-1714.9220,12.72,8
000598,兴蓉投资,2011-09-30,7,7698.9700,6.67,2946.8950,8.24,7
000599,青岛双星,2011-09-30,2,617.1240,1.18,-117.3950,1.40,2
000600,建投能源,2011-09-30,3,1025.7830,1.12,299.9930,0.79,2
000601,韶能股份,2011-09-30,2,628.7900,0.68,228.7900,0.43,1
000607,华智控股,2011-09-30,1,544.4860,1.12,0.0000,1.12,1
000608,阳光股份,2011-09-30,1,321.9720,0.43,0.0000,0.43,1
000609,绵世股份,2011-09-30,3,1072.4920,3.60,-856.5880,6.47,4
000610,西安旅游,2011-09-30,1,300.1200,1.53,-558.3590,4.36,3
000612,焦作万方,2011-09-30,5,2216.1120,4.62,89.8870,4.43,7
000616,亿城股份,2011-09-30,5,9170.1510,7.69,-611.5040,8.21,5
000617,*ST济柴,2011-09-30,2,386.2910,1.34,-16.1410,1.40,2
000619,海螺型材,2011-09-30,1,196.4100,0.55,-159.2560,0.99,2
000623,吉林敖东,2011-09-30,7,7530.7880,10.95,1468.5330,8.81,6
000625,长安汽车,2011-09-30,2,10358.3200,2.14,5434.9800,1.83,2
000626,如意集团,2011-09-30,1,323.9030,1.60,323.9030,0.00,0
000627,天茂集团,2011-09-30,4,2267.6850,1.68,350.6300,1.42,3
000629,攀钢钒钛,2011-09-30,4,13063.2200,2.28,-1452.2700,2.53,4
000630,铜陵有色,2011-09-30,6,6328.1150,4.45,-821.0160,5.03,7
000631,顺发恒业,2011-09-30,1,499.9980,0.48,-12.7750,0.49,2
000635,英力特,2011-09-30,6,1967.7690,11.11,-476.4310,13.80,6
000636,风华高科,2011-09-30,3,699.0210,1.04,318.7700,0.57,2
000639,西王食品,2011-09-30,5,902.6010,7.19,-59.4990,7.66,6
000650,仁和药业,2011-09-30,9,11641.6160,18.47,898.9200,17.05,8
000651,格力电器,2011-09-30,5,14661.6500,5.20,1511.6200,4.67,5
000652,泰达股份,2011-09-30,4,3618.4390,2.45,2.5770,2.45,5
000655,金岭矿业,2011-09-30,5,1359.0860,2.28,636.7985,1.21,3
000656,金科股份,2011-09-30,8,4790.6010,4.14,706.8330,16.33,8
000659,珠海中富,2011-09-30,4,6654.4900,5.18,1443.8400,6.89,5
000661,长春高新,2011-09-30,4,1156.5540,8.81,23.2480,8.63,4
000665,湖北广电,2011-09-30,2,451.5300,2.54,-80.4200,3.00,3
000666,经纬纺机,2011-09-30,5,1534.7350,2.54,207.4990,2.20,4
000667,名流置业,2011-09-30,2,5054.0400,1.97,-726.1900,2.26,3
000669,金鸿能源,2011-09-30,10,2264.1930,24.48,98.5230,23.41,9
000671,阳光城,2011-09-30,4,2063.6458,7.18,1222.7438,1.57,3
000677,恒天海龙,2011-09-30,1,200.0000,0.23,200.0000,0.00,0
000678,襄阳轴承,2011-09-30,1,98.8284,0.33,98.8284,0.00,0
000679,大连友谊,2011-09-30,1,1110.4600,3.12,-70.5590,3.31,2
000680,山推股份,2011-09-30,6,8506.0850,11.20,-1042.4240,12.58,8
000682,东方电子,2011-09-30,2,476.0040,0.49,-2474.7540,3.02,4
000683,远兴能源,2011-09-30,2,426.9780,0.56,-773.0200,1.56,2
000685,中山公用,2011-09-30,5,1163.8523,1.94,258.2257,1.51,4
000686,东北证券,2011-09-30,3,1577.5020,2.47,571.1710,1.57,3
000687,恒天天鹅,2011-09-30,1,216.0000,0.34,-637.8760,1.33,3
000690,宝新能源,2011-09-30,6,5758.0940,3.33,385.5070,3.11,6
000697,炼石有色,2011-09-30,2,680.1310,3.64,465.2500,1.15,1
000698,沈阳化工,2011-09-30,6,4136.5110,6.26,-704.2490,7.32,6
000700,模塑科技,2011-09-30,1,757.2020,2.45,-30.6240,2.55,1
000705,浙江震元,2011-09-30,6,1406.7450,11.22,456.6280,7.58,3
000707,双环科技,2011-09-30,2,210.8530,0.45,27.8630,0.39,1
000708,大冶特钢,2011-09-30,5,3684.7840,8.20,-461.7360,9.23,4
000709,河北钢铁,2011-09-30,5,16010.5200,2.33,-3780.5900,2.88,8
000712,锦龙股份,2011-09-30,2,867.6310,2.85,-556.8040,4.68,3
000713,丰乐种业,2011-09-30,2,252.3380,0.84,-296.3025,1.84,4
000715,中兴商业,2011-09-30,3,1388.4860,4.98,-102.7890,5.34,3
000716,南方食品,2011-09-30,5,1200.5550,6.73,0.0000,6.73,5
000717,*ST韶钢,2011-09-30,5,2596.0440,1.55,935.8870,0.99,4
000718,苏宁环球,2011-09-30,5,18075.6900,8.85,4567.1800,7.93,4
000720,新能泰山,2011-09-30,3,2083.4540,2.41,255.5900,2.12,3
000721,西安饮食,2011-09-30,3,879.1274,4.41,-63.6256,4.72,3
000723,美锦能源,2011-09-30,2,148.3949,1.06,-104.6630,1.81,3
000726,鲁泰A,2011-09-30,4,3165.4260,3.14,1675.4350,1.50,3
000727,华东科技,2011-09-30,3,2209.6930,6.15,541.9000,4.64,3
000728,国元证券,2011-09-30,2,2901.9330,1.48,499.1230,1.22,2
000729,燕京啤酒,2011-09-30,2,3425.8300,2.83,-20.2300,2.85,3
000731,四川美丰,2011-09-30,1,500.0000,1.00,298.7560,0.40,1
000733,振华科技,2011-09-30,1,99.0024,0.28,14.8445,0.23,1
000735,罗牛山,2011-09-30,1,217.5560,0.25,217.5560,0.00,0
000736,中房地产,2011-09-30,1,99.9934,0.34,99.9934,0.00,0
000738,中航动控,2011-09-30,2,490.4380,0.52,341.3597,0.16,2
000748,长城信息,2011-09-30,1,400.0000,1.07,-1100.0000,3.99,1
000750,国海证券,2011-09-30,6,1739.7320,2.43,1739.7320,0.00,0
000751,*ST锌业,2011-09-30,2,330.2070,0.30,38.1900,0.26,2
000753,漳州发展,2011-09-30,1,92.3995,0.29,92.3995,0.00,0
000755,山西三维,2011-09-30,2,688.7730,1.47,-1370.3180,4.39,4
000758,中色股份,2011-09-30,5,3923.5130,5.12,199.8850,5.83,5
000759,中百集团,2011-09-30,5,9327.6860,13.70,0.0000,13.70,5
000761,本钢板材,2011-09-30,1,5986.6900,1.91,810.6600,1.65,1
000762,西藏矿业,2011-09-30,3,850.9620,2.68,39.5830,2.56,3
000766,通化金马,2011-09-30,1,307.5400,0.68,307.5400,0.00,0
000767,漳泽电力,2011-09-30,1,456.4180,0.34,0.0000,0.34,1
000768,中航飞机,2011-09-30,7,10435.7440,4.21,2627.8070,3.15,6
000777,中核科技,2011-09-30,2,397.0216,1.86,297.9517,0.47,1
000778,新兴铸管,2011-09-30,7,8620.6020,4.50,-2663.2280,5.89,8
000779,三毛派神,2011-09-30,2,363.4070,1.95,363.4070,0.00,0
000780,平庄能源,2011-09-30,8,4827.8410,4.76,1730.5080,3.05,7
000782,美达股份,2011-09-30,1,328.4010,0.81,-158.4900,1.20,2
000783,长江证券,2011-09-30,1,3104.7600,1.31,3104.7600,0.00,0
000785,武汉中商,2011-09-30,5,1154.7410,4.60,100.0000,4.20,4
000786,北新建材,2011-09-30,4,5238.7760,9.11,-1814.9500,12.26,5
000788,北大医药,2011-09-30,1,866.0590,1.45,-1674.2590,4.36,2
000789,江西水泥,2011-09-30,7,5004.5770,12.64,209.9790,12.11,7
000792,盐湖股份,2011-09-30,2,3587.7480,2.26,-1396.6810,3.13,4
000793,华闻传媒,2011-09-30,3,2623.3170,1.93,791.9730,1.35,2
000795,太原刚玉,2011-09-30,1,312.9000,1.13,312.9000,0.00,0
000796,易食股份,2011-09-30,1,330.0000,1.34,330.0000,0.00,0
000799,酒鬼酒,2011-09-30,6,3148.3300,10.39,1054.4720,6.91,5
000800,一汽轿车,2011-09-30,5,11716.6960,7.20,-714.1340,7.64,5
000801,四川九洲,2011-09-30,1,89.2350,0.23,0.0000,0.23,1
000807,云铝股份,2011-09-30,7,7894.3470,5.13,3205.5900,3.96,6
000811,烟台冰轮,2011-09-30,7,7149.4300,18.12,902.6850,15.83,7
000812,陕西金叶,2011-09-30,1,691.3840,1.55,0.0000,1.55,1
000816,江淮动力,2011-09-30,3,6396.2440,5.87,684.5040,5.25,2
000818,方大化工,2011-09-30,1,799.9970,1.18,0.0000,1.18,1
000821,京山轻机,2011-09-30,2,577.7150,1.67,217.7150,1.04,1
000822,山东海化,2011-09-30,4,6602.5710,7.38,-894.0070,8.38,5
000823,超声电子,2011-09-30,8,4498.8250,10.21,1607.3090,6.57,6
000825,太钢不锈,2011-09-30,5,9123.7500,1.60,792.0810,1.46,5
000826,桑德环境,2011-09-30,8,4063.2190,9.83,-742.8140,11.63,8
000829,天音控股,2011-09-30,3,1596.8500,1.69,67.1160,1.62,3
000833,贵糖股份,2011-09-30,1,310.1190,1.05,310.1190,0.00,0
000836,鑫茂科技,2011-09-30,1,98.1258,0.34,98.1258,0.00,0
000837,秦川发展,2011-09-30,4,3290.2100,9.44,-2390.1090,16.29,8
000839,中信国安,2011-09-30,3,2979.7650,1.90,-873.8950,2.46,3
000848,承德露露,2011-09-30,8,4585.0330,12.56,478.7860,11.25,8
000850,华茂股份,2011-09-30,1,650.6940,0.69,-683.9470,1.41,2
000851,高鸿股份,2011-09-30,1,70.3200,0.21,70.3200,0.00,0
000852,江钻股份,2011-09-30,3,219.3799,0.55,45.9949,0.43,1
000858,五粮液,2011-09-30,5,9151.3100,2.41,2124.0200,1.85,4
000859,国风塑业,2011-09-30,1,300.0000,0.71,-52.0000,0.84,1
000860,顺鑫农业,2011-09-30,5,1284.9780,2.93,356.0790,2.12,3
000861,海印股份,2011-09-30,5,1764.3080,3.58,-72.3920,3.73,5
000868,安凯客车,2011-09-30,1,252.1590,0.72,252.1590,0.00,0
000869,张裕A,2011-09-30,2,799.1050,1.52,-327.3390,2.14,3
000875,吉电股份,2011-09-30,1,320.0000,0.38,-2139.7470,2.93,4
000876,新希望,2011-09-30,3,3393.4370,4.08,-3156.0620,7.87,6
000877,天山股份,2011-09-30,5,3137.8480,8.07,-1177.7980,11.10,6
000878,云南铜业,2011-09-30,6,4117.4920,2.91,-54.2030,3.32,7
000880,潍柴重机,2011-09-30,5,1458.8190,5.28,199.1920,4.56,4
000882,华联股份,2011-09-30,1,581.0620,0.65,138.0430,0.60,1
000883,湖北能源,2011-09-30,1,62.0806,0.03,62.0806,0.00,0
000885,同力水泥,2011-09-30,2,1012.8740,4.01,-135.6060,4.55,2
000887,中鼎股份,2011-09-30,7,7227.0190,12.13,1407.5150,9.77,7
000888,峨眉山A,2011-09-30,8,4397.8950,18.70,-258.9290,19.80,8
000889,茂业物流,2011-09-30,2,797.2560,2.35,32.3710,2.26,2
000893,东凌粮油,2011-09-30,7,1062.2200,4.78,-210.1830,5.73,6
000895,双汇发展,2011-09-30,3,2515.8850,4.15,243.1220,3.75,3
000897,津滨发展,2011-09-30,4,4247.9590,2.63,425.1370,2.36,4
000898,*ST鞍钢,2011-09-30,5,6770.4400,0.94,-3437.8600,1.41,6
000899,赣能股份,2011-09-30,1,79.9231,0.12,-81.7700,0.25,2
000900,现代投资,2011-09-30,1,69.0700,0.17,2.5480,0.17,1
000901,航天科技,2011-09-30,3,859.9760,3.43,-350.0040,4.83,3
000902,中国服装,2011-09-30,1,160.0030,0.62,160.0030,0.00,0
000905,厦门港务,2011-09-30,1,97.5400,0.18,27.5000,0.13,1
000906,物产中拓,2011-09-30,2,481.7490,1.46,-50.0000,1.61,3
000910,大亚科技,2011-09-30,1,647.0200,1.23,0.0000,1.23,1
000911,南宁糖业,2011-09-30,7,1453.6990,5.07,-1503.4470,10.32,9
000912,泸天化,2011-09-30,1,172.0770,0.29,-139.7000,0.53,2
000915,山大华特,2011-09-30,8,3544.4610,19.66,71.2990,19.27,8
000917,电广传媒,2011-09-30,4,1705.6340,4.20,106.8980,3.93,4
000918,嘉凯城,2011-09-30,2,3477.5190,1.93,240.1400,1.79,2
000919,金陵药业,2011-09-30,5,1876.9220,3.72,1110.3680,1.52,2
000921,海信科龙,2011-09-30,4,2597.9630,1.92,-937.0620,2.61,6
000923,河北宣工,2011-09-30,3,1143.9000,5.78,946.9000,0.99,1
000925,众合机电,2011-09-30,4,1896.3420,6.29,-40.0000,6.43,4
000926,福星股份,2011-09-30,9,9573.7540,13.44,290.0750,13.03,8
000927,一汽夏利,2011-09-30,7,11534.6430,7.23,3120.0300,5.28,7
000930,中粮生化,2011-09-30,6,7145.9570,7.41,1.0750,7.41,5
000932,华菱钢铁,2011-09-30,4,15288.8090,5.07,-2522.5410,5.91,4
000933,神火股份,2011-09-30,6,13514.4000,8.04,1742.5600,7.01,5
000936,华西股份,2011-09-30,1,2525.0600,3.38,-74.5900,3.48,1
000937,冀中能源,2011-09-30,8,13646.7520,5.90,2053.3690,5.01,9
000939,凯迪电力,2011-09-30,2,5353.6900,5.68,780.9600,4.85,2
000949,新乡化纤,2011-09-30,2,544.1350,0.66,544.1350,0.00,0
000951,中国重汽,2011-09-30,4,443.5183,1.06,-136.2527,1.38,5
000952,广济药业,2011-09-30,1,100.0880,0.40,0.0000,0.40,1
000959,首钢股份,2011-09-30,4,1877.4190,0.63,0.0000,0.63,4
000960,锡业股份,2011-09-30,6,3583.7120,3.95,145.2710,3.79,5
000961,中南建设,2011-09-30,10,9806.3200,8.40,-806.4890,9.09,10
000962,东方钽业,2011-09-30,5,1410.9660,3.96,137.9840,3.57,4
000963,华东医药,2011-09-30,7,4759.8390,10.97,867.6110,8.97,6
000966,长源电力,2011-09-30,1,600.0000,1.08,50.0000,0.99,1
000968,煤气化,2011-09-30,6,3905.0340,7.60,-805.7220,9.17,7
000969,安泰科技,2011-09-30,4,2257.8840,2.63,-106.3400,2.75,5
000970,中科三环,2011-09-30,3,2618.7240,5.16,2618.7240,0.00,0
000972,新中基,2011-09-30,2,2339.9800,4.85,-300.0000,5.48,2
000973,佛塑科技,2011-09-30,5,6298.1360,10.28,1402.2640,7.99,3
000978,桂林旅游,2011-09-30,4,3202.8280,8.89,-969.9360,11.59,4
000983,西山煤电,2011-09-30,4,8484.1700,2.69,745.3100,2.46,4
000987,广州友谊,2011-09-30,7,4723.9240,13.16,92.0640,12.90,8
000988,华工科技,2011-09-30,5,3385.0800,7.60,848.4490,5.69,4
000989,九芝堂,2011-09-30,3,976.7321,3.28,-65.9969,3.50,3
000995,皇台酒业,2011-09-30,3,567.5220,3.20,567.5220,0.00,0
000998,隆平高科,2011-09-30,4,1872.2380,6.75,432.4750,5.19,5
000999,华润三九,2011-09-30,7,4947.4330,5.05,441.9110,4.60,7
600537,亿晶光电,2011-09-30,6,1990.4800,8.65,-1153.6270,13.67,7
600408,安泰集团,2011-09-30,2,357.4730,0.36,-309.2570,0.66,3
600573,惠泉啤酒,2011-09-30,1,204.3970,0.82,-59.7778,1.06,2
600521,华海药业,2011-09-30,4,5311.7650,9.86,104.6770,9.67,4
600460,士兰微,2011-09-30,2,1926.8840,4.44,734.8990,2.75,2
600039,四川路桥,2011-09-30,3,781.2100,2.57,781.2100,0.00,0
600375,华菱星马,2011-09-30,4,939.2550,2.31,-388.2910,7.08,4
600502,安徽水利,2011-09-30,6,2365.8800,7.07,-75.6660,7.30,3
600481,双良节能,2011-09-30,2,2278.1300,2.81,-65.8130,2.89,3
600004,白云机场,2011-09-30,1,249.7740,0.22,-192.5580,0.38,2
600459,贵研铂业,2011-09-30,1,378.8700,2.40,-196.0392,3.96,3
600570,恒生电子,2011-09-30,7,13803.1800,22.13,2576.7500,18.00,6
600392,盛和资源,2011-09-30,8,2084.8090,13.31,-75.6210,13.80,7
600584,长电科技,2011-09-30,5,1171.3930,1.37,583.4980,0.69,4
600251,冠农股份,2011-09-30,4,2344.0860,6.47,-31.8740,6.56,5
600436,片仔癀,2011-09-30,3,481.4620,3.44,-185.8900,4.77,3
600409,三友化工,2011-09-30,3,704.8150,0.67,-625.5430,1.26,3
600031,三一重工,2011-09-30,8,32175.5600,4.24,1883.7000,3.99,8
600435,北方导航,2011-09-30,4,473.8483,0.64,160.4974,0.42,4
600439,瑞贝卡,2011-09-30,5,3501.0130,4.45,-448.6460,5.02,6
600271,航天信息,2011-09-30,6,10414.5800,11.28,487.3700,10.75,6
600423,柳化股份,2011-09-30,1,1214.8000,3.04,-203.6400,3.55,1
600475,华光股份,2011-09-30,4,2158.9330,8.43,180.6890,7.73,4
600425,青松建化,2011-09-30,8,4591.6990,9.59,-391.7830,10.41,8
600029,南方航空,2011-09-30,4,10371.2600,1.06,-2370.0500,1.30,5
600546,山煤国际,2011-09-30,4,2058.9620,2.75,-641.7340,3.60,5
600352,浙江龙盛,2011-09-30,2,4194.0800,2.86,848.1000,2.28,2
600485,中创信测,2011-09-30,5,1565.8510,11.30,172.6230,10.05,5
600020,中原高速,2011-09-30,1,243.5780,0.11,-188.2080,0.20,2
600489,中金黄金,2011-09-30,6,5675.3830,2.89,2778.8740,1.57,4
600480,凌云股份,2011-09-30,1,280.5200,0.78,-1187.3760,4.06,4
600348,阳泉煤业,2011-09-30,8,8125.8620,3.38,2607.0880,2.29,6
600487,亨通光电,2011-09-30,6,2302.1490,11.12,-125.9010,11.73,7
600547,山东黄金,2011-09-30,6,4925.2440,3.46,608.9980,3.03,6
600449,宁夏建材,2011-09-30,6,1639.3652,8.40,-1261.6568,14.87,8
600432,吉恩镍业,2011-09-30,3,807.1690,1.00,-547.5830,1.67,4
600429,三元股份,2011-09-30,1,2999.9700,3.39,0.0000,3.39,1
600478,科力远,2011-09-30,2,649.9850,2.06,101.9430,1.74,2
600507,方大特钢,2011-09-30,1,140.0000,0.11,-160.5600,0.23,1
600403,大有能源,2011-09-30,6,2218.9410,2.66,444.1750,13.92,4
600517,置信电气,2011-09-30,1,2290.5000,3.70,1673.9160,1.00,1
600406,国电南瑞,2011-09-30,8,14003.2840,13.33,594.4330,12.77,8
600469,风神股份,2011-09-30,6,2917.2880,7.78,262.2820,7.08,5
600021,上海电力,2011-09-30,1,460.0000,0.21,-322.9920,0.37,2
600184,光电股份,2011-09-30,1,132.4050,0.63,132.4050,0.00,0
600900,长江电力,2011-09-30,2,9593.7100,0.58,-560.6300,0.62,2
600527,江南高纤,2011-09-30,3,2322.0040,5.79,582.1950,4.34,3
600545,新疆城建,2011-09-30,1,133.6350,0.20,-707.9970,1.25,2
600446,金证股份,2011-09-30,1,418.8330,1.60,170.7870,1.80,1
600340,华夏幸福,2011-09-30,2,902.9030,1.54,682.9030,0.95,1
600540,新赛股份,2011-09-30,1,794.9610,2.63,287.8360,1.68,3
600354,敦煌种业,2011-09-30,4,2155.0250,10.59,186.0910,9.67,4
600249,两面针,2011-09-30,1,432.5110,0.96,132.5200,0.67,1
000100,TCL集团,2011-09-30,2,12659.0500,1.49,-21366.9300,4.01,5
600387,海越股份,2011-09-30,2,1715.9130,4.44,724.9630,2.57,2
600444,*ST国通,2011-09-30,1,100.0000,0.95,0.0000,0.95,1
600325,华发股份,2011-09-30,3,4071.3840,4.98,519.9940,4.35,3
600452,涪陵电力,2011-09-30,6,794.1399,4.96,164.1459,3.94,5
600035,楚天高速,2011-09-30,3,3174.2220,3.41,-75.7580,3.49,2
600479,千金药业,2011-09-30,4,2178.7550,7.15,144.2080,6.67,3
600284,浦东建设,2011-09-30,5,2895.3980,6.97,318.6030,7.45,4
600594,益佰制药,2011-09-30,4,4684.2350,13.28,-336.3840,14.23,4
600543,莫高股份,2011-09-30,2,836.7500,2.61,56.7830,2.43,2
600467,好当家,2011-09-30,3,1967.6270,3.11,871.9150,1.73,2
600960,渤海活塞,2011-09-30,2,148.7022,0.91,88.9378,0.37,1
002181,粤传媒,2011-09-30,3,758.1260,2.17,93.2840,1.90,2
600969,郴电国际,2011-09-30,3,1131.4210,5.38,24.5700,5.26,3
600572,康恩贝,2011-09-30,1,80.5236,0.11,-4.1670,0.12,1
600976,武汉健民,2011-09-30,5,1198.2290,7.81,-405.6430,10.46,5
600497,驰宏锌锗,2011-09-30,4,2712.3450,2.07,-467.8470,2.43,4
600410,华胜天成,2011-09-30,1,1110.2700,2.04,-25.7600,2.25,1
600985,雷鸣科化,2011-09-30,1,42.6346,0.33,42.6346,0.00,0
600990,四创电子,2011-09-30,4,1313.7323,11.17,203.2380,9.44,5
600993,马应龙,2011-09-30,6,4613.9660,13.92,1284.3830,10.04,5
600967,北方创业,2011-09-30,3,649.1320,3.75,-278.3990,5.35,3
600963,岳阳林纸,2011-09-30,5,4866.4760,5.77,-1497.7870,7.55,6
600495,晋西车轴,2011-09-30,2,1332.9460,4.41,-42.6180,4.55,2
600461,洪城水业,2011-09-30,2,203.9878,0.62,-315.4342,1.57,1
600997,开滦股份,2011-09-30,8,5352.2580,4.34,2933.5320,1.96,5
600966,博汇纸业,2011-09-30,1,137.6100,0.27,-202.3900,0.67,2
600995,文山电力,2011-09-30,4,2495.9350,5.22,175.2560,4.85,4
600420,现代制药,2011-09-30,4,2200.6540,7.65,168.2460,7.06,4
002001,新和成,2011-09-30,8,5456.5710,7.52,1004.7650,6.13,7
002003,伟星股份,2011-09-30,6,2791.5010,10.78,-261.0400,11.79,7
600962,国投中鲁,2011-09-30,5,1795.6910,8.90,-906.9350,13.40,5
002004,华邦颖泰,2011-09-30,4,1303.6050,9.88,517.9180,5.95,2
002005,德豪润达,2011-09-30,3,806.1150,1.67,-60.4280,1.79,3
600143,金发科技,2011-09-30,4,10315.5300,7.39,-385.8900,7.66,4
002006,精功科技,2011-09-30,3,1455.4410,4.80,1065.1200,2.57,3
002007,华兰生物,2011-09-30,5,3548.2350,6.16,-3272.3160,11.84,6
002008,大族激光,2011-09-30,6,14050.5900,13.45,-537.9500,13.97,7
600022,山东钢铁,2011-09-30,1,2420.0600,0.78,2027.6220,0.13,1
002009,天奇股份,2011-09-30,5,1540.4360,6.97,284.5130,5.68,4
002010,传化股份,2011-09-30,1,838.9560,1.72,-396.5290,2.53,3
002011,盾安环境,2011-09-30,2,963.3040,1.29,-222.5840,1.59,2
002012,凯恩股份,2011-09-30,8,2511.5780,12.89,1751.1717,3.90,6
002013,中航精机,2011-09-30,8,2634.1800,12.13,-160.5540,12.87,7
002014,永新股份,2011-09-30,4,1551.4520,8.48,306.7200,6.80,6
002015,霞客环保,2011-09-30,2,399.9960,1.67,172.0050,0.95,1
002016,世荣兆业,2011-09-30,1,699.9980,1.52,-300.0000,2.17,1
002017,东信和平,2011-09-30,7,1794.0154,8.21,265.7030,7.00,5
002019,鑫富药业,2011-09-30,4,1103.5850,5.01,-892.4840,9.06,6
600482,风帆股份,2011-09-30,3,912.4050,1.98,-14.3370,2.01,3
002020,京新药业,2011-09-30,5,1304.2960,12.84,105.5050,11.80,4
002021,中捷股份,2011-09-30,2,667.9710,1.53,-2067.1630,6.26,6
002022,科华生物,2011-09-30,4,1989.6570,4.04,-70.9760,4.19,4
002023,海特高新,2011-09-30,5,2914.2070,9.87,279.2380,8.93,5
002024,苏宁云商,2011-09-30,5,37800.2400,5.40,2074.8100,5.11,5
002025,航天电器,2011-09-30,3,500.6830,1.52,45.0210,1.38,3
002026,山东威达,2011-09-30,1,390.5100,2.23,160.9410,1.31,1
600983,合肥三洋,2011-09-30,4,418.2197,0.78,-734.6213,2.16,6
600973,宝胜股份,2011-09-30,2,481.3849,2.37,0.5300,2.37,2
002027,七喜控股,2011-09-30,3,338.1687,1.12,71.1687,0.88,2
002028,思源电气,2011-09-30,5,3746.5490,8.52,2784.6200,2.19,3
002029,七匹狼,2011-09-30,8,5030.5430,17.78,237.2840,16.94,8
002030,达安基因,2011-09-30,2,527.4060,1.52,-336.8840,2.49,3
002031,巨轮股份,2011-09-30,1,467.1850,1.17,183.5770,0.71,1
600971,恒源煤电,2011-09-30,4,2490.3260,2.49,1635.1068,1.95,4
002032,苏泊尔,2011-09-30,4,2250.2190,3.90,-591.8930,4.92,5
600978,宜华木业,2011-09-30,3,1167.1290,1.01,689.4300,0.41,3
002033,丽江旅游,2011-09-30,7,1529.0140,10.11,-989.2310,16.65,7
600961,*ST株冶,2011-09-30,2,2223.2000,4.21,-176.0860,4.55,3
002035,华帝股份,2011-09-30,4,1155.8300,5.18,51.8470,4.94,4
002036,宜科科技,2011-09-30,5,2109.6261,10.43,125.7981,9.81,4
002037,久联发展,2011-09-30,6,2828.4470,16.35,-179.3990,17.38,6
002038,双鹭药业,2011-09-30,5,3256.3730,8.55,710.0150,6.69,5
600027,华电国际,2011-09-30,2,7614.4300,1.12,-4501.5500,1.79,2
002039,黔源电力,2011-09-30,2,273.8543,1.35,30.4690,1.20,2
600970,中材国际,2011-09-30,8,7698.5510,8.45,828.8910,7.54,8
002041,登海种业,2011-09-30,6,1991.4270,5.66,1716.6790,0.78,2
002042,华孚色纺,2011-09-30,3,1007.4970,1.81,-165.3537,4.22,7
002043,兔宝宝,2011-09-30,1,189.3250,0.81,42.6580,0.80,1
002044,江苏三友,2011-09-30,2,1048.3360,4.67,-294.1890,5.99,3
002045,国光电器,2011-09-30,3,1594.3570,3.82,540.9680,2.53,2
002048,宁波华翔,2011-09-30,1,465.9490,0.82,-702.0700,2.06,2
002049,同方国芯,2011-09-30,5,1413.5420,10.47,245.4930,8.65,4
002050,三花股份,2011-09-30,7,1485.5620,5.00,151.8840,4.48,7
002594,比亚迪,2011-09-30,4,897.8210,0.38,897.8210,0.00,0
601633,长城汽车,2011-09-30,2,512.8020,0.17,512.8020,0.00,0
601866,中海集运,2011-09-30,3,2739.5120,0.23,-3112.2530,0.50,4
601899,紫金矿业,2011-09-30,4,23299.2300,1.07,15951.4500,0.51,2
002490,山东墨龙,2011-09-30,3,709.0010,1.78,359.5064,0.88,4
300150,世纪瑞尔,2011-09-30,1,86.7299,0.64,-178.5005,1.96,4
002051,中工国际,2011-09-30,5,3020.0270,6.85,57.6840,6.72,5
002052,同洲电子,2011-09-30,5,2720.4460,7.97,1236.7240,4.34,2
002053,云南盐化,2011-09-30,3,595.9100,3.21,445.9110,0.81,1
601377,兴业证券,2011-09-30,7,1410.0920,0.64,192.2420,0.55,5
601901,方正证券,2011-09-30,6,11181.6540,1.83,11181.6540,0.00,0
601688,华泰证券,2011-09-30,2,5832.9200,1.04,1106.6500,0.84,2
601788,光大证券,2011-09-30,1,742.3860,0.22,-13.2740,0.22,1
002500,山西证券,2011-09-30,3,650.1370,0.27,-186.5570,0.35,4
601166,兴业银行,2011-09-30,1,10163.6000,0.94,-786.4000,1.02,1
601998,中信银行,2011-09-30,1,3551.3600,0.08,-2823.1300,0.16,2
601628,中国人寿,2011-09-30,1,1599.3600,0.06,1599.3600,0.00,0
002307,北新路桥,2011-09-30,3,1655.8230,3.86,1527.2410,0.68,2
600018,上港集团,2011-09-30,1,2055.5600,0.09,934.2100,0.05,1
300139,福星晓程,2011-09-30,2,81.2586,1.48,27.6530,0.98,1
300181,佐力药业,2011-09-30,1,48.9727,0.61,-135.2816,2.30,3
002110,三钢闽光,2011-09-30,2,516.6060,0.97,-368.1590,1.65,4
002281,光迅科技,2011-09-30,7,1386.9510,8.67,1024.1956,2.27,3
300205,天喻信息,2011-09-30,4,160.2879,2.01,136.8844,0.29,2
601857,中国石油,2011-09-30,3,10899.5200,0.06,-4664.2600,0.09,4
002302,西部建设,2011-09-30,2,217.8584,1.04,-155.4330,1.78,4
002298,鑫龙电器,2011-09-30,5,1029.5447,6.24,1029.5447,0.00,0
002106,莱宝高科,2011-09-30,6,7267.5200,12.10,723.8600,10.90,6
601600,中国铝业,2011-09-30,2,4649.6200,0.34,1130.0200,0.26,2
002356,浩宁达,2011-09-30,1,40.5685,0.51,24.6741,0.20,1
300077,国民技术,2011-09-30,1,114.9830,0.42,114.9830,0.00,0
601088,中国神华,2011-09-30,5,12563.1900,0.63,-404.5400,0.65,6
002060,粤水电,2011-09-30,5,1383.2720,3.31,615.9811,2.31,4
300105,龙源技术,2011-09-30,8,1267.6394,8.00,-126.8341,8.80,9
300026,红日药业,2011-09-30,10,1506.9063,9.98,15.3152,9.88,8
002139,拓邦股份,2011-09-30,3,767.6120,4.57,147.6280,3.69,2
601333,广深铁路,2011-09-30,6,26420.3500,3.73,4528.9200,3.09,6
002187,广百股份,2011-09-30,2,749.9920,2.63,-88.0000,2.94,2
002230,科大讯飞,2011-09-30,4,3051.2160,12.10,-570.2220,14.37,6
002167,东方锆业,2011-09-30,4,1517.4410,7.33,-87.9450,7.76,4
601107,四川成渝,2011-09-30,2,592.3090,0.19,10.5060,0.19,2
002088,鲁阳股份,2011-09-30,4,1326.8330,5.67,460.9180,3.70,3
002072,德棉股份,2011-09-30,1,120.8910,0.69,120.8910,0.00,0
601126,四方股份,2011-09-30,4,1517.9376,3.73,1517.9376,0.00,0
002267,陕天然气,2011-09-30,1,179.9890,0.35,94.4006,0.17,1
002153,石基信息,2011-09-30,6,3951.5350,12.78,176.7160,12.21,6
002275,桂林三金,2011-09-30,1,364.6840,0.62,-257.0290,1.05,2
002331,皖通科技,2011-09-30,1,98.8400,0.74,73.8430,0.21,1
002063,远光软件,2011-09-30,5,4113.1480,12.19,369.0000,11.10,5
601111,中国国航,2011-09-30,3,6734.0600,0.52,-1875.9700,0.67,4
002205,国统股份,2011-09-30,1,392.1040,3.38,177.2208,1.85,2
002056,横店东磁,2011-09-30,6,2003.4750,4.70,432.7340,3.69,4
002116,中国海诚,2011-09-30,1,23.9095,0.21,23.9095,0.00,0
601199,江南水务,2011-09-30,1,23.0159,0.10,23.0159,0.00,0
002457,青龙管业,2011-09-30,5,1281.0410,5.74,413.9148,3.88,6
002338,奥普光电,2011-09-30,5,583.9852,7.30,-13.1862,7.46,5
002570,贝因美,2011-09-30,3,184.0000,0.43,154.0172,0.07,1
002185,华天科技,2011-09-30,4,1583.0790,4.24,-70.6450,4.43,5
002343,禾欣股份,2011-09-30,1,180.1500,0.91,118.1806,0.31,1
002320,海峡股份,2011-09-30,2,272.3614,0.83,-59.3768,1.01,3
002195,海隆软件,2011-09-30,4,495.1336,4.42,327.6139,1.50,2
300167,迪威视讯,2011-09-30,4,366.7327,5.50,218.8886,2.22,2
002206,海利得,2011-09-30,5,1495.4660,3.34,16.6940,3.30,5
002059,云南旅游,2011-09-30,1,83.5989,0.39,83.5989,0.00,0
601158,重庆水务,2011-09-30,5,3405.5480,0.71,243.2350,0.66,4
601168,西部矿业,2011-09-30,3,6396.4600,2.68,76.3600,2.65,3
002222,福晶科技,2011-09-30,1,100.0000,0.35,-100.0000,0.70,1
000338,潍柴动力,2011-09-30,5,7401.9810,4.44,204.2750,4.32,5
002337,赛象科技,2011-09-30,1,147.6200,0.77,0.0000,0.77,1
002261,拓维信息,2011-09-30,5,1708.8060,7.84,-597.4360,10.58,7
002427,尤夫股份,2011-09-30,3,171.0521,0.72,-276.9609,1.88,3
002140,东华科技,2011-09-30,5,2914.1610,6.53,379.7040,5.68,6
002080,中材科技,2011-09-30,3,480.0000,1.20,-795.2250,3.19,4
002061,江山化工,2011-09-30,5,1150.4710,8.22,-361.7210,10.80,6
601919,*ST远洋,2011-09-30,3,7018.8700,0.69,-5869.9700,1.26,3
002117,东港股份,2011-09-30,3,185.6890,1.50,-64.6094,2.02,3
300034,钢研高纳,2011-09-30,2,683.4700,3.22,-382.2620,5.03,4
601677,明泰铝业,2011-09-30,1,17.1293,0.04,17.1293,0.00,0
601808,中海油服,2011-09-30,2,1622.1070,0.36,-1075.8040,0.60,4
002448,中原内配,2011-09-30,1,93.7100,1.01,93.7100,0.00,0
002534,杭锅股份,2011-09-30,9,1193.3809,2.98,878.4205,0.79,3
002358,森源电气,2011-09-30,4,1093.7578,6.36,440.6708,3.80,4
002430,杭氧股份,2011-09-30,7,4567.4720,7.59,1491.5710,5.11,7
300184,力源信息,2011-09-30,1,63.6800,0.95,63.6800,0.00,0
002405,四维图新,2011-09-30,1,189.0920,0.39,-14.1080,0.42,1
002176,江特电机,2011-09-30,4,847.8400,4.00,571.5230,1.42,2
601001,大同煤业,2011-09-30,4,2639.0940,1.58,1155.0260,0.89,3
002202,金风科技,2011-09-30,1,1869.1300,0.69,-1071.4800,1.09,2
002054,德美化工,2011-09-30,3,710.3340,2.24,543.2270,0.53,1
002055,得润电子,2011-09-30,7,2517.7500,12.39,931.9400,7.81,5
002146,荣盛发展,2011-09-30,5,8328.5800,4.47,-1152.8800,5.09,6
002065,东华软件,2011-09-30,1,1746.8700,3.29,291.1400,3.29,1
600048,保利地产,2011-09-30,2,16321.2800,2.74,-4160.0000,3.44,3
601006,大秦铁路,2011-09-30,1,11100.0000,0.75,50.0000,0.74,1
601699,潞安环能,2011-09-30,5,14745.0500,6.41,-427.4800,6.59,5
002082,栋梁新材,2011-09-30,4,1289.1166,5.42,-564.7684,7.79,4
002089,新海宜,2011-09-30,5,3772.7860,10.69,584.5610,9.03,4
601010,文峰股份,2011-09-30,8,3083.9520,6.26,1798.0965,2.61,5
002234,民和股份,2011-09-30,3,621.2965,5.78,323.2095,2.77,2
002078,太阳纸业,2011-09-30,4,1985.6140,1.98,277.1980,1.70,3
002091,江苏国泰,2011-09-30,4,2611.6560,7.25,-192.2880,7.79,4
601008,连云港,2011-09-30,1,966.5120,1.55,-326.4880,2.07,1
002096,南岭民爆,2011-09-30,6,1055.2918,7.98,110.2859,7.15,5
002118,紫鑫药业,2011-09-30,1,310.1030,0.60,-300.9602,1.19,3
002062,宏润建设,2011-09-30,1,249.2790,0.55,0.0000,0.55,1
002064,华峰氨纶,2011-09-30,1,541.6920,0.73,159.1430,0.52,1
300040,九洲电气,2011-09-30,1,278.8020,2.01,0.0000,2.01,1
002073,软控股份,2011-09-30,6,7793.6400,10.50,341.8900,10.04,5
002075,沙钢股份,2011-09-30,1,303.3240,0.19,303.3240,0.00,0
002079,苏州固锝,2011-09-30,1,1173.8300,3.27,-9.0600,3.30,1
002141,蓉胜超微,2011-09-30,1,79.1961,0.44,79.1961,0.00,0
601666,平煤股份,2011-09-30,6,3517.1170,1.49,-218.9340,1.58,3
002076,雪莱特,2011-09-30,1,48.0049,0.26,48.0049,0.00,0
300180,华峰超纤,2011-09-30,5,493.9259,3.13,100.0769,2.49,5
002287,奇正藏药,2011-09-30,2,34.4320,0.08,-20.6523,0.14,3
300024,机器人,2011-09-30,2,824.7430,2.77,-324.3530,3.86,3
300082,奥克股份,2011-09-30,2,151.3634,0.58,-24.7343,0.68,2
002308,威创股份,2011-09-30,5,1283.8410,2.00,217.3950,1.66,6
002396,星网锐捷,2011-09-30,3,1198.7940,3.41,-111.2850,3.73,3
002362,汉王科技,2011-09-30,2,63.0259,0.29,63.0259,0.00,0
601898,中煤能源,2011-09-30,3,3729.8220,0.28,-174.2780,0.29,3
002069,獐子岛,2011-09-30,2,637.9030,0.90,109.2910,0.74,2
601678,滨化股份,2011-09-30,8,2700.1130,4.09,-827.1890,5.34,6
601918,国投新集,2011-09-30,2,1133.3350,0.61,-322.8940,0.79,3
002081,金螳螂,2011-09-30,5,4125.9900,8.57,-641.6810,9.96,6
002084,海鸥卫浴,2011-09-30,1,239.9990,0.72,0.0000,0.72,1
002172,澳洋科技,2011-09-30,1,1070.2500,1.92,503.8810,1.02,1
002168,深圳惠程,2011-09-30,3,2400.9740,3.81,-1385.1460,6.00,3
002154,报喜鸟,2011-09-30,6,6610.9410,11.25,720.7260,10.03,6
002086,东方海洋,2011-09-30,5,2676.1100,10.97,320.5570,9.66,5
601058,赛轮股份,2011-09-30,2,151.4348,0.40,151.4348,0.00,0
600017,日照港,2011-09-30,1,6231.4600,2.37,0.0000,2.37,1
002074,东源电器,2011-09-30,4,1246.4370,4.92,-229.7560,5.83,3
300049,福瑞股份,2011-09-30,3,697.8820,5.58,-231.0485,7.43,6
002386,天原集团,2011-09-30,3,1322.1500,2.76,171.8880,2.40,2
002092,中泰化学,2011-09-30,1,1067.4700,0.92,167.4700,0.78,1
002094,青岛金王,2011-09-30,5,4306.8000,13.38,2049.8100,7.01,3
601872,招商轮船,2011-09-30,1,619.8590,0.18,619.8590,0.00,0
002083,孚日股份,2011-09-30,3,1975.9820,2.11,230.0170,1.86,4
002520,日发精机,2011-09-30,2,121.8045,1.27,70.1253,0.54,1
002098,浔兴股份,2011-09-30,3,930.5580,6.00,98.3411,5.37,4
002097,山河智能,2011-09-30,2,538.8650,1.28,23.4350,1.23,2
002093,国脉科技,2011-09-30,5,6076.4670,7.02,2984.1950,7.15,5
002099,海翔药业,2011-09-30,7,2951.1750,18.28,68.0140,17.96,7
002100,天康生物,2011-09-30,2,478.3010,1.62,32.4370,1.51,2
601101,昊华能源,2011-09-30,6,2352.7700,2.35,1279.6170,2.36,5
601908,京运通,2011-09-30,1,38.5000,0.09,38.5000,0.00,0
002104,恒宝股份,2011-09-30,2,467.9280,1.06,97.3630,0.84,1
002108,沧州明珠,2011-09-30,3,603.0333,2.00,-1337.9987,6.43,5
002109,兴化股份,2011-09-30,2,390.2920,1.09,167.3100,0.62,1
601002,晋亿实业,2011-09-30,3,2260.5690,3.06,855.3450,1.90,2
002111,威海广泰,2011-09-30,3,602.3280,1.96,223.0660,2.57,2
002107,沃华医药,2011-09-30,1,69.9883,0.43,69.9883,0.00,0
002121,科陆电子,2011-09-30,2,991.7750,2.50,-921.7900,4.82,3
002115,三维通信,2011-09-30,5,1413.9030,6.59,44.3610,6.38,5
002113,天润控股,2011-09-30,1,100.0810,0.85,100.0810,0.00,0
002250,联化科技,2011-09-30,6,4661.0720,11.74,1800.1870,10.81,6
002216,三全食品,2011-09-30,2,801.2030,3.99,-13.0000,4.35,2
002349,精华制药,2011-09-30,3,251.3013,2.51,251.3013,0.00,0
002124,天邦股份,2011-09-30,2,515.4620,2.51,99.9940,2.02,2
601003,柳钢股份,2011-09-30,1,3902.4300,1.52,-392.1670,1.68,3
002123,荣信股份,2011-09-30,7,6722.8060,13.34,1620.1600,10.12,5
601007,金陵饭店,2011-09-30,1,230.1100,0.77,0.0000,0.77,1
002122,天马股份,2011-09-30,4,3642.2660,3.07,2169.5090,1.24,2
002126,银轮股份,2011-09-30,2,652.0020,5.02,200.7580,3.47,1
002129,中环股份,2011-09-30,5,4946.0000,6.83,-511.4770,7.54,6
002127,新民科技,2011-09-30,3,1746.9250,3.91,1455.1480,0.78,1
002131,利欧股份,2011-09-30,3,1318.3780,4.38,-566.9950,6.26,4
002232,启明信息,2011-09-30,2,447.6690,1.10,-893.5760,3.28,4
601118,海南橡胶,2011-09-30,5,4865.0390,1.24,270.7400,1.17,7
601958,金钼股份,2011-09-30,3,2196.8500,0.68,-917.6400,0.97,4
002128,露天煤业,2011-09-30,2,1097.3670,0.83,-274.9120,1.03,3
002138,顺络电子,2011-09-30,2,680.4500,3.20,200.6780,2.26,3
002371,七星电子,2011-09-30,8,925.3959,10.95,213.1002,10.96,6
002159,三特索道,2011-09-30,3,1257.2350,10.48,-444.6400,14.18,4
002148,北纬通信,2011-09-30,1,213.6370,1.88,-475.1660,6.07,3
002152,广电运通,2011-09-30,5,3756.9160,8.45,-815.3970,10.28,6
002296,辉煌科技,2011-09-30,8,2186.2180,12.30,0.0000,12.30,8
002149,西部材料,2011-09-30,2,519.7130,2.98,60.9800,2.63,2
002157,正邦科技,2011-09-30,5,6054.5290,14.05,465.7540,12.97,5
002147,方圆支承,2011-09-30,1,931.3980,3.60,386.5290,2.11,1
002151,北斗星通,2011-09-30,1,30.7551,0.20,-381.7489,2.73,3
002156,通富微电,2011-09-30,3,3464.9910,5.33,70.7830,5.22,5
002155,辰州矿业,2011-09-30,6,2677.4960,4.89,939.3210,3.18,4
002158,汉钟精机,2011-09-30,4,1567.7640,7.19,-375.2850,8.91,7
002254,泰和新材,2011-09-30,6,2796.9120,7.14,567.7730,5.69,5
002161,远望谷,2011-09-30,5,2067.2190,5.59,-1114.5570,8.60,6
002162,*ST上控,2011-09-30,1,54.1000,0.13,0.0000,0.13,1
002169,智光电气,2011-09-30,3,1692.4540,6.35,-385.0670,7.80,3
002164,东力传动,2011-09-30,1,850.0000,1.91,-1660.5230,5.63,5
002165,红宝丽,2011-09-30,2,1053.0240,3.93,803.5720,0.99,1
002328,新朋股份,2011-09-30,5,976.6980,3.26,38.1820,3.13,5
002179,中航光电,2011-09-30,6,3759.4820,9.36,0.4370,9.36,6
002177,御银股份,2011-09-30,4,1912.4060,5.55,145.9990,5.13,5
002183,怡亚通,2011-09-30,1,300.0000,0.36,-922.3640,1.47,2
002304,洋河股份,2011-09-30,1,515.5900,0.57,83.9440,0.48,1
300161,华中数控,2011-09-30,3,281.6050,2.61,-81.8144,3.37,4
601390,中国中铁,2011-09-30,3,9375.3500,0.44,141.5900,0.43,3
002191,劲嘉股份,2011-09-30,1,203.6750,0.32,55.4240,0.23,1
002194,武汉凡谷,2011-09-30,3,1345.0750,2.42,357.7530,1.78,3
300213,佳讯飞鸿,2011-09-30,1,164.5090,1.96,164.5090,0.00,0
002407,多氟多,2011-09-30,2,519.9960,3.74,-294.5060,5.86,3
002436,兴森科技,2011-09-30,3,1170.6390,5.24,410.2220,3.40,2
002583,海能达,2011-09-30,10,2786.5360,10.02,1612.9320,4.22,8
002210,飞马国际,2011-09-30,1,254.9450,0.83,134.9450,0.39,1
601999,出版传媒,2011-09-30,2,138.6942,0.25,138.6942,0.00,0
601992,金隅股份,2011-09-30,1,1265.0700,0.30,-2215.3390,0.81,4
002454,松芝股份,2011-09-30,3,764.9230,2.45,129.1479,2.04,5
601139,深圳燃气,2011-09-30,2,784.9060,0.64,580.5030,0.17,1
002209,达意隆,2011-09-30,3,655.5930,3.36,407.4006,1.27,2
002391,长青股份,2011-09-30,2,128.4581,0.62,84.6984,0.21,1
002397,梦洁家纺,2011-09-30,8,1828.3830,12.09,826.3757,10.60,8
002220,天宝股份,2011-09-30,2,194.2611,0.84,38.4205,0.80,2
002215,诺普信,2011-09-30,3,1979.2150,5.59,-401.2500,6.72,3
300229,拓尔思,2011-09-30,7,820.0068,6.83,770.0068,0.42,1
002214,大立科技,2011-09-30,3,745.6763,7.46,74.4913,6.71,2
002226,江南化工,2011-09-30,5,1266.0690,3.20,229.2576,3.93,7
002218,拓日新能,2011-09-30,3,510.6781,1.04,-410.7769,1.88,4
601766,中国南车,2011-09-30,5,29042.2900,2.45,4310.6000,2.09,5
002221,东华能源,2011-09-30,4,1106.8910,4.92,814.1590,1.30,1
300140,启源装备,2011-09-30,2,63.6000,0.52,-32.1626,0.78,1
002364,中恒电气,2011-09-30,2,71.7115,0.72,71.7115,0.00,0
002219,独一味,2011-09-30,3,1306.9420,3.50,5.8630,3.48,3
601186,中国铁建,2011-09-30,2,2808.5600,0.23,-5065.2800,0.64,4
002273,水晶光电,2011-09-30,4,1115.7900,9.65,432.8180,5.91,3
002297,博云新材,2011-09-30,3,787.0758,3.68,263.8098,2.45,2
002223,鱼跃医疗,2011-09-30,3,1466.1840,3.59,363.9920,2.70,3
002225,濮耐股份,2011-09-30,1,63.7150,0.09,-36.2792,0.14,1
002228,合兴包装,2011-09-30,3,1159.3310,3.34,-155.4960,3.78,4
002244,滨江集团,2011-09-30,5,2921.5480,2.16,-1134.4970,3.00,5
002237,恒邦股份,2011-09-30,2,197.4889,0.87,-4.3050,1.05,2
002235,安妮股份,2011-09-30,3,788.9230,4.05,437.6236,1.80,2
002231,奥维通信,2011-09-30,1,341.7250,2.13,126.9361,1.34,3
002249,大洋电机,2011-09-30,3,3321.5530,6.96,1613.7420,3.99,3
002229,鸿博股份,2011-09-30,1,101.1420,0.64,-335.9860,3.21,2
002253,川大智胜,2011-09-30,1,359.3550,4.80,-224.3640,7.80,2
002233,塔牌集团,2011-09-30,1,139.4630,0.16,-1028.2210,1.31,3
002243,通产丽星,2011-09-30,6,3116.7100,12.08,913.5190,8.54,4
002236,大华股份,2011-09-30,7,2378.8550,8.52,635.4820,6.25,5
002252,上海莱士,2011-09-30,4,353.4969,1.30,304.5259,0.18,1
002238,天威视讯,2011-09-30,6,2590.8960,8.09,244.8970,7.32,6
002372,伟星新材,2011-09-30,6,1147.3181,4.53,963.2171,0.73,1
002241,歌尔声学,2011-09-30,5,4454.9310,5.93,30.3480,5.89,5
002242,九阳股份,2011-09-30,5,2059.2300,2.71,-1271.5360,4.38,5
601777,力帆股份,2011-09-30,2,298.4710,0.31,2.1541,0.31,2
002251,步步高,2011-09-30,3,1319.6960,4.88,-350.1630,6.18,4
002450,康得新,2011-09-30,3,2748.4080,8.50,86.2110,8.24,6
002255,海陆重工,2011-09-30,3,661.8640,5.13,204.4010,3.54,2
002262,恩华药业,2011-09-30,1,230.3870,0.98,-139.6380,1.58,2
601268,*ST二重,2011-09-30,5,731.3670,0.43,300.6870,0.25,3
002259,升达林业,2011-09-30,2,769.9840,1.20,769.9840,0.00,0
002560,通达股份,2011-09-30,1,24.4065,0.24,-106.5935,1.27,1
002258,利尔化学,2011-09-30,1,39.9950,0.20,-44.1717,0.42,2
002264,新华都,2011-09-30,2,1350.7890,4.21,755.6619,3.71,4
002419,天虹商场,2011-09-30,8,2929.1490,3.66,-38.2020,3.71,9
002322,理工监测,2011-09-30,3,464.0740,6.96,383.9941,1.20,1
601216,内蒙君正,2011-09-30,2,155.7484,0.24,-639.1646,1.24,5
300054,鼎龙股份,2011-09-30,5,492.3687,5.47,43.5661,4.99,4
300011,鼎汉技术,2011-09-30,1,39.7562,0.38,-210.6249,2.37,3
601668,中国建筑,2011-09-30,3,58617.8000,1.95,1617.0000,1.90,3
300051,三五互联,2011-09-30,1,42.4563,0.26,42.4563,0.00,0
002271,东方雨虹,2011-09-30,1,180.0000,0.52,180.0000,0.00,0
002268,卫士通,2011-09-30,2,277.8960,1.61,-227.3377,2.93,4
002446,盛路通信,2011-09-30,1,226.2350,1.70,-688.6900,6.89,3
002269,美邦服饰,2011-09-30,7,3948.4130,3.93,580.4530,3.35,8
300079,数码视讯,2011-09-30,3,1061.2130,4.74,1061.2130,0.00,0
002601,佰利联,2011-09-30,1,61.6999,0.66,61.6999,0.00,0
300233,金城医药,2011-09-30,1,60.0000,0.50,60.0000,0.00,0
300115,长盈精密,2011-09-30,5,1288.7470,7.49,591.6722,4.05,6
002266,浙富股份,2011-09-30,9,5577.5150,18.64,353.3020,17.46,9
300015,爱尔眼科,2011-09-30,9,2644.7530,6.19,1174.5306,5.51,9
002299,圣农发展,2011-09-30,6,5691.9590,6.25,4118.4910,1.73,3
002344,海宁皮城,2011-09-30,8,4289.8590,7.66,1095.3810,5.70,9
002289,宇顺电子,2011-09-30,2,349.2525,4.75,214.6765,1.83,2
002282,博深工具,2011-09-30,1,75.8646,0.34,-70.0507,0.65,2
002284,亚太股份,2011-09-30,1,200.5610,0.70,76.1060,0.43,1
002283,天润曲轴,2011-09-30,2,1025.9770,1.83,745.9770,0.58,1
300036,超图软件,2011-09-30,4,1162.7990,9.69,687.4262,3.96,4
002277,友阿股份,2011-09-30,7,4486.4080,12.85,554.9760,11.26,6
300002,神州泰岳,2011-09-30,7,1801.9658,4.75,-356.5487,5.69,6
601233,桐昆股份,2011-09-30,3,920.7170,0.96,385.5684,1.11,5
002278,神开股份,2011-09-30,3,1364.5780,5.22,132.9970,4.71,2
002280,新世纪,2011-09-30,1,29.4217,0.27,29.4217,0.00,0
002285,世联地产,2011-09-30,7,2610.4780,8.00,605.5860,6.14,6
002286,保龄宝,2011-09-30,1,290.3810,2.79,243.2876,0.45,2
300070,碧水源,2011-09-30,8,2836.3430,8.77,170.8210,8.24,9
002291,星期六,2011-09-30,6,2916.6170,8.03,312.0870,7.17,4
002292,奥飞动漫,2011-09-30,5,2463.2490,6.01,224.3150,5.47,4
002293,罗莱家纺,2011-09-30,9,1297.5537,9.24,48.9310,8.90,9
002294,信立泰,2011-09-30,6,714.8994,1.97,211.2126,1.39,5
300065,海兰信,2011-09-30,2,183.1418,3.31,-60.0000,4.39,3
601299,中国北车,2011-09-30,7,25241.0900,3.04,8325.1800,2.04,5
601117,中国化学,2011-09-30,5,22298.7200,4.52,-2362.6900,5.00,7
002529,海源机械,2011-09-30,2,368.7375,2.30,-34.6287,2.52,4
300072,三聚环保,2011-09-30,4,1162.1810,5.97,1058.8910,0.53,1
601618,中国中冶,2011-09-30,3,8660.0300,0.45,-8369.7200,0.89,6
601798,蓝科高新,2011-09-30,7,1377.1491,4.30,1258.1491,0.37,1
002556,辉隆股份,2011-09-30,2,280.0280,1.17,280.0280,0.00,0
002478,常宝股份,2011-09-30,2,398.9920,1.00,-96.0080,1.24,2
002431,棕榈园林,2011-09-30,5,2219.1350,5.78,1558.4980,1.72,2
300075,数字政通,2011-09-30,8,755.7691,9.00,34.0338,8.59,8
300171,东富龙,2011-09-30,7,1257.9146,7.86,553.4782,4.40,6
300093,金刚玻璃,2011-09-30,2,393.3870,1.82,-1176.0355,7.27,6
002422,科伦药业,2011-09-30,2,2375.3200,4.95,81.3200,4.78,2
002506,*ST超日,2011-09-30,2,124.1380,0.24,-7.9752,0.25,2
300058,蓝色光标,2011-09-30,6,2158.9530,11.99,1453.0020,5.88,3
002582,好想你,2011-09-30,7,435.5056,5.90,170.3897,3.59,6
002415,海康威视,2011-09-30,4,1974.0690,1.97,606.5980,1.37,3
601888,中国国旅,2011-09-30,7,4523.1020,5.14,1126.2430,3.86,6
002489,浙江永强,2011-09-30,2,247.4385,1.03,-25.6821,1.14,3
601989,中国重工,2011-09-30,5,20305.8900,2.22,-2831.3300,2.52,6
002365,永安药业,2011-09-30,2,141.8111,0.76,82.1973,0.32,1
002315,焦点科技,2011-09-30,1,26.4434,0.23,-88.2014,0.98,4
002303,美盈森,2011-09-30,6,1195.6655,6.69,-195.0820,7.78,7
300264,佳创视讯,2011-09-30,2,322.9650,3.17,322.9650,0.00,0
300021,大禹节水,2011-09-30,5,658.2949,2.36,88.5256,2.05,2
300012,华测检测,2011-09-30,8,1215.9843,6.61,441.3001,4.21,6
300007,汉威电子,2011-09-30,2,316.9200,2.69,-33.0800,2.97,1
300064,豫金刚石,2011-09-30,1,300.0000,0.99,300.0000,0.00,0
300023,宝德股份,2011-09-30,1,20.0000,0.22,20.0000,0.00,0
300044,赛为智能,2011-09-30,7,1095.8911,10.96,468.6285,6.27,5
300047,天源迪科,2011-09-30,1,355.3440,2.26,-234.5916,3.76,4
300037,新宙邦,2011-09-30,8,534.4964,5.00,101.6129,4.05,8
300091,金通灵,2011-09-30,4,1284.0780,6.14,900.6240,1.83,1
300031,宝通带业,2011-09-30,2,249.4180,2.49,49.0390,2.00,2
300101,国腾电子,2011-09-30,1,193.5000,1.39,-1097.5652,9.29,9
300022,吉峰农机,2011-09-30,1,232.5470,0.65,102.0340,0.37,1
300071,华谊嘉信,2011-09-30,1,30.2930,0.29,7.5900,0.22,1
300005,探路者,2011-09-30,6,2921.3430,10.90,1093.8910,6.82,4
300045,华力创通,2011-09-30,2,78.2178,0.58,-205.2606,2.12,2
300027,华谊兄弟,2011-09-30,7,6216.9300,10.28,3083.5040,5.18,3
300010,立思辰,2011-09-30,5,2865.3580,12.11,587.4040,9.63,4
300117,嘉寓股份,2011-09-30,4,1254.7936,5.78,419.0356,3.85,3
300006,莱美药业,2011-09-30,9,2617.8950,14.31,1362.5655,13.72,9
300008,上海佳豪,2011-09-30,5,903.1930,6.20,-33.5458,6.43,6
300053,欧比特,2011-09-30,3,331.9620,1.66,104.7360,1.14,2
300238,冠昊生物,2011-09-30,1,75.0000,1.23,75.0000,0.00,0
300035,中科电气,2011-09-30,5,659.9370,5.50,127.8010,4.44,3
300018,中元华电,2011-09-30,2,75.0000,0.58,45.0000,0.23,1
300041,回天胶业,2011-09-30,2,286.4488,2.71,97.0735,1.79,2
002591,恒大高新,2011-09-30,2,68.2574,0.85,68.2574,0.00,0
300087,荃银高科,2011-09-30,1,43.1549,0.41,43.1549,0.00,0
300142,沃森生物,2011-09-30,5,509.3898,3.40,-172.0374,4.54,7
002310,东方园林,2011-09-30,9,1495.1640,9.95,710.4344,5.22,7
002309,中利科技,2011-09-30,6,1696.1780,7.06,1065.8880,2.62,2
002311,海大集团,2011-09-30,5,3928.8120,6.75,809.2640,5.36,4
002313,日海通讯,2011-09-30,7,930.4637,9.30,19.7116,9.11,6
002377,国创高新,2011-09-30,1,34.0991,0.16,34.0991,0.00,0
300252,金信诺,2011-09-30,1,19.9925,0.19,19.9925,0.00,0
002400,省广股份,2011-09-30,5,906.4160,6.11,906.4160,0.00,0
002324,普利特,2011-09-30,3,365.4156,1.35,20.9556,1.28,2
601799,星宇股份,2011-09-30,10,1966.9240,8.31,344.2030,6.85,8
002314,雅致股份,2011-09-30,2,232.7411,0.80,194.9790,0.13,1
601519,大智慧,2011-09-30,3,189.9336,0.27,-19.8055,0.30,4
002327,富安娜,2011-09-30,8,1214.4840,9.07,320.4271,6.68,7
002317,众生药业,2011-09-30,6,659.1676,3.66,343.9592,1.75,5
002474,榕基软件,2011-09-30,2,154.0262,1.49,81.0311,0.70,3
002321,华英农业,2011-09-30,4,655.0792,4.46,-393.6508,7.13,5
002325,洪涛股份,2011-09-30,9,3291.7370,14.30,538.4310,12.24,8
300004,南风股份,2011-09-30,5,1175.2110,6.25,464.6296,3.78,3
601179,中国西电,2011-09-30,2,3656.2000,0.84,2258.9700,0.32,1
300013,新宁物流,2011-09-30,1,41.2206,0.46,41.2206,0.00,0
300014,亿纬锂能,2011-09-30,2,226.3980,1.14,126.1220,0.51,1
601877,正泰电器,2011-09-30,2,2322.6000,2.31,47.6000,2.26,2
300020,银江股份,2011-09-30,4,1518.3960,6.33,180.8450,5.57,5
300025,华星创业,2011-09-30,9,2245.2230,18.71,252.4060,16.61,9
002385,大北农,2011-09-30,1,310.6470,0.78,-165.4090,1.19,2
002326,永太科技,2011-09-30,5,1572.1840,6.54,-77.0890,6.86,5
002330,得利斯,2011-09-30,1,134.2860,0.54,0.0000,0.54,1
002329,皇氏乳业,2011-09-30,3,657.7000,3.07,-166.0600,3.85,3
002334,英威腾,2011-09-30,8,791.4504,6.51,176.7844,5.05,6
002336,人人乐,2011-09-30,1,249.9930,0.62,-304.3947,1.39,4
002335,科华恒盛,2011-09-30,3,182.1619,1.17,79.5107,0.66,2
002340,格林美,2011-09-30,2,533.6030,2.20,419.0790,0.47,1
002341,新纶科技,2011-09-30,4,1006.0440,6.87,513.2698,3.37,2
002345,潮宏基,2011-09-30,3,759.7880,4.22,500.4250,1.44,1
002381,双箭股份,2011-09-30,1,35.8342,0.31,35.8342,0.00,0
601258,庞大集团,2011-09-30,2,698.0270,0.67,-366.1298,1.01,7
002492,恒基达鑫,2011-09-30,1,59.9904,0.50,59.9904,0.00,0
300029,天龙光电,2011-09-30,8,2755.4070,13.78,65.0900,13.45,7
002353,杰瑞股份,2011-09-30,5,940.8720,4.10,259.9915,2.97,4
300103,达刚路机,2011-09-30,3,576.7490,4.90,-232.7529,6.88,5
002549,凯美特气,2011-09-30,6,1189.1772,9.91,160.7768,8.57,7
002455,百川股份,2011-09-30,1,161.2410,1.22,-59.2590,1.67,1
002375,亚厦股份,2011-09-30,8,5251.8570,12.45,1429.5170,9.06,6
002510,天汽模,2011-09-30,1,461.9230,2.24,422.8230,0.19,1
002369,卓翼科技,2011-09-30,8,1836.9560,9.18,1081.3090,3.78,4
300039,上海凯宝,2011-09-30,2,728.1110,2.77,-30.0210,2.88,2
002367,康力电梯,2011-09-30,1,224.8520,0.94,-15.4880,1.00,1
002368,太极股份,2011-09-30,4,1016.8960,5.15,11.3144,5.09,4
300048,合康变频,2011-09-30,7,1502.6490,6.11,410.9879,4.44,6
002380,科远股份,2011-09-30,1,26.1224,0.38,13.5758,0.18,1
002566,益盛药业,2011-09-30,1,53.7073,0.49,53.7073,0.00,0
002376,新北洋,2011-09-30,6,2649.6850,8.83,349.8830,7.67,5
601106,中国一重,2011-09-30,4,8678.5100,1.33,2891.4000,0.89,4
300043,星辉车模,2011-09-30,6,2014.0660,12.72,594.7320,8.96,5
300046,台基股份,2011-09-30,5,636.8318,4.48,43.6813,4.17,5
300050,世纪鼎利,2011-09-30,4,1063.0770,4.92,312.7170,3.47,4
002378,章源钨业,2011-09-30,2,134.9829,0.32,134.9829,0.00,0
002379,鲁丰股份,2011-09-30,1,99.9814,0.65,99.9814,0.00,0
002382,蓝帆股份,2011-09-30,1,52.6106,0.44,37.6106,0.13,1
002421,达实智能,2011-09-30,3,516.2907,5.09,338.1326,1.76,2
002392,北京利尔,2011-09-30,1,144.3200,0.27,-17.1736,0.60,2
002384,东山精密,2011-09-30,1,79.9979,0.42,-120.0021,1.04,1
300056,三维丝,2011-09-30,5,159.6268,3.04,-15.4540,3.37,4
300055,万邦达,2011-09-30,7,2900.0350,12.67,-130.8442,13.25,8
300057,万顺股份,2011-09-30,1,192.6150,0.46,0.0000,0.46,1
002387,黑牛食品,2011-09-30,2,300.8516,1.25,-44.1600,1.44,3
002389,南洋科技,2011-09-30,3,113.8800,0.85,78.8580,0.26,1
002398,建研集团,2011-09-30,8,1255.1229,8.05,534.4363,4.62,5
002390,信邦制药,2011-09-30,1,170.0000,0.98,-265.2070,2.51,2
601669,中国水电,2011-09-30,2,29.4000,0.00,29.4000,0.00,0
002399,海普瑞,2011-09-30,5,252.4368,0.32,38.8611,0.27,5
002410,广联达,2011-09-30,7,1451.2530,5.38,340.9929,4.11,6
002408,齐翔腾达,2011-09-30,2,207.7800,0.44,-199.2553,0.87,2
002604,龙力生物,2011-09-30,2,145.1560,0.78,145.1560,0.00,0
002476,宝莫股份,2011-09-30,1,253.8640,1.41,5.8915,1.38,2
601188,龙江交通,2011-09-30,1,139.4800,0.11,139.4800,0.00,0
601518,吉林高速,2011-09-30,1,154.5150,0.13,154.5150,0.00,0
002406,远东传动,2011-09-30,1,224.9950,0.80,0.0000,0.80,1
300059,东方财富,2011-09-30,2,253.5458,1.21,79.2103,0.83,2
002439,启明星辰,2011-09-30,3,1306.6740,6.62,707.6813,6.07,4
002414,高德红外,2011-09-30,2,280.6000,0.94,-467.2347,2.49,5
002413,常发股份,2011-09-30,2,233.5429,1.59,233.5429,0.00,0
300098,高新兴,2011-09-30,2,133.3773,1.50,-101.2557,2.64,2
002580,圣阳股份,2011-09-30,1,61.5272,0.82,61.5272,0.00,0
002417,三元达,2011-09-30,4,572.1960,3.18,41.8046,2.95,4
601018,宁波港,2011-09-30,2,1954.6670,0.15,-1730.0430,0.29,2
002465,海格通信,2011-09-30,4,694.6203,2.09,138.6413,1.67,5
300068,南都电源,2011-09-30,4,1471.7690,4.95,1471.7690,0.00,0
601369,陕鼓动力,2011-09-30,3,1373.0150,0.84,1373.0150,0.00,0
002573,国电清新,2011-09-30,6,1703.3750,5.75,1603.6728,0.67,2
002428,云南锗业,2011-09-30,3,559.7089,3.43,51.9870,3.11,3
002424,贵州百灵,2011-09-30,5,1184.2497,2.52,-282.3550,6.24,7
002456,欧菲光,2011-09-30,4,526.9550,2.74,-310.5642,4.36,6
002432,九安医疗,2011-09-30,1,155.0820,0.63,155.0820,0.00,0
002434,万里扬,2011-09-30,3,642.4490,1.89,431.1115,1.24,2
300069,金利华电,2011-09-30,1,27.8948,0.36,27.8948,0.00,0
002440,闰土股份,2011-09-30,2,775.3300,2.02,703.5972,0.19,1
002437,誉衡药业,2011-09-30,4,1515.1029,5.41,606.5240,3.24,4
300080,新大新材,2011-09-30,3,601.3840,2.15,444.2650,1.12,1
300083,劲胜股份,2011-09-30,3,658.8830,3.29,-578.7398,6.19,5
300074,华平股份,2011-09-30,4,464.0901,4.64,324.0916,1.40,2
002441,众业达,2011-09-30,2,168.2144,0.73,168.2144,0.00,0
002469,三维工程,2011-09-30,3,300.3541,2.67,-201.1358,4.45,6
300084,海默科技,2011-09-30,2,572.9850,4.48,-395.6560,7.57,3
002444,巨星科技,2011-09-30,2,869.0730,1.71,-485.1285,2.67,5
002466,天齐锂业,2011-09-30,3,135.8196,0.92,115.8247,0.14,1
002445,中南重工,2011-09-30,2,315.3409,1.25,150.0387,1.34,3
300086,康芝药业,2011-09-30,5,690.7692,3.45,645.7730,0.22,1
002458,益生股份,2011-09-30,5,626.7049,4.46,112.3600,3.66,5
300088,长信科技,2011-09-30,3,834.7060,3.33,612.4713,0.89,2
300090,盛运股份,2011-09-30,6,1678.2480,6.57,326.7970,5.29,4
300096,易联众,2011-09-30,2,511.8510,2.98,265.3254,2.87,3
601000,唐山港,2011-09-30,1,175.7120,0.16,45.7120,0.13,1
002453,天马精化,2011-09-30,3,593.5059,4.95,-468.6861,8.85,7
002460,赣锋锂业,2011-09-30,1,54.3320,0.36,14.3476,0.27,2
002452,长高集团,2011-09-30,3,324.1220,3.24,18.7660,3.05,3
300179,四方达,2011-09-30,5,697.6527,8.72,-262.3341,12.00,7
300097,智云股份,2011-09-30,1,49.9960,0.83,49.9960,0.00,0
300099,尤洛卡,2011-09-30,6,469.1503,4.54,-31.9164,4.85,7
601718,际华集团,2011-09-30,7,16727.5050,4.34,5999.0320,2.78,5
300253,卫宁软件,2011-09-30,2,51.8786,0.97,51.8786,0.00,0
300094,国联水产,2011-09-30,1,120.0000,0.34,15.5460,0.30,1
300124,汇川技术,2011-09-30,10,2563.6940,11.87,59.6870,11.59,10
300089,长城集团,2011-09-30,3,604.4121,6.04,604.4121,0.00,0
300152,燃控科技,2011-09-30,3,230.2862,2.13,-226.3374,4.23,5
300245,天玑科技,2011-09-30,7,483.0188,7.21,483.0188,0.00,0
601208,东材科技,2011-09-30,9,2700.2880,8.77,874.8711,5.93,8
300102,乾照光电,2011-09-30,3,1686.7370,5.72,470.9930,4.12,4
002484,江海股份,2011-09-30,10,1260.0872,7.88,578.9657,4.26,6
300126,锐奇股份,2011-09-30,6,361.1191,2.38,-33.4369,2.60,5
300104,乐视网,2011-09-30,4,1007.9120,4.58,740.8910,1.21,2
300173,松德股份,2011-09-30,3,200.1940,2.30,91.7940,1.24,2
002470,金正大,2011-09-30,3,314.8594,0.45,-411.1742,1.04,5
300107,建新股份,2011-09-30,1,144.9970,1.08,-457.4070,4.50,3
300113,顺网科技,2011-09-30,5,979.4300,7.42,-251.4343,9.32,8
300118,东方日升,2011-09-30,1,102.9150,0.29,-507.5578,1.74,3
300133,华策影视,2011-09-30,6,499.4922,4.42,41.0939,4.06,6
300156,天立环保,2011-09-30,5,748.6013,4.67,570.2722,1.11,2
002527,新时达,2011-09-30,1,174.7640,0.87,-416.2580,2.96,3
002530,丰东股份,2011-09-30,1,34.1956,0.26,0.0000,0.26,1
002595,豪迈科技,2011-09-30,7,1745.9940,8.73,1361.6481,1.92,3
002614,蒙发利,2011-09-30,5,105.6316,0.88,105.6316,0.00,0
002475,立讯精密,2011-09-30,7,1953.1200,7.49,-850.0440,10.75,10
601886,江河创建,2011-09-30,7,1329.4307,2.37,1329.4307,0.00,0
300128,锦富新材,2011-09-30,4,482.8443,2.41,221.3695,1.31,2
601098,中南传媒,2011-09-30,5,1828.5760,1.02,1022.4250,0.45,3
002477,雏鹰农牧,2011-09-30,3,1051.3650,3.94,731.4460,1.20,2
002479,富春环保,2011-09-30,1,31.7400,0.07,6.0500,0.06,1
002481,双塔食品,2011-09-30,4,418.5533,3.49,-115.6277,4.45,3
300121,阳谷华泰,2011-09-30,4,331.9243,3.07,48.9142,2.62,2
300125,易世达,2011-09-30,5,531.9615,4.51,-24.4311,4.72,6
002486,嘉麟杰,2011-09-30,1,200.0000,0.96,-389.3800,2.83,2
002482,广田股份,2011-09-30,9,2666.9370,8.33,-34.3470,8.44,10
002485,希努尔,2011-09-30,8,1273.1482,6.37,439.3402,4.17,6
300138,晨光生物,2011-09-30,3,173.7667,1.94,113.8406,0.67,2
300122,智飞生物,2011-09-30,4,426.9654,1.07,168.1739,0.65,3
300123,太阳鸟,2011-09-30,2,602.6680,4.33,-149.4540,5.41,3
002488,金固股份,2011-09-30,2,224.1750,1.25,-77.3166,1.67,3
002518,科士达,2011-09-30,5,631.8628,5.49,396.9881,2.04,4
600998,九州通,2011-09-30,2,269.4070,0.19,119.7400,0.11,1
002493,荣盛石化,2011-09-30,5,420.9657,0.38,-119.2817,0.49,6
002497,雅化集团,2011-09-30,2,258.5486,0.81,-464.6334,2.26,5
300134,大富科技,2011-09-30,8,2042.1850,6.38,991.4667,6.57,8
300135,宝利沥青,2011-09-30,3,123.2718,0.77,-370.2576,3.08,5
300130,新国都,2011-09-30,3,130.7193,1.14,112.3960,0.16,1
002494,华斯股份,2011-09-30,1,92.8641,0.82,92.8641,0.00,0
300131,英唐智控,2011-09-30,2,150.6804,1.49,102.9910,0.47,1
002498,汉缆股份,2011-09-30,3,630.3796,0.89,206.3099,0.60,4
300137,先河环保,2011-09-30,3,377.2578,2.42,-229.1016,3.89,5
300132,青松股份,2011-09-30,3,615.7500,5.11,-9.9020,5.19,3
300136,信维通信,2011-09-30,7,1159.2229,8.69,443.4798,5.37,5
002501,利源铝业,2011-09-30,2,491.5630,2.63,362.2510,0.69,1
300141,和顺电气,2011-09-30,1,253.3570,4.59,253.3570,0.00,0
300164,通源石油,2011-09-30,4,228.1776,2.88,-133.1415,4.56,6
002554,惠博普,2011-09-30,7,1238.3302,6.12,-251.3456,7.36,8
300154,瑞凌股份,2011-09-30,4,425.8405,1.91,4.4042,1.89,4
002503,搜于特,2011-09-30,9,1154.6068,7.22,490.0321,4.15,7
300143,星河生物,2011-09-30,2,313.7680,2.13,-56.7450,2.51,4
300144,宋城股份,2011-09-30,10,3116.1800,8.43,1035.6650,5.63,8
002507,涪陵榨菜,2011-09-30,1,28.0489,0.18,9.0900,0.12,1
002515,金字火腿,2011-09-30,1,49.9888,0.52,49.9888,0.00,0
300145,南方泵业,2011-09-30,2,269.4210,1.87,-145.4310,2.88,4
300148,天舟文化,2011-09-30,3,258.0688,2.65,183.1728,0.77,2
300158,振东制药,2011-09-30,3,408.8870,2.84,341.9649,0.46,2
300168,万达信息,2011-09-30,5,479.2521,3.99,160.0468,2.66,4
300157,恒泰艾普,2011-09-30,4,896.4500,5.04,178.3180,4.04,4
002522,浙江众成,2011-09-30,2,121.5173,0.71,-11.6294,0.78,2
300146,汤臣倍健,2011-09-30,9,847.2215,7.75,147.9933,6.39,8
002547,春兴精工,2011-09-30,4,387.3467,2.73,292.2000,0.67,2
300151,昌红科技,2011-09-30,1,80.0000,0.80,-34.0000,1.13,2
002528,英飞拓,2011-09-30,7,1226.8860,5.22,968.9309,1.75,5
300147,香雪制药,2011-09-30,1,36.7200,0.15,-117.2800,0.63,1
002526,山东矿机,2011-09-30,4,973.1540,3.64,52.9354,3.45,6
002532,新界泵业,2011-09-30,1,91.2934,0.57,-2.6072,0.59,2
002531,天顺风能,2011-09-30,1,180.0000,0.87,-105.0000,1.39,2
002540,亚太科技,2011-09-30,4,269.5358,1.30,66.6269,0.98,4
300169,天晟新材,2011-09-30,5,607.1907,4.33,-170.8575,5.55,7
300208,恒顺电气,2011-09-30,1,50.0000,0.71,-0.0540,0.72,2
601933,永辉超市,2011-09-30,4,2188.3950,2.85,132.4760,2.68,4
300223,北京君正,2011-09-30,5,314.6660,3.93,161.1800,1.92,2
300191,潜能恒信,2011-09-30,3,132.7417,1.66,24.0154,1.36,2
300159,新研股份,2011-09-30,9,788.2705,8.74,-34.3760,9.12,8
002535,林州重机,2011-09-30,7,1295.4220,3.16,-2.8800,3.17,6
300163,先锋新材,2011-09-30,1,243.6790,3.08,-108.0330,4.45,1
002557,洽洽食品,2011-09-30,3,1258.4189,4.84,732.8789,2.63,1
002536,西泵股份,2011-09-30,1,80.0000,0.83,0.0000,0.83,1
601890,亚星锚链,2011-09-30,1,1079.5500,2.31,1079.5500,0.00,0
002539,新都化工,2011-09-30,1,94.8190,0.29,94.8190,0.00,0
300170,汉得信息,2011-09-30,7,891.6925,5.31,545.5361,2.14,4
300174,元力股份,2011-09-30,4,304.6040,4.48,2.1985,4.45,3
300172,中电环保,2011-09-30,1,28.0400,0.28,28.0400,0.00,0
002545,东方铁塔,2011-09-30,1,116.0000,0.45,29.0000,0.50,1
002541,鸿路钢构,2011-09-30,6,790.4411,5.90,91.3228,5.22,5
300177,中海达,2011-09-30,1,27.9500,0.56,-26.4558,1.09,2
300178,腾邦国际,2011-09-30,6,471.1653,3.95,277.1723,1.62,2
300176,鸿特精密,2011-09-30,1,77.0892,0.86,-0.4883,0.87,2
002551,尚荣医疗,2011-09-30,8,714.9635,5.81,91.0355,5.07,6
300193,佳士科技,2011-09-30,7,538.3478,2.43,144.6778,1.78,4
300216,千山药机,2011-09-30,9,652.2756,9.74,277.9423,5.59,8
300183,东软载波,2011-09-30,5,360.4230,3.60,40.0247,3.20,5
300197,铁汉生态,2011-09-30,3,216.0179,1.85,2.5530,3.47,5
002552,宝鼎重工,2011-09-30,1,476.8900,3.18,234.5900,1.62,2
002543,万和电气,2011-09-30,3,251.1862,1.26,-4.5464,1.28,3
002546,新联电子,2011-09-30,5,360.3921,2.15,236.6402,1.47,3
300182,捷成股份,2011-09-30,8,1149.0980,10.26,381.0534,6.86,6
601616,广电电气,2011-09-30,2,472.3700,0.91,-32.6300,0.97,2
300203,聚光科技,2011-09-30,4,759.1793,1.71,436.0096,0.73,3
002559,亚威股份,2011-09-30,6,173.4887,1.97,32.5565,1.60,4
002574,明牌珠宝,2011-09-30,1,155.5840,0.65,125.5860,0.12,1
601789,宁波建工,2011-09-30,1,50.0000,0.12,50.0000,0.00,0
300198,纳川股份,2011-09-30,4,430.3118,3.12,398.6590,0.34,2
300195,长荣股份,2011-09-30,6,978.0822,6.99,551.1722,4.27,5
300188,美亚柏科,2011-09-30,1,30.0000,0.56,30.0000,0.00,0
300196,长海股份,2011-09-30,6,907.7667,7.56,1.2676,7.55,6
300187,永清环保,2011-09-30,8,669.8063,10.03,-40.7793,10.64,8
300190,维尔利,2011-09-30,5,138.2360,2.61,-204.9964,6.48,6
002565,上海绿新,2011-09-30,6,651.7479,3.05,406.3379,1.84,4
300214,日科化学,2011-09-30,7,568.7146,4.21,416.2890,1.13,2
300204,舒泰神,2011-09-30,5,188.3460,2.82,163.6584,0.37,1
002563,森马服饰,2011-09-30,6,681.9979,1.02,43.7987,0.95,6
300199,翰宇药业,2011-09-30,5,389.9968,3.90,186.1550,2.04,4
002571,德力股份,2011-09-30,7,449.9771,5.29,449.9771,0.00,0
002562,兄弟科技,2011-09-30,2,95.5151,0.90,-95.2998,1.79,3
002564,张化机,2011-09-30,8,2363.5010,7.78,790.6590,5.18,8
300201,海伦哲,2011-09-30,1,137.8340,1.72,125.2430,0.16,1
002572,索菲亚,2011-09-30,8,855.5973,8.00,646.6998,3.90,7
002581,万昌科技,2011-09-30,2,83.0705,0.77,83.0705,0.00,0
601218,吉鑫科技,2011-09-30,1,35.9010,0.08,35.9010,0.00,0
300206,理邦仪器,2011-09-30,5,154.7442,1.55,-139.6358,2.94,8
300202,聚龙股份,2011-09-30,4,510.7300,6.02,218.5600,3.45,4
300210,森远股份,2011-09-30,4,444.5360,5.94,393.4316,0.68,1
300209,天泽信息,2011-09-30,5,174.1921,2.18,174.1921,0.00,0
601566,九牧王,2011-09-30,8,3960.3450,6.91,3109.9776,1.48,5
601113,华鼎锦纶,2011-09-30,3,235.9324,0.74,235.9324,0.00,0
300207,欣旺达,2011-09-30,9,1511.8173,8.04,1511.8173,0.00,0
300212,易华录,2011-09-30,3,205.1988,3.06,116.9702,1.32,4
300218,安利股份,2011-09-30,4,466.7646,4.42,418.0089,0.46,1
002584,西陇化工,2011-09-30,2,104.9934,0.52,104.9934,0.00,0
300219,鸿利光电,2011-09-30,6,767.2543,6.25,767.2543,0.00,0
300257,开山股份,2011-09-30,6,626.9779,4.38,626.9779,0.00,0
300215,电科院,2011-09-30,1,21.5493,0.24,-35.4425,1.27,1
300225,金力泰,2011-09-30,4,145.0300,2.16,145.0300,0.00,0
300217,东方电热,2011-09-30,6,494.6742,5.50,371.1292,1.37,2
300222,科大智能,2011-09-30,1,89.7456,1.50,89.7456,0.00,0
300221,银禧科技,2011-09-30,1,60.0000,0.60,60.0000,0.00,0
300228,富瑞特装,2011-09-30,7,349.8429,5.22,299.8437,0.75,1
300240,飞力达,2011-09-30,5,332.4881,3.11,332.4881,0.00,0
601311,骆驼股份,2011-09-30,2,422.4310,1.00,422.4310,0.00,0
002585,双星新材,2011-09-30,1,21.6936,0.10,-25.5115,0.23,1
002586,围海股份,2011-09-30,2,237.6990,2.22,217.6990,0.19,1
002589,瑞康医药,2011-09-30,10,1185.8973,12.64,856.2799,3.51,4
002587,奥拓电子,2011-09-30,1,47.7966,0.57,47.7966,0.00,0
300232,洲明科技,2011-09-30,1,57.0000,0.73,57.0000,0.00,0
300230,永利带业,2011-09-30,1,97.9629,1.09,67.9730,0.33,1
300234,开尔新材,2011-09-30,3,167.2791,2.09,167.2791,0.00,0
300236,上海新阳,2011-09-30,1,34.4943,0.40,-16.7671,0.60,2
300237,美晨科技,2011-09-30,1,40.0000,0.70,40.0000,0.00,0
002593,日上集团,2011-09-30,1,292.7010,1.38,292.7010,0.00,0
002598,山东章鼓,2011-09-30,3,480.0000,3.08,480.0000,0.00,0
300241,瑞丰光电,2011-09-30,4,404.1647,3.78,404.1647,0.00,0
300242,明家科技,2011-09-30,1,59.4028,0.79,59.4028,0.00,0
300258,精锻科技,2011-09-30,1,8.3299,0.08,8.3299,0.00,0
002607,亚夏汽车,2011-09-30,5,297.9666,3.39,297.9666,0.00,0
300244,迪安诊断,2011-09-30,2,84.6735,1.66,84.6735,0.00,0
300248,新开普,2011-09-30,1,17.3806,0.39,17.3806,0.00,0
002603,以岭药业,2011-09-30,7,1513.2471,3.56,1513.2471,0.00,0
002620,瑞和股份,2011-09-30,3,21.2190,0.27,21.2190,0.00,0
300251,光线传媒,2011-09-30,7,576.7630,5.26,576.7630,0.00,0
002608,舜天船舶,2011-09-30,1,15.0000,0.10,15.0000,0.00,0
300256,星星科技,2011-09-30,5,277.7653,2.78,277.7653,0.00,0
300255,常山药业,2011-09-30,3,182.4117,1.69,182.4117,0.00,0
300260,新莱应材,2011-09-30,3,124.6698,1.87,124.6698,0.00,0
002618,丹邦科技,2011-09-30,1,180.7620,1.13,180.7620,0.00,0
300261,雅本化学,2011-09-30,1,169.5410,1.87,169.5410,0.00,0
002611,东方精工,2011-09-30,3,186.9702,1.37,186.9702,0.00,0
002616,长青集团,2011-09-30,2,119.0965,0.80,119.0965,0.00,0
002612,朗姿股份,2011-09-30,7,1132.5004,5.66,1132.5004,0.00,0
