600000,浦发银行,2011-12-31,1,18213.5000,0.98,-376.1000,1.00,1
600005,武钢股份,2011-12-31,4,5904.3200,0.58,2271.9500,0.36,2
600006,东风汽车,2011-12-31,3,1696.4230,0.85,570.5770,0.56,3
600007,中国国贸,2011-12-31,3,3334.7490,3.31,1417.8940,1.90,3
600008,首创股份,2011-12-31,3,1509.3590,0.69,506.0650,0.46,2
600009,上海机场,2011-12-31,8,12362.3500,6.42,-699.4800,6.78,8
600010,包钢股份,2011-12-31,7,21676.6200,3.37,-5433.9900,4.22,7
600012,皖通高速,2011-12-31,3,771.6690,0.47,427.6880,0.21,1
600019,宝钢股份,2011-12-31,2,10826.5200,0.62,-3943.2200,0.84,3
600026,中海发展,2011-12-31,4,2057.7990,0.60,-204.8710,0.66,5
600028,中国石化,2011-12-31,3,15768.3000,0.18,-7031.6000,0.26,5
600033,福建高速,2011-12-31,2,679.9480,0.25,48.8580,0.23,2
600037,歌华有线,2011-12-31,3,2492.3730,2.35,1007.5570,1.40,2
600038,哈飞股份,2011-12-31,5,2337.7220,6.93,533.3000,5.35,4
600050,中国联通,2011-12-31,6,71025.2100,3.35,-12107.2900,3.92,7
600051,宁波联合,2011-12-31,1,128.2950,0.42,128.2950,0.00,0
600052,浙江广厦,2011-12-31,1,1360.9600,1.56,0.0000,1.56,1
600053,中江地产,2011-12-31,1,140.0000,0.32,-320.0450,1.06,2
600054,黄山旅游,2011-12-31,5,2791.6620,5.92,-215.0580,6.38,5
600055,华润万东,2011-12-31,4,1803.4820,8.33,-269.5400,9.58,4
600056,中国医药,2011-12-31,7,2677.8324,8.61,128.8284,8.20,6
600058,五矿发展,2011-12-31,7,2441.7730,2.28,1347.1860,1.02,4
600059,古越龙山,2011-12-31,1,1800.3700,2.84,-479.9580,3.59,3
600060,海信电器,2011-12-31,7,7202.4590,8.29,363.5300,7.87,6
600061,中纺投资,2011-12-31,1,2050.8800,4.78,0.0000,4.78,1
600062,华润双鹤,2011-12-31,8,8017.9660,14.02,422.3400,13.29,7
600063,皖维高新,2011-12-31,1,1300.0000,1.39,-2702.7180,4.28,4
600064,南京高科,2011-12-31,2,1354.1280,2.62,-485.0220,3.56,4
600066,宇通客车,2011-12-31,8,7755.8010,14.92,293.2330,14.35,7
600067,冠城大通,2011-12-31,5,5732.7800,7.79,220.0760,7.50,6
600068,葛洲坝,2011-12-31,4,9191.1400,2.64,1853.5200,2.10,4
600069,银鸽投资,2011-12-31,1,249.9980,0.30,0.0000,0.30,1
600071,凤凰光学,2011-12-31,1,199.3200,0.84,100.0001,0.42,1
600072,中船股份,2011-12-31,3,1408.1774,2.94,-246.8140,3.46,3
600075,新疆天业,2011-12-31,5,978.2763,2.23,237.7023,1.69,4
600077,宋都股份,2011-12-31,1,122.1880,0.23,122.1880,0.00,0
600078,澄星股份,2011-12-31,2,207.6130,0.31,207.6130,0.00,0
600079,人福医药,2011-12-31,6,4352.0400,8.82,130.2210,8.56,6
600085,同仁堂,2011-12-31,8,7594.1200,5.83,1308.9800,4.83,7
600086,东方金钰,2011-12-31,4,3729.4690,10.59,37.5320,10.48,4
600088,中视传媒,2011-12-31,5,1067.5080,3.22,-500.9220,4.73,5
600089,特变电工,2011-12-31,4,7585.2100,2.88,2182.2400,2.05,3
600096,云天化,2011-12-31,7,2372.1630,3.42,412.7300,2.82,6
600098,广州发展,2011-12-31,5,6970.5240,3.39,3529.7220,1.67,5
600099,林海股份,2011-12-31,1,429.5650,1.96,0.0000,1.96,1
600100,同方股份,2011-12-31,3,10276.9960,5.17,1858.7300,4.24,3
600101,明星电力,2011-12-31,3,1289.7130,3.98,-1698.6660,9.22,5
600104,上汽集团,2011-12-31,1,6399.9700,0.58,-16833.0600,2.51,7
600105,永鼎股份,2011-12-31,3,1978.1010,5.19,-739.7640,7.13,3
600106,重庆路桥,2011-12-31,4,1429.9840,3.15,-1310.8220,6.04,6
600107,美尔雅,2011-12-31,5,2003.9710,5.57,-219.0170,6.17,5
600108,亚盛集团,2011-12-31,2,2283.1900,1.31,-346.0980,1.51,3
600109,国金证券,2011-12-31,2,322.2470,0.32,1.2550,0.32,2
600111,包钢稀土,2011-12-31,4,2253.8120,1.86,-664.3950,2.41,5
600115,东方航空,2011-12-31,1,1960.6400,0.17,-63.3000,0.18,1
600117,西宁特钢,2011-12-31,3,1382.5710,1.87,-733.7530,2.86,3
600118,中国卫星,2011-12-31,6,5373.2990,7.62,136.3840,7.43,5
600119,长江投资,2011-12-31,3,340.7309,1.11,192.3899,0.48,1
600120,浙江东方,2011-12-31,2,683.3160,1.35,230.1290,0.90,2
600121,郑州煤电,2011-12-31,1,205.0000,0.33,0.0000,0.33,1
600123,兰花科创,2011-12-31,6,6279.2940,10.99,-638.3870,12.11,7
600125,铁龙物流,2011-12-31,5,13332.1400,10.21,-213.9500,10.38,5
600126,杭钢股份,2011-12-31,1,542.8060,0.65,-51.3820,0.71,2
600127,金健米业,2011-12-31,2,253.1420,0.46,22.3099,0.42,2
600129,太极集团,2011-12-31,1,75.0000,0.18,-57.4360,0.31,1
600131,岷江水电,2011-12-31,2,386.8230,0.77,101.0000,0.57,1
600132,重庆啤酒,2011-12-31,4,2169.8150,4.48,-1955.3720,8.52,6
600133,东湖高新,2011-12-31,2,249.9820,0.50,0.0000,0.50,2
600135,乐凯胶片,2011-12-31,2,652.8130,1.91,303.8860,1.02,1
600137,浪莎股份,2011-12-31,3,498.7400,5.13,-372.5310,8.96,5
600138,中青旅,2011-12-31,4,5346.5010,12.87,929.2610,10.63,3
600139,西部资源,2011-12-31,2,430.6274,1.17,-1191.0896,4.41,3
600141,兴发集团,2011-12-31,5,4329.3870,11.85,543.0340,10.36,5
600146,大元股份,2011-12-31,1,160.0000,0.80,-1010.0190,5.85,3
600149,廊坊发展,2011-12-31,2,763.7180,2.01,763.7180,0.00,0
600150,中国船舶,2011-12-31,3,1418.4650,1.34,32.0150,1.31,3
600151,航天机电,2011-12-31,5,876.7480,0.92,36.4375,0.88,5
600152,维科精华,2011-12-31,1,700.0000,2.39,700.0000,0.00,0
600153,建发股份,2011-12-31,7,21706.3200,9.70,-18.4700,9.71,7
600157,永泰能源,2011-12-31,5,4750.4650,8.37,-559.2000,9.35,6
600158,中体产业,2011-12-31,1,761.9850,0.90,595.1300,0.20,1
600160,巨化股份,2011-12-31,4,658.8880,0.74,-399.9382,1.20,4
600161,天坛生物,2011-12-31,3,877.7080,1.70,147.4320,1.42,3
600162,香江控股,2011-12-31,2,269.0660,0.35,-756.4590,1.34,4
600166,福田汽车,2011-12-31,2,9868.2800,4.68,-2765.0000,5.99,2
600168,武汉控股,2011-12-31,7,2828.5030,6.41,959.2900,4.24,5
600169,太原重工,2011-12-31,1,1200.0000,0.74,-613.5700,1.12,3
600170,上海建工,2011-12-31,4,697.8666,0.60,-787.9724,1.28,6
600171,上海贝岭,2011-12-31,2,250.6140,0.37,117.3720,0.20,1
600172,黄河旋风,2011-12-31,4,696.4420,2.22,201.2280,1.58,3
600173,卧龙地产,2011-12-31,2,4032.6300,5.56,-145.1797,5.76,3
600176,中国玻纤,2011-12-31,7,4079.8680,7.01,-1150.2650,8.99,7
600177,雅戈尔,2011-12-31,1,4586.1900,2.06,1353.5700,1.45,1
600178,东安动力,2011-12-31,4,384.5813,0.83,49.6346,0.72,3
600179,黑化股份,2011-12-31,1,160.0000,0.41,-84.3200,0.63,1
600183,生益科技,2011-12-31,1,299.4800,0.27,2.2900,0.27,1
600185,格力地产,2011-12-31,1,578.7340,1.00,-3023.2360,6.24,2
600186,莲花味精,2011-12-31,1,500.0900,0.47,-380.2650,0.83,2
600187,国中水务,2011-12-31,2,247.7005,0.58,247.7005,0.00,0
600188,兖州煤业,2011-12-31,5,2598.0980,0.53,-370.3800,0.60,6
600190,锦州港,2011-12-31,1,610.7320,0.39,0.0000,0.39,1
600193,创兴资源,2011-12-31,3,1833.2450,8.40,-1077.4710,13.34,4
600195,中牧股份,2011-12-31,6,3203.8240,8.21,-159.6260,8.62,8
600196,复星医药,2011-12-31,1,944.6080,0.50,-873.7530,0.95,2
600197,伊力特,2011-12-31,3,989.5020,2.24,-547.1290,3.48,5
600198,大唐电信,2011-12-31,2,1008.4100,2.30,-180.7310,2.71,2
600199,金种子酒,2011-12-31,7,5918.8650,10.65,1412.2840,8.11,6
600202,哈空调,2011-12-31,1,318.1660,0.83,-271.5220,1.54,2
600208,新湖中宝,2011-12-31,7,36990.3800,5.96,6356.3900,4.93,7
600210,紫江企业,2011-12-31,3,1766.4140,1.23,-361.1210,1.48,4
600211,西藏药业,2011-12-31,1,329.2440,2.26,329.2440,0.00,0
600215,长春经开,2011-12-31,2,1075.2330,2.31,0.0000,2.31,2
600216,浙江医药,2011-12-31,5,2962.8700,6.58,178.0480,6.19,5
600218,全柴动力,2011-12-31,2,667.7820,2.36,218.4270,1.59,2
600219,南山铝业,2011-12-31,4,1952.4340,1.01,195.4030,0.91,3
600220,江苏阳光,2011-12-31,1,304.1120,0.17,-1127.0100,0.80,3
600221,海南航空,2011-12-31,5,6451.6580,1.56,-1798.6620,2.00,6
600223,鲁商置业,2011-12-31,5,4061.0610,4.06,-2346.6690,6.40,5
600226,升华拜克,2011-12-31,2,1622.6710,4.00,450.8340,2.89,2
600227,赤天化,2011-12-31,2,360.0640,0.38,172.1180,0.20,1
600229,青岛碱业,2011-12-31,1,630.0370,1.59,0.0000,1.59,1
600231,凌钢股份,2011-12-31,1,3706.2700,4.61,-408.8860,5.12,2
600233,大杨创世,2011-12-31,2,583.3900,3.54,-1005.8960,9.63,6
600236,桂冠电力,2011-12-31,4,3769.1240,1.65,155.3490,1.58,4
600237,铜峰电子,2011-12-31,1,200.0000,0.50,-18.7980,0.55,1
600238,海南椰岛,2011-12-31,1,474.2380,1.06,-645.7020,2.50,3
600239,云南城投,2011-12-31,6,6107.0030,7.42,4807.0030,1.58,2
600240,华业地产,2011-12-31,4,5425.1080,8.41,3726.0530,2.63,2
600246,万通地产,2011-12-31,5,2685.5000,2.21,1015.1160,1.37,4
600247,成城股份,2011-12-31,1,71.7610,0.21,71.7610,0.00,0
600248,延长化建,2011-12-31,1,100.0000,0.23,100.0000,0.00,0
600252,中恒集团,2011-12-31,8,13927.1180,12.76,-1539.3020,14.17,7
600256,广汇能源,2011-12-31,6,13640.1800,7.01,447.1200,6.78,5
600257,大湖股份,2011-12-31,5,2549.0550,5.97,776.1230,4.15,3
600258,首旅酒店,2011-12-31,3,973.5590,4.21,-324.4830,5.61,3
600260,凯乐科技,2011-12-31,2,1169.9690,2.22,421.8350,1.42,3
600261,阳光照明,2011-12-31,6,3864.9990,10.32,-914.6550,12.76,7
600262,北方股份,2011-12-31,6,1581.7182,9.30,81.1882,8.83,5
600266,北京城建,2011-12-31,9,14948.2840,16.81,1173.3230,15.49,9
600267,海正药业,2011-12-31,7,7541.5200,14.37,429.3520,13.55,7
600269,赣粤高速,2011-12-31,6,7002.4530,3.00,2813.2670,1.79,4
600276,恒瑞医药,2011-12-31,5,5276.8390,4.69,139.7450,4.57,5
600277,亿利能源,2011-12-31,1,349.9940,0.39,0.0000,0.39,1
600279,重庆港九,2011-12-31,1,68.2800,0.20,0.0000,0.20,1
600280,中央商场,2011-12-31,3,1638.6850,11.42,-205.8040,12.85,4
600281,太化股份,2011-12-31,1,223.9120,0.44,0.0000,0.44,1
600282,南钢股份,2011-12-31,3,1138.1890,0.29,352.8810,0.20,2
600283,钱江水利,2011-12-31,5,2035.5790,7.13,234.9380,6.31,5
600285,羚锐制药,2011-12-31,1,153.8460,0.77,-331.9480,2.42,3
600287,江苏舜天,2011-12-31,3,1068.7340,2.45,0.0000,2.45,3
600288,大恒科技,2011-12-31,2,316.0000,0.72,-75.3530,0.90,2
600290,华仪电气,2011-12-31,2,716.8728,1.36,-793.8072,2.87,4
600291,西水股份,2011-12-31,1,517.5600,1.35,-1030.0400,4.03,1
600292,中电远达,2011-12-31,6,2924.4670,5.71,736.8890,4.27,5
600297,美罗药业,2011-12-31,1,48.8880,0.14,48.8880,0.00,0
600298,安琪酵母,2011-12-31,8,3577.8790,10.85,594.5320,9.05,8
600300,维维股份,2011-12-31,4,2275.9680,1.36,-2325.4980,2.75,6
600302,标准股份,2011-12-31,1,122.6300,0.35,-119.9950,0.70,2
600303,曙光股份,2011-12-31,6,5297.9780,9.22,-1063.2340,11.07,6
600305,恒顺醋业,2011-12-31,1,550.0000,4.33,-440.7250,7.79,2
600306,商业城,2011-12-31,1,290.9070,1.63,-203.8900,2.78,1
600307,酒钢宏兴,2011-12-31,4,2629.4520,0.64,-712.3790,0.82,4
600308,华泰股份,2011-12-31,1,221.3610,0.19,-199.2340,0.36,2
600309,万华化学,2011-12-31,6,14434.2400,6.68,922.4300,6.25,6
600310,桂东电力,2011-12-31,5,3558.9070,12.90,512.6280,11.04,4
600311,荣华实业,2011-12-31,1,180.2730,0.27,-190.3630,0.56,2
600312,平高电气,2011-12-31,8,7838.0810,9.57,5963.2990,2.29,3
600315,上海家化,2011-12-31,7,6180.3300,14.61,-281.9970,15.28,7
600316,洪都航空,2011-12-31,4,3351.5820,4.67,106.7300,4.52,4
600317,营口港,2011-12-31,2,255.1450,0.23,119.4940,0.12,1
600318,巢东股份,2011-12-31,4,1806.4230,7.46,-1027.2740,11.71,7
600319,*ST亚星,2011-12-31,1,95.9263,0.30,0.0000,0.30,1
600322,天房发展,2011-12-31,3,1046.3890,0.95,-453.6110,1.36,2
600323,南海发展,2011-12-31,2,905.9800,2.79,-838.4170,5.36,3
600326,西藏天路,2011-12-31,1,103.7460,0.19,-800.1430,1.65,2
600327,大东方,2011-12-31,9,11930.9960,22.87,2263.9640,18.53,7
600328,兰太实业,2011-12-31,1,65.7606,0.18,-54.2334,0.33,1
600329,中新药业,2011-12-31,2,1478.4740,2.00,1029.6630,0.61,1
600331,宏达股份,2011-12-31,6,4626.7740,4.48,-1598.2480,6.03,6
600332,白云山,2011-12-31,1,437.9900,0.54,0.0000,0.54,1
600333,长春燃气,2011-12-31,2,222.9220,0.48,5.4600,0.47,2
600335,国机汽车,2011-12-31,5,3410.2200,6.09,345.5050,5.47,5
600336,澳柯玛,2011-12-31,1,315.7120,0.93,3.1470,0.92,1
600337,美克股份,2011-12-31,3,3772.5000,5.96,-1775.7160,8.77,6
600339,天利高新,2011-12-31,1,109.6080,0.19,-1665.7800,3.07,4
600346,大橡塑,2011-12-31,1,80.3366,0.33,-177.8813,1.23,3
600350,山东高速,2011-12-31,4,2076.9340,0.43,1075.6540,0.21,3
600351,亚宝药业,2011-12-31,2,471.4290,0.74,172.5080,0.47,2
600359,新农开发,2011-12-31,2,121.1723,0.38,28.8816,0.29,2
600360,华微电子,2011-12-31,1,183.8170,0.27,-269.9980,0.67,2
600361,华联综超,2011-12-31,2,3084.1400,4.63,-2048.7250,7.71,4
600362,江西铜业,2011-12-31,5,4185.9670,1.21,-20.6260,1.21,5
600363,联创光电,2011-12-31,3,1076.4540,2.90,-1293.5840,6.39,3
600366,宁波韵升,2011-12-31,6,4994.2900,9.71,-435.8440,10.55,7
600367,红星发展,2011-12-31,1,720.0000,2.47,-170.3580,3.06,2
600371,万向德农,2011-12-31,5,712.1066,4.18,609.7526,0.60,1
600373,中文传媒,2011-12-31,5,1059.4800,1.87,-2462.3950,6.21,7
600376,首开股份,2011-12-31,4,6090.0400,4.07,1004.6100,3.40,3
600378,天科股份,2011-12-31,2,954.0020,3.53,214.8340,2.74,2
600380,健康元,2011-12-31,4,938.6990,0.73,0.5240,0.73,4
600382,广东明珠,2011-12-31,1,200.0000,0.59,-2204.8640,7.04,5
600383,金地集团,2011-12-31,3,18305.9500,4.09,-1665.9600,4.47,3
600386,北巴传媒,2011-12-31,3,1110.4859,2.75,-367.8321,3.67,3
600388,龙净环保,2011-12-31,5,1525.5130,7.13,-260.8430,8.35,5
600389,江山股份,2011-12-31,1,77.4080,0.39,77.4080,0.00,0
600391,成发科技,2011-12-31,1,32.3300,0.18,0.0000,0.18,1
600395,盘江股份,2011-12-31,3,1413.0640,1.28,-571.4220,1.80,4
600396,金山股份,2011-12-31,3,716.4080,2.10,466.4170,0.73,1
600397,安源煤业,2011-12-31,1,101.0230,0.38,-384.0960,1.80,1
600399,抚顺特钢,2011-12-31,1,95.4200,0.18,-104.5800,0.38,1
600415,小商品城,2011-12-31,4,7603.4700,2.79,-1889.0700,3.49,5
600416,湘电股份,2011-12-31,2,2035.8560,3.35,-589.4030,4.31,4
600418,江淮汽车,2011-12-31,5,11623.3800,9.02,-833.6890,9.67,6
600422,昆明制药,2011-12-31,5,2796.8410,8.90,-407.8940,10.20,5
600426,华鲁恒升,2011-12-31,2,4451.8400,4.67,-1452.5060,6.19,5
600428,中远航运,2011-12-31,5,8781.2400,5.19,-35.7960,5.22,5
600456,宝钛股份,2011-12-31,5,1669.6900,3.88,-1355.2200,7.03,7
600458,时代新材,2011-12-31,3,4063.8180,7.86,2947.8180,2.16,1
600466,迪康药业,2011-12-31,1,93.7504,0.21,93.7504,0.00,0
600468,百利电气,2011-12-31,5,2865.6970,6.28,-16.5430,6.32,5
600486,扬农化工,2011-12-31,5,1277.2550,7.42,-68.7110,7.82,5
600488,天药股份,2011-12-31,4,1854.0750,3.42,106.9840,3.22,3
600496,精工钢构,2011-12-31,5,4818.2310,8.21,724.1470,7.05,4
600498,烽火通信,2011-12-31,7,5047.1780,11.41,18.0030,11.37,7
600499,科达机电,2011-12-31,5,4073.8260,6.45,194.8410,6.39,5
600500,中化国际,2011-12-31,2,718.7420,0.50,328.4400,0.27,1
600501,航天晨光,2011-12-31,2,537.5404,1.38,479.8050,0.15,1
600505,西昌电力,2011-12-31,2,1678.0940,4.60,1678.0940,0.00,0
600508,上海能源,2011-12-31,3,422.5990,0.58,-365.4721,1.09,4
600509,天富热电,2011-12-31,3,538.4580,0.82,-1019.5195,2.38,4
600510,黑牡丹,2011-12-31,3,2745.5360,3.45,354.1860,3.01,2
600511,国药股份,2011-12-31,6,5938.8930,12.40,1098.7440,10.11,5
600516,方大炭素,2011-12-31,3,972.7090,0.76,-17.3380,0.77,3
600518,康美药业,2011-12-31,5,19100.8500,8.69,2485.9200,7.56,4
600519,贵州茅台,2011-12-31,5,2611.1710,2.52,120.1560,2.40,4
600520,中发科技,2011-12-31,1,89.2570,0.79,-136.9670,2.00,1
600522,中天科技,2011-12-31,2,1107.5500,2.83,138.9070,2.47,2
600525,长园集团,2011-12-31,2,570.6960,0.66,-384.8300,1.11,2
600528,中铁二局,2011-12-31,4,1411.8080,0.97,-634.6390,1.40,5
600529,山东药玻,2011-12-31,6,3292.4450,12.79,599.4960,10.46,5
600531,豫光金铅,2011-12-31,3,113.4634,0.38,-296.3777,1.39,4
600532,宏达矿业,2011-12-31,1,62.8900,0.41,62.8900,0.00,0
600533,栖霞建设,2011-12-31,2,1527.0310,1.45,-2192.9690,3.54,2
600535,天士力,2011-12-31,5,3429.3970,6.64,291.8610,6.08,6
600536,中国软件,2011-12-31,1,67.8671,0.30,67.8671,0.00,0
600548,深高速,2011-12-31,1,1021.0200,0.47,1021.0200,0.00,0
600549,厦门钨业,2011-12-31,2,1267.0440,1.86,-268.0940,2.25,3
600550,天威保变,2011-12-31,2,624.4820,0.45,2.8820,0.45,2
600551,时代出版,2011-12-31,2,1300.4550,2.57,1300.4550,0.00,0
600552,方兴科技,2011-12-31,2,366.6340,3.13,42.8740,2.77,2
600557,康缘药业,2011-12-31,6,5313.3500,12.55,307.0320,11.83,6
600559,老白干酒,2011-12-31,7,2190.6380,15.65,222.2210,14.06,7
600560,金自天正,2011-12-31,5,1069.6150,7.17,284.7070,5.26,3
600563,法拉电子,2011-12-31,4,1373.0760,6.10,-244.9590,7.19,5
600569,安阳钢铁,2011-12-31,3,974.1780,0.41,642.6000,0.14,1
600571,信雅达,2011-12-31,3,632.9560,3.12,200.9770,2.22,2
600577,精达股份,2011-12-31,1,738.2910,2.05,-609.9360,3.74,2
600578,京能电力,2011-12-31,1,1387.9000,1.76,-1879.4530,4.15,5
600580,卧龙电气,2011-12-31,1,423.7590,0.62,-926.3110,1.96,1
600581,八一钢铁,2011-12-31,4,3277.4750,4.28,-1079.3480,5.68,5
600582,天地科技,2011-12-31,6,8820.5820,8.72,1285.6020,7.45,5
600583,海油工程,2011-12-31,5,11710.4940,3.01,-865.1360,3.23,5
600585,海螺水泥,2011-12-31,3,8569.5600,1.62,-9282.2300,3.37,6
600586,金晶科技,2011-12-31,4,845.8190,0.59,61.6520,0.55,4
600587,新华医疗,2011-12-31,6,2445.7080,18.20,396.7670,15.25,6
600588,用友软件,2011-12-31,2,2540.1700,3.11,-288.6600,3.47,2
600590,泰豪科技,2011-12-31,2,586.4450,1.29,426.6100,0.35,1
600592,龙溪股份,2011-12-31,3,2280.8190,7.60,50.1250,7.44,4
600595,中孚实业,2011-12-31,6,1598.1060,1.05,-2895.0140,2.97,6
600596,新安股份,2011-12-31,2,2499.2010,3.68,-1535.4400,5.94,3
600597,光明乳业,2011-12-31,5,4263.1750,4.06,-1406.1050,5.40,4
600598,北大荒,2011-12-31,5,7284.5110,4.10,-1255.3350,4.80,5
600600,青岛啤酒,2011-12-31,2,1423.1550,1.05,202.1660,0.90,2
600601,方正科技,2011-12-31,2,1020.4850,0.46,89.9000,0.42,2
600602,仪电电子,2011-12-31,1,142.9390,0.12,12.4900,0.11,1
600606,金丰投资,2011-12-31,1,89.4696,0.18,89.4696,0.00,0
600612,老凤祥,2011-12-31,4,2619.4700,6.01,298.5230,5.32,4
600622,嘉宝集团,2011-12-31,3,2196.9480,4.27,2196.9480,0.00,0
600626,申达股份,2011-12-31,1,149.9940,0.21,149.9940,0.00,0
600628,新世界,2011-12-31,2,1099.6340,2.07,160.0110,1.77,2
600633,浙报传媒,2011-12-31,1,69.9936,0.16,-27.4369,0.23,1
600635,大众公用,2011-12-31,3,1542.2860,0.94,-794.2830,1.42,5
600636,三爱富,2011-12-31,2,228.4410,0.66,-1062.4110,3.72,3
600637,百视通,2011-12-31,6,4883.1620,4.38,4220.9760,0.93,2
600639,浦东金桥,2011-12-31,5,2132.4750,2.30,567.1660,1.69,4
600640,号百控股,2011-12-31,1,219.9840,0.55,69.9840,0.37,1
600641,万业企业,2011-12-31,1,121.7740,0.15,121.7740,0.00,0
600642,申能股份,2011-12-31,2,8338.6900,1.76,3308.9700,1.06,2
600643,爱建股份,2011-12-31,1,239.6310,0.29,239.6310,0.00,0
600644,乐山电力,2011-12-31,3,156.2531,0.48,99.7628,0.17,1
600645,中源协和,2011-12-31,1,600.0420,1.85,600.0420,0.00,0
600648,外高桥,2011-12-31,1,278.5330,0.28,278.5330,0.00,0
600649,城投控股,2011-12-31,2,1052.7490,0.46,428.8250,0.27,1
600651,飞乐音响,2011-12-31,2,2330.9940,3.78,0.0000,3.78,2
600653,申华控股,2011-12-31,2,811.9550,0.46,71.5400,0.42,2
600654,飞乐股份,2011-12-31,1,204.4920,0.27,17.8500,0.25,1
600655,豫园商城,2011-12-31,1,3144.5100,2.19,1006.6800,1.49,1
600657,信达地产,2011-12-31,2,2700.0160,1.77,0.0000,1.77,2
600658,电子城,2011-12-31,3,638.0520,1.10,-949.3820,2.74,4
600660,福耀玻璃,2011-12-31,3,9825.3300,4.91,20.0200,4.90,4
600662,强生控股,2011-12-31,2,293.8450,0.28,293.8450,0.00,0
600663,陆家嘴,2011-12-31,1,570.7830,0.31,570.7830,0.00,0
600664,哈药股份,2011-12-31,2,1988.5630,1.23,-6339.7970,5.16,3
600665,天地源,2011-12-31,2,3407.9341,4.73,-102.2359,4.87,1
600667,太极实业,2011-12-31,1,1000.0000,2.13,-305.3000,2.78,1
600673,东阳光铝,2011-12-31,5,2707.9380,3.27,-342.8310,3.69,5
600674,川投能源,2011-12-31,4,1344.0860,1.44,241.4690,1.18,3
600675,中华企业,2011-12-31,3,7907.7970,5.59,-78.8040,5.65,4
600676,交运股份,2011-12-31,2,403.9920,0.55,10.3800,0.54,2
600677,航天通信,2011-12-31,1,64.3087,0.20,2.3087,0.19,1
600679,金山开发,2011-12-31,1,97.3064,0.28,-0.6957,0.28,1
600682,南京新百,2011-12-31,1,753.5140,2.10,-453.6640,3.37,2
600683,京投银泰,2011-12-31,4,1898.7900,2.56,177.5190,2.32,3
600684,珠江实业,2011-12-31,1,542.0270,2.23,110.9200,1.77,1
600685,广船国际,2011-12-31,3,2067.9110,3.22,603.3960,2.28,2
600686,金龙汽车,2011-12-31,4,4206.5760,9.50,-1714.9620,13.38,4
600688,上海石化,2011-12-31,5,10970.4650,1.52,15.6020,1.52,6
600689,上海三毛,2011-12-31,1,100.0000,0.50,0.0000,0.50,1
600690,青岛海尔,2011-12-31,6,23166.9100,8.63,-226.5000,8.73,7
600693,东百集团,2011-12-31,4,2126.2780,6.20,-702.9520,8.24,5
600694,大商股份,2011-12-31,6,4857.5870,16.54,244.6410,15.71,6
600697,欧亚集团,2011-12-31,7,3263.3210,20.51,722.8550,15.97,6
600702,沱牌舍得,2011-12-31,5,3643.0890,10.80,-210.5530,11.42,7
600703,三安光电,2011-12-31,1,3152.0300,2.18,-4773.1930,5.49,3
600704,物产中大,2011-12-31,3,1854.1990,2.81,618.4430,1.88,3
600706,曲江文旅,2011-12-31,2,609.0830,6.97,128.4450,5.50,2
600708,海博股份,2011-12-31,2,472.6093,0.93,-73.9653,1.07,2
600712,南宁百货,2011-12-31,2,130.5221,0.38,-688.1699,3.14,3
600713,南京医药,2011-12-31,3,819.9850,1.18,-2866.8310,5.32,5
600716,凤凰股份,2011-12-31,2,2009.9450,2.71,2009.9450,0.00,0
600717,天津港,2011-12-31,4,4516.5700,2.70,561.6580,2.36,3
600718,东软集团,2011-12-31,1,1899.9800,1.55,599.9800,1.06,1
600720,祁连山,2011-12-31,3,1646.6700,3.47,-417.2230,4.35,5
600723,首商股份,2011-12-31,7,4884.7960,7.42,-165.4960,7.67,8
600724,宁波富达,2011-12-31,3,3772.5600,2.61,968.3580,1.94,3
600725,云维股份,2011-12-31,3,1123.6380,1.82,870.2884,0.41,2
600726,华电能源,2011-12-31,1,400.0000,0.20,-101.5290,0.26,1
600729,重庆百货,2011-12-31,6,2490.7350,6.68,-313.6250,7.52,6
600736,苏州高新,2011-12-31,1,468.3430,0.44,311.4400,0.15,1
600737,中粮屯河,2011-12-31,4,2229.9030,2.22,-990.0960,3.20,5
600738,兰州民百,2011-12-31,1,93.6900,0.36,93.6900,0.00,0
600739,辽宁成大,2011-12-31,3,5580.3200,4.09,-6226.0700,8.65,6
600741,华域汽车,2011-12-31,6,15755.4600,6.10,1245.3500,5.62,6
600742,一汽富维,2011-12-31,6,2106.4500,9.96,-376.3380,11.74,5
600744,华银电力,2011-12-31,1,1618.3400,2.27,88.3500,2.15,1
600748,上实发展,2011-12-31,2,267.3570,0.25,-168.8540,0.40,3
600749,西藏旅游,2011-12-31,4,1327.9160,7.02,-329.4580,8.76,4
600750,江中药业,2011-12-31,6,3949.4720,12.69,-228.2000,13.43,7
600892,宝诚股份,2011-12-31,1,252.9660,4.01,-0.9200,4.02,1
600893,航空动力,2011-12-31,3,2465.8770,2.26,-182.4730,2.43,2
600894,广日股份,2011-12-31,1,2059.2800,2.70,-48.0000,2.76,1
600895,张江高科,2011-12-31,8,8314.6770,5.37,350.7150,5.14,7
600896,中海海盛,2011-12-31,1,125.9550,0.22,-109.0960,0.40,2
600897,厦门空港,2011-12-31,3,287.2613,0.96,111.3000,0.59,2
600295,鄂尔多斯,2011-12-31,2,1060.5040,1.03,-141.8350,1.17,2
600320,振华重工,2011-12-31,3,2929.6600,0.67,870.7780,0.47,2
000001,平安银行,2011-12-31,3,9985.6100,1.95,347.0900,1.88,3
000002,万科A,2011-12-31,4,42768.4300,3.89,-1244.2300,4.00,4
000004,国农科技,2011-12-31,1,65.9940,0.79,0.0000,0.79,1
000006,深振业A,2011-12-31,1,1163.3900,1.18,29.8800,1.15,1
000009,中国宝安,2011-12-31,7,12687.4900,11.63,-626.7000,12.21,7
000012,南玻A,2011-12-31,3,5113.4000,2.46,-10311.5300,7.43,5
000014,沙河股份,2011-12-31,2,514.5800,2.55,-115.4470,3.12,2
000016,深康佳A,2011-12-31,2,2032.7410,1.69,432.7410,1.33,1
000021,长城开发,2011-12-31,7,3164.4330,2.40,-2136.1130,4.02,5
000023,深天地A,2011-12-31,1,62.4986,0.45,-20.4225,0.60,1
000024,招商地产,2011-12-31,4,6909.9500,4.02,-1136.1300,4.69,5
000025,特力A,2011-12-31,1,79.3871,0.36,0.0000,0.36,1
000026,飞亚达A,2011-12-31,5,4180.4230,10.64,500.6460,9.37,5
000027,深圳能源,2011-12-31,7,6389.7310,2.42,1825.7750,1.73,6
000028,国药一致,2011-12-31,8,5034.9210,17.47,59.3960,17.27,8
000031,中粮地产,2011-12-31,8,14915.4700,8.22,2213.3200,7.00,9
000036,华联控股,2011-12-31,1,299.9930,0.27,0.0000,0.27,1
000039,中集集团,2011-12-31,2,2268.0060,0.85,-315.7440,0.97,2
000043,中航地产,2011-12-31,3,1374.6480,4.12,210.8260,3.49,3
000046,泛海建设,2011-12-31,3,8844.9400,1.94,2338.5000,1.43,2
000049,德赛电池,2011-12-31,5,547.9179,4.00,308.7420,1.75,3
000050,深天马A,2011-12-31,2,472.5270,0.82,-3444.4390,6.82,5
000059,辽通化工,2011-12-31,6,4399.4060,3.66,872.1600,2.94,6
000060,中金岭南,2011-12-31,6,6978.1850,3.38,-1097.4650,3.91,7
000061,农产品,2011-12-31,3,7025.1300,9.14,-1223.9300,10.73,4
000062,深圳华强,2011-12-31,2,747.6630,1.12,-49.6850,1.20,2
000063,中兴通讯,2011-12-31,2,4906.3000,1.43,-1514.3000,1.87,3
000065,北方国际,2011-12-31,1,137.6070,0.85,56.5104,0.50,1
000066,长城电脑,2011-12-31,3,1143.1640,0.86,167.0680,0.74,3
000069,华侨城A,2011-12-31,6,23693.0600,4.24,2091.3300,3.86,6
000078,海王生物,2011-12-31,2,242.6990,0.37,21.3803,0.34,2
000089,深圳机场,2011-12-31,2,3506.3090,2.07,15.9900,2.06,2
000090,深天健,2011-12-31,3,1549.9900,3.39,34.3600,3.32,3
000099,中信海直,2011-12-31,2,1512.3628,2.94,517.1710,1.94,3
000159,国际实业,2011-12-31,2,156.5848,0.33,-3.0808,0.33,2
000301,东方市场,2011-12-31,3,772.6710,0.63,561.8760,0.17,1
000400,许继电气,2011-12-31,8,5633.1200,14.89,624.6790,13.24,8
000401,冀东水泥,2011-12-31,5,8434.9520,6.96,-3373.7710,9.74,7
000402,金融街,2011-12-31,4,12760.5300,4.22,3377.0900,3.10,3
000404,华意压缩,2011-12-31,1,300.9850,0.93,-999.9830,4.01,2
000407,胜利股份,2011-12-31,1,361.1400,0.56,-130.0000,0.76,1
000410,沈阳机床,2011-12-31,3,807.8530,1.48,-23.9040,1.52,3
000413,宝石A,2011-12-31,1,1260.0000,3.29,236.4000,2.67,1
000415,渤海租赁,2011-12-31,4,1242.5740,1.27,-636.1570,1.92,6
000417,合肥百货,2011-12-31,7,6513.0300,12.53,-452.7260,13.40,7
000418,小天鹅A,2011-12-31,3,4014.3330,6.35,-2993.6600,11.08,6
000419,通程控股,2011-12-31,1,286.0000,0.63,-92.7850,0.84,1
000420,吉林化纤,2011-12-31,2,899.9980,2.38,-250.0020,3.04,1
000422,湖北宜化,2011-12-31,6,4845.0490,8.93,-594.9040,10.03,7
000423,东阿阿胶,2011-12-31,8,5852.3050,8.95,757.9120,7.79,7
000425,徐工机械,2011-12-31,3,3423.8140,1.66,-3115.5010,3.17,7
600754,锦江股份,2011-12-31,6,3517.7160,5.83,137.2860,5.60,6
600755,厦门国贸,2011-12-31,3,650.0740,0.49,38.1600,0.46,3
600758,红阳能源,2011-12-31,1,368.3970,1.77,368.3970,0.00,0
600760,*ST黑豹,2011-12-31,1,500.0000,1.45,-1752.4660,6.53,5
600761,安徽合力,2011-12-31,6,4685.5630,10.94,-1213.4970,13.77,7
600763,通策医疗,2011-12-31,8,3689.5530,23.01,376.0300,20.67,8
600765,中航重机,2011-12-31,5,4967.7560,6.39,951.4960,5.16,4
600768,宁波富邦,2011-12-31,2,126.7330,0.95,48.9930,0.58,1
600770,综艺股份,2011-12-31,5,9084.9130,12.34,-383.8300,12.86,5
600773,西藏城投,2011-12-31,2,126.5877,0.22,-154.4043,0.49,1
600774,汉商集团,2011-12-31,1,77.7056,0.45,77.7056,0.00,0
600776,东方通信,2011-12-31,2,2114.7630,1.68,186.3430,1.54,3
600778,友好集团,2011-12-31,8,6417.0110,20.60,984.5020,17.44,7
600779,水井坊,2011-12-31,6,1631.1860,3.34,408.4740,2.50,5
600780,通宝能源,2011-12-31,5,7138.3050,6.23,5488.1850,1.44,1
600782,新钢股份,2011-12-31,1,286.1020,0.21,-1487.1170,1.27,4
600783,鲁信创投,2011-12-31,3,367.5676,0.49,367.5676,0.00,0
600785,新华百货,2011-12-31,7,4513.7770,21.76,-61.1630,22.06,7
600787,中储股份,2011-12-31,5,8186.0260,9.74,-737.0450,10.62,4
600789,鲁抗医药,2011-12-31,2,189.2798,0.33,88.6458,0.17,1
600790,轻纺城,2011-12-31,1,244.9410,0.40,-1547.4870,2.90,3
600795,国电电力,2011-12-31,3,26625.5200,1.73,12254.8700,0.93,2
600797,浙大网新,2011-12-31,2,391.4810,0.46,34.4900,0.42,2
600798,宁波海运,2011-12-31,2,320.9060,0.37,-35.6870,0.41,1
600801,华新水泥,2011-12-31,3,2520.4240,2.69,-1292.8010,4.72,4
600802,福建水泥,2011-12-31,1,350.0000,0.92,-968.9860,3.45,2
600803,威远生化,2011-12-31,1,396.3870,1.27,0.0000,1.27,1
600804,鹏博士,2011-12-31,2,4973.4700,3.72,2673.4900,1.72,1
600805,悦达投资,2011-12-31,6,7295.0610,10.29,-1093.4710,11.83,7
600808,马钢股份,2011-12-31,3,6670.0600,0.87,-4289.4600,1.42,4
600809,山西汾酒,2011-12-31,8,3742.7910,8.65,529.5010,7.42,8
600811,东方集团,2011-12-31,5,5512.6920,3.31,-507.3240,3.61,5
600812,华北制药,2011-12-31,3,5148.1060,5.01,-2789.1880,7.72,7
600814,杭州解百,2011-12-31,4,1014.6620,3.27,-189.2040,3.88,3
600815,厦工股份,2011-12-31,3,5573.6940,7.15,-2694.1570,10.60,5
600816,安信信托,2011-12-31,2,834.8100,1.84,-135.8740,2.14,3
600819,耀皮玻璃,2011-12-31,1,1408.2500,1.93,-252.7200,2.27,1
600823,世茂股份,2011-12-31,5,8459.9300,7.23,876.9740,6.48,5
600824,益民集团,2011-12-31,1,138.7740,0.19,12.1200,0.17,1
600825,新华传媒,2011-12-31,2,1368.6250,1.31,1368.6250,0.00,0
600827,友谊股份,2011-12-31,4,5762.4100,3.35,-1446.4400,4.19,4
600828,成商集团,2011-12-31,8,6157.0600,14.03,1721.2750,10.11,7
600829,三精制药,2011-12-31,2,429.2300,0.74,229.0810,0.35,1
600830,香溢融通,2011-12-31,3,2203.0730,4.85,-53.6550,4.97,3
600831,广电网络,2011-12-31,6,5241.4280,9.30,988.0720,7.55,5
600832,东方明珠,2011-12-31,2,1569.7630,0.49,704.6760,0.27,1
600834,申通地铁,2011-12-31,2,88.7736,0.19,88.7736,0.00,0
600835,上海机电,2011-12-31,4,2670.5590,2.61,-2057.4820,4.62,6
600836,界龙实业,2011-12-31,2,116.6304,0.37,-57.1230,0.55,3
600839,四川长虹,2011-12-31,7,23077.6500,5.00,3736.9400,4.19,6
600844,丹化科技,2011-12-31,3,2438.7600,3.13,-56.5000,3.20,3
600845,宝信软件,2011-12-31,1,574.5670,1.69,574.5670,0.00,0
600847,万里股份,2011-12-31,1,240.0620,2.71,240.0620,0.00,0
601607,上海医药,2011-12-31,2,3620.0530,1.35,79.7590,1.32,4
600850,华东电脑,2011-12-31,3,551.4193,3.22,451.4250,0.58,1
600858,银座股份,2011-12-31,5,3137.2440,10.86,944.0280,7.59,3
600859,王府井,2011-12-31,6,3591.1750,7.76,-139.5590,8.93,6
600861,北京城乡,2011-12-31,2,893.4990,2.82,-434.2050,4.19,4
600863,内蒙华电,2011-12-31,5,6805.5900,3.44,2956.3160,1.94,3
600865,百大集团,2011-12-31,2,1795.9900,4.77,-0.8450,4.78,2
600866,星湖科技,2011-12-31,2,909.9830,1.65,909.9830,0.00,0
600867,通化东宝,2011-12-31,4,3212.3900,4.14,1062.2800,2.77,3
600869,远东电缆,2011-12-31,1,114.2640,0.23,-796.4470,2.13,2
600870,厦华电子,2011-12-31,1,800.0000,2.16,-734.9590,4.14,2
600871,仪征化纤,2011-12-31,1,3253.6900,0.81,-96.6400,0.84,1
600872,中炬高新,2011-12-31,3,1850.0110,2.32,-288.0190,2.68,5
600873,梅花集团,2011-12-31,3,584.1490,0.22,584.1490,0.00,0
600874,创业环保,2011-12-31,2,370.3520,0.26,140.8370,0.16,1
600875,东方电气,2011-12-31,4,3419.0230,1.71,377.9460,1.52,4
600879,航天电子,2011-12-31,3,3460.3450,4.27,338.9950,3.85,3
600880,博瑞传播,2011-12-31,9,9020.9390,14.37,3545.2690,8.76,5
600881,亚泰集团,2011-12-31,4,5436.6850,2.87,-8718.8560,7.47,5
600884,杉杉股份,2011-12-31,3,828.7180,2.02,252.4200,1.40,3
600886,国投电力,2011-12-31,5,13880.9500,5.92,5505.4130,4.19,4
600887,伊利股份,2011-12-31,5,13950.2300,8.73,-2735.8600,10.44,6
600888,新疆众和,2011-12-31,4,2904.4120,7.07,-580.1890,8.48,5
600889,南京化纤,2011-12-31,2,563.2060,1.83,-1336.3370,6.19,5
000430,张家界,2011-12-31,8,4596.0120,14.33,1977.1980,8.16,6
000501,鄂武商A,2011-12-31,3,4103.0840,8.09,117.8410,7.86,3
000503,海虹控股,2011-12-31,5,3865.3770,4.30,266.9000,4.00,5
000507,珠海港,2011-12-31,2,567.1230,1.64,167.1230,1.16,1
000510,金路集团,2011-12-31,1,164.9930,0.27,164.9930,0.00,0
000511,银基发展,2011-12-31,4,1657.0860,1.43,-244.5020,1.65,5
000513,丽珠集团,2011-12-31,5,2675.2550,9.05,-142.5560,9.53,5
000514,渝开发,2011-12-31,3,2450.8530,3.51,0.0000,3.51,3
000516,开元投资,2011-12-31,6,7653.8170,10.73,4114.9630,4.96,5
000519,江南红箭,2011-12-31,3,546.8650,2.86,-23.3270,2.98,3
000520,*ST凤凰,2011-12-31,1,137.2600,0.20,-165.7820,0.45,2
000523,广州浪奇,2011-12-31,1,450.6430,1.01,450.6430,0.00,0
000525,红太阳,2011-12-31,3,3283.5680,6.47,494.8680,5.50,3
000526,银润投资,2011-12-31,1,71.5000,0.74,71.5000,0.00,0
000528,柳工,2011-12-31,7,4777.0110,4.25,-4989.3270,8.68,8
000530,大冷股份,2011-12-31,5,3170.4600,9.06,35.8640,8.96,5
000531,穗恒运A,2011-12-31,1,124.5710,0.36,-25.4210,0.44,1
000536,华映科技,2011-12-31,2,2315.5100,3.31,443.0300,2.67,2
000537,广宇发展,2011-12-31,4,5297.9500,10.33,-437.0680,11.19,5
000538,云南白药,2011-12-31,5,4018.4470,5.79,132.4830,5.60,5
000539,粤电力A,2011-12-31,3,3794.6900,1.36,1147.8100,0.95,2
000540,中天城投,2011-12-31,6,5784.5500,4.52,1450.8760,3.39,5
000541,佛山照明,2011-12-31,4,2570.3940,2.63,544.8200,2.07,3
000543,皖能电力,2011-12-31,3,694.5790,0.90,-159.5000,1.10,3
000546,光华控股,2011-12-31,3,292.5186,1.73,99.5800,1.14,2
000547,闽福发A,2011-12-31,2,3910.0400,6.32,32.6300,6.27,2
000548,湖南投资,2011-12-31,1,75.7030,0.15,75.7030,0.00,0
000550,江铃汽车,2011-12-31,3,3591.1400,4.16,1108.3170,2.88,3
000551,创元科技,2011-12-31,3,1516.4690,5.69,206.4850,4.91,4
000554,泰山石油,2011-12-31,1,1863.8300,3.88,809.4200,2.19,1
000558,莱茵置业,2011-12-31,2,2594.5080,4.12,1387.7060,1.91,2
000559,万向钱潮,2011-12-31,5,12124.7010,7.61,-2030.2220,8.88,6
000560,昆百大A,2011-12-31,3,1008.3540,6.13,138.2150,6.47,3
000561,烽火电子,2011-12-31,2,1142.6090,1.92,-347.3840,2.50,2
000562,宏源证券,2011-12-31,6,3372.5110,2.31,-254.3860,2.48,5
000563,陕国投A,2011-12-31,2,540.0000,1.51,185.0000,0.99,2
000566,海南海药,2011-12-31,8,5856.3560,23.65,1397.8480,18.01,7
000568,泸州老窖,2011-12-31,9,11186.8130,8.02,1561.0290,6.90,8
000571,新大洲A,2011-12-31,1,199.3570,0.27,-132.5830,0.45,2
000581,威孚高科,2011-12-31,5,5566.1890,9.81,-5.4350,9.82,5
000582,北海港,2011-12-31,2,85.4082,0.60,85.4082,0.00,0
000590,紫光古汉,2011-12-31,5,1340.4130,6.60,-170.1340,7.44,5
000592,中福实业,2011-12-31,3,2126.2680,3.26,2126.2680,0.00,0
000594,*ST国恒,2011-12-31,1,404.5780,0.27,404.5780,0.00,0
000596,古井贡酒,2011-12-31,4,1076.6870,4.28,272.4510,3.19,3
000597,东北制药,2011-12-31,8,2110.7580,6.32,-419.7290,7.58,8
000598,兴蓉投资,2011-12-31,6,3207.0220,2.78,-4491.9480,6.67,7
000599,青岛双星,2011-12-31,2,625.8560,1.19,8.7320,1.18,2
000600,建投能源,2011-12-31,6,1769.0220,1.94,743.2390,1.12,3
000601,韶能股份,2011-12-31,1,250.6800,0.27,-378.1100,0.68,2
000606,青海明胶,2011-12-31,1,199.9910,0.49,199.9910,0.00,0
000607,华智控股,2011-12-31,1,544.4860,1.12,0.0000,1.12,1
000608,阳光股份,2011-12-31,2,530.1420,0.71,208.1700,0.43,1
000609,绵世股份,2011-12-31,1,274.2610,0.92,-798.2310,3.60,3
000610,西安旅游,2011-12-31,1,57.7000,0.29,-242.4200,1.53,1
000612,焦作万方,2011-12-31,4,1199.3690,2.50,-1016.7430,4.62,5
000615,湖北金环,2011-12-31,1,148.8520,0.70,148.8520,0.00,0
000616,亿城股份,2011-12-31,6,11525.4690,9.67,2355.3180,7.69,5
000617,*ST济柴,2011-12-31,1,329.5510,1.15,-56.7400,1.34,2
000623,吉林敖东,2011-12-31,6,6484.8800,9.43,-1045.9080,10.95,7
000625,长安汽车,2011-12-31,4,14829.8300,3.07,4471.5100,2.14,2
000626,如意集团,2011-12-31,1,457.0380,2.26,133.1350,1.60,1
000627,天茂集团,2011-12-31,3,2101.8650,1.55,-165.8200,1.68,4
000629,攀钢钒钛,2011-12-31,3,10063.7900,1.76,-2999.4300,2.28,4
000630,铜陵有色,2011-12-31,6,5409.1410,3.80,-918.9740,4.45,6
000635,英力特,2011-12-31,4,1176.6370,6.65,-791.1320,11.11,6
000636,风华高科,2011-12-31,3,717.9530,1.07,18.9320,1.04,3
000639,西王食品,2011-12-31,6,1131.7970,9.01,229.1960,7.19,5
000650,仁和药业,2011-12-31,9,10620.0990,16.85,-1021.5170,18.47,9
000651,格力电器,2011-12-31,5,17390.6300,6.17,2728.9800,5.20,5
000652,泰达股份,2011-12-31,4,3905.9350,2.65,287.4960,2.45,4
000655,金岭矿业,2011-12-31,4,1022.6010,1.72,-336.4850,2.28,5
000656,金科股份,2011-12-31,8,5358.5640,4.63,567.9630,4.14,8
000659,珠海中富,2011-12-31,3,5000.7900,3.89,-1653.7000,5.18,4
000661,长春高新,2011-12-31,6,1514.7320,11.53,358.1780,8.81,4
000665,湖北广电,2011-12-31,5,1796.0790,10.12,1344.5490,2.54,2
000666,经纬纺机,2011-12-31,4,1740.9910,2.88,206.2560,2.54,5
000667,名流置业,2011-12-31,2,4589.4900,1.79,-464.5500,1.97,2
000669,金鸿能源,2011-12-31,10,2372.5680,25.65,108.3750,24.48,10
000671,阳光城,2011-12-31,6,4118.1450,7.68,2054.4992,7.18,4
000677,恒天海龙,2011-12-31,1,200.0000,0.23,0.0000,0.23,1
000678,襄阳轴承,2011-12-31,2,163.0480,0.54,64.2196,0.33,1
000679,大连友谊,2011-12-31,1,900.0000,2.53,-210.4600,3.12,1
000680,山推股份,2011-12-31,7,6779.5660,8.93,-1726.5190,11.20,6
000682,东方电子,2011-12-31,1,264.9230,0.27,-211.0810,0.49,2
000683,远兴能源,2011-12-31,2,500.3130,0.65,73.3350,0.56,2
000685,中山公用,2011-12-31,1,279.0440,0.47,-884.8083,1.94,5
000686,东北证券,2011-12-31,2,1007.5350,1.58,-569.9670,2.47,3
000687,恒天天鹅,2011-12-31,1,250.0000,0.39,34.0000,0.34,1
000690,宝新能源,2011-12-31,5,2537.3490,1.47,-3220.7450,3.33,6
001696,宗申动力,2011-12-31,1,766.5090,0.75,766.5090,0.00,0
000697,炼石有色,2011-12-31,2,680.1310,3.64,0.0000,3.64,2
000698,沈阳化工,2011-12-31,2,637.7680,0.96,-3498.7430,6.26,6
000700,模塑科技,2011-12-31,1,817.2020,2.64,60.0000,2.45,1
000705,浙江震元,2011-12-31,7,1292.5560,10.31,-114.1890,11.22,6
000708,大冶特钢,2011-12-31,4,3378.5520,7.52,-306.2320,8.20,5
000709,河北钢铁,2011-12-31,7,20911.0700,1.97,4900.5500,2.33,5
000712,锦龙股份,2011-12-31,1,588.5970,1.93,-279.0340,2.85,2
000713,丰乐种业,2011-12-31,2,343.9960,1.15,91.6580,0.84,2
000715,中兴商业,2011-12-31,3,1625.6180,5.83,237.1320,4.98,3
000716,南方食品,2011-12-31,5,1200.5550,6.73,0.0000,6.73,5
000717,*ST韶钢,2011-12-31,5,1839.4780,1.10,-756.5660,1.55,5
000718,苏宁环球,2011-12-31,5,18171.9400,8.89,96.2500,8.85,5
000720,新能泰山,2011-12-31,3,1969.4090,2.28,-114.0450,2.41,3
000721,西安饮食,2011-12-31,2,854.7850,4.28,-24.3424,4.41,3
000723,美锦能源,2011-12-31,2,148.3949,1.06,0.0000,1.06,2
000726,鲁泰A,2011-12-31,3,1074.5920,1.07,-2090.8340,3.14,4
000727,华东科技,2011-12-31,3,2252.6650,6.27,42.9720,6.15,3
000728,国元证券,2011-12-31,2,2910.8330,1.48,8.9000,1.48,2
000729,燕京啤酒,2011-12-31,2,2836.2350,2.34,-589.5950,2.83,2
000731,四川美丰,2011-12-31,2,589.9910,1.17,89.9910,1.00,1
000732,泰禾集团,2011-12-31,1,80.0053,0.08,80.0053,0.00,0
000738,中航动控,2011-12-31,2,1880.6800,1.99,1390.2420,0.52,2
000750,国海证券,2011-12-31,3,1111.4720,1.55,-628.2600,2.43,6
000751,*ST锌业,2011-12-31,2,361.2970,0.33,31.0900,0.30,2
000755,山西三维,2011-12-31,1,366.9920,0.78,-321.7810,1.47,2
000758,中色股份,2011-12-31,5,2156.3380,2.81,-1767.1750,5.12,5
000759,中百集团,2011-12-31,4,8405.6900,12.34,-921.9960,13.70,5
000761,本钢板材,2011-12-31,1,6183.5700,1.97,196.8800,1.91,1
000762,西藏矿业,2011-12-31,4,1191.4370,3.75,340.4750,2.68,3
000767,漳泽电力,2011-12-31,1,143.7640,0.11,-312.6540,0.34,1
000768,中航飞机,2011-12-31,6,8903.5150,3.59,-1532.2290,4.21,7
000776,广发证券,2011-12-31,1,906.7900,0.31,906.7900,0.00,0
000777,中核科技,2011-12-31,1,144.8280,0.68,-252.1936,1.86,2
000778,新兴铸管,2011-12-31,6,7214.2640,3.76,-1406.3380,4.50,7
000779,三毛派神,2011-12-31,2,869.9850,4.67,506.5780,1.95,2
000780,平庄能源,2011-12-31,8,4362.3800,4.30,-465.4610,4.76,8
000783,长江证券,2011-12-31,1,3246.8600,1.37,142.1000,1.31,1
000785,武汉中商,2011-12-31,3,436.7610,1.74,-717.9800,4.60,5
000786,北新建材,2011-12-31,5,4835.6220,8.41,-403.1540,9.11,4
000788,北大医药,2011-12-31,3,2632.1320,4.42,1766.0730,1.45,1
000789,江西水泥,2011-12-31,2,1274.4760,3.22,-3730.1010,12.64,7
000792,盐湖股份,2011-12-31,2,3626.9210,2.28,39.1730,2.26,2
000793,华闻传媒,2011-12-31,3,2897.1110,2.13,273.7940,1.93,3
000796,易食股份,2011-12-31,1,220.0000,0.89,-110.0000,1.34,1
000797,中国武夷,2011-12-31,2,478.9191,1.23,478.9191,0.00,0
000799,酒鬼酒,2011-12-31,6,2139.7140,6.59,-1008.6160,10.39,6
000800,一汽轿车,2011-12-31,4,6598.0330,4.05,-5118.6630,7.20,5
000801,四川九洲,2011-12-31,1,89.2350,0.23,0.0000,0.23,1
000807,云铝股份,2011-12-31,6,2985.5170,1.94,-4908.8300,5.13,7
000811,烟台冰轮,2011-12-31,7,6504.7640,16.48,-644.6660,18.12,7
000812,陕西金叶,2011-12-31,1,691.3840,1.55,0.0000,1.55,1
000816,江淮动力,2011-12-31,2,5563.6660,5.11,-832.5780,5.87,3
000818,方大化工,2011-12-31,1,799.9970,1.18,0.0000,1.18,1
000822,山东海化,2011-12-31,3,1579.2490,1.76,-5023.3220,7.38,4
000823,超声电子,2011-12-31,2,480.2730,1.09,-4018.5520,10.21,8
000825,太钢不锈,2011-12-31,4,8473.2100,1.49,-650.5400,1.60,5
000826,桑德环境,2011-12-31,9,5028.1080,12.16,964.8890,9.83,8
000829,天音控股,2011-12-31,4,2465.8680,2.60,869.0180,1.69,3
000830,鲁西化工,2011-12-31,1,457.4600,0.31,457.4600,0.00,0
000833,贵糖股份,2011-12-31,1,310.1190,1.05,0.0000,1.05,1
000836,鑫茂科技,2011-12-31,1,105.7760,0.36,7.6502,0.34,1
000837,秦川发展,2011-12-31,2,2298.9560,6.59,-991.2540,9.44,4
000839,中信国安,2011-12-31,3,3259.2400,2.08,279.4750,1.90,3
000848,承德露露,2011-12-31,8,4582.6280,12.56,-2.4050,12.56,8
000850,华茂股份,2011-12-31,2,1028.1820,1.09,377.4880,0.69,1
000852,江钻股份,2011-12-31,3,241.1681,0.60,21.7882,0.55,3
000858,五粮液,2011-12-31,6,10359.2500,2.73,1207.9400,2.41,5
000860,顺鑫农业,2011-12-31,5,1744.5830,3.98,459.6050,2.93,5
000861,海印股份,2011-12-31,8,3253.4960,6.61,1489.1880,3.58,5
000868,安凯客车,2011-12-31,2,244.0975,0.69,-8.0615,0.72,1
000869,张裕A,2011-12-31,2,804.6350,1.53,5.5300,1.52,2
000875,吉电股份,2011-12-31,1,300.0000,0.36,-20.0000,0.38,1
000876,新希望,2011-12-31,4,3575.7630,2.06,182.3260,4.08,3
000877,天山股份,2011-12-31,6,2961.4480,7.61,-176.4000,8.07,5
000878,云南铜业,2011-12-31,6,4309.2100,3.04,191.7180,2.91,6
000880,潍柴重机,2011-12-31,5,1138.7192,4.12,-320.0998,5.28,5
000882,华联股份,2011-12-31,1,400.0000,0.45,-181.0620,0.65,1
000885,同力水泥,2011-12-31,2,95.3547,0.38,-917.5193,4.01,2
000886,海南高速,2011-12-31,1,214.2510,0.22,214.2510,0.00,0
000887,中鼎股份,2011-12-31,7,8198.7510,13.76,971.7320,12.13,7
000888,峨眉山A,2011-12-31,8,4164.3120,17.71,-233.5830,18.70,8
000889,茂业物流,2011-12-31,1,512.6200,1.51,-284.6360,2.35,2
000893,东凌粮油,2011-12-31,6,995.9020,4.49,-66.3180,4.78,7
000895,双汇发展,2011-12-31,3,2194.0270,3.62,-321.8580,4.15,3
000897,津滨发展,2011-12-31,2,601.5320,0.37,-3646.4270,2.63,4
000898,*ST鞍钢,2011-12-31,4,5684.8700,0.79,-1085.5700,0.94,5
000899,赣能股份,2011-12-31,1,87.5731,0.14,7.6500,0.12,1
000900,现代投资,2011-12-31,1,75.6800,0.19,6.6100,0.17,1
000901,航天科技,2011-12-31,3,620.3870,2.48,-239.5890,3.43,3
000902,中国服装,2011-12-31,1,160.0030,0.62,0.0000,0.62,1
000906,物产中拓,2011-12-31,3,725.8410,2.20,244.0920,1.46,2
000910,大亚科技,2011-12-31,3,1616.2760,3.06,969.2560,1.23,1
000911,南宁糖业,2011-12-31,6,1430.2062,4.99,-23.4928,5.07,7
000912,泸天化,2011-12-31,2,286.3510,0.49,114.2740,0.29,1
000915,山大华特,2011-12-31,8,3270.4370,18.14,-274.0240,19.66,8
000917,电广传媒,2011-12-31,6,2326.7710,5.73,621.1370,4.20,4
000918,嘉凯城,2011-12-31,2,4096.5760,2.27,619.0570,1.93,2
000919,金陵药业,2011-12-31,4,1638.5300,3.25,-238.3920,3.72,5
000921,海信科龙,2011-12-31,2,680.6460,0.50,-1917.3170,1.92,4
000923,河北宣工,2011-12-31,4,1013.2279,5.12,-130.6721,5.78,3
000925,众合机电,2011-12-31,5,1515.2131,5.03,-381.1289,6.29,4
000926,福星股份,2011-12-31,9,10235.9620,14.37,662.2080,13.44,9
000927,一汽夏利,2011-12-31,6,8664.4120,5.43,-2870.2310,7.23,7
000928,中钢吉炭,2011-12-31,1,305.8050,1.08,305.8050,0.00,0
000930,中粮生化,2011-12-31,6,8447.9870,8.76,1302.0300,7.41,6
000931,中关村,2011-12-31,1,127.9400,0.19,127.9400,0.00,0
000932,华菱钢铁,2011-12-31,3,13981.1000,4.64,-1307.7090,5.07,4
000933,神火股份,2011-12-31,5,11545.0700,6.87,-1969.3300,8.04,6
000936,华西股份,2011-12-31,1,1600.0000,2.14,-925.0600,3.38,1
000937,冀中能源,2011-12-31,8,10776.1220,4.66,-2870.6300,5.90,8
000939,凯迪电力,2011-12-31,2,5962.1300,6.32,608.4400,5.68,2
000950,建峰化工,2011-12-31,1,119.5900,0.20,119.5900,0.00,0
000951,中国重汽,2011-12-31,4,625.5092,1.49,181.9909,1.06,4
000952,广济药业,2011-12-31,1,100.0880,0.40,0.0000,0.40,1
000959,首钢股份,2011-12-31,1,250.6700,0.08,-1626.7490,0.63,4
000960,锡业股份,2011-12-31,5,3186.9000,3.52,-396.8120,3.95,6
000961,中南建设,2011-12-31,10,13196.3060,11.30,3389.9860,8.40,10
000962,东方钽业,2011-12-31,4,1356.5700,3.08,-54.3960,3.96,5
000963,华东医药,2011-12-31,8,5770.0860,13.29,1010.2470,10.97,7
000966,长源电力,2011-12-31,1,690.0000,1.25,90.0000,1.08,1
000968,煤气化,2011-12-31,5,3078.3860,5.99,-826.6480,7.60,6
000969,安泰科技,2011-12-31,6,3805.5370,4.43,1547.6530,2.63,4
000970,中科三环,2011-12-31,5,3296.4690,6.49,677.7450,5.16,3
000972,新中基,2011-12-31,2,799.9950,1.66,-1539.9850,4.85,2
000973,佛塑科技,2011-12-31,5,4058.7270,6.63,-2239.4090,10.28,5
000978,桂林旅游,2011-12-31,3,2688.6790,7.47,-514.1490,8.89,4
000979,中弘股份,2011-12-31,1,788.9460,0.78,788.9460,0.00,0
000982,中银绒业,2011-12-31,1,249.9950,0.45,249.9950,0.00,0
000983,西山煤电,2011-12-31,4,8737.7600,2.77,253.5900,2.69,4
000987,广州友谊,2011-12-31,8,6263.9280,17.45,1540.0040,13.16,7
000988,华工科技,2011-12-31,3,1970.3940,4.42,-1414.6860,7.60,5
000989,九芝堂,2011-12-31,4,1193.7720,4.01,217.0399,3.28,3
000995,皇台酒业,2011-12-31,4,1342.8460,7.57,775.3240,3.20,3
000996,中国中期,2011-12-31,1,144.1790,0.63,144.1790,0.00,0
000998,隆平高科,2011-12-31,5,2387.3040,8.61,515.0660,6.75,4
000999,华润三九,2011-12-31,7,5119.1280,5.23,171.6950,5.05,7
600537,亿晶光电,2011-12-31,3,1294.2180,2.66,-696.2620,8.65,6
600408,安泰集团,2011-12-31,2,374.1430,0.37,16.6700,0.36,2
600573,惠泉啤酒,2011-12-31,1,104.3970,0.42,-100.0000,0.82,1
600521,华海药业,2011-12-31,6,7287.3720,13.53,1975.6070,9.86,4
600370,三房巷,2011-12-31,1,72.3059,0.23,72.3059,0.00,0
600460,士兰微,2011-12-31,4,1798.9630,4.14,-127.9210,4.44,2
600039,四川路桥,2011-12-31,2,633.4340,2.08,-147.7760,2.57,3
600575,芜湖港,2011-12-31,1,500.0070,0.48,500.0070,0.00,0
600375,华菱星马,2011-12-31,1,246.9440,0.61,-692.3110,2.31,4
600502,安徽水利,2011-12-31,6,2038.8210,6.09,-327.0590,7.07,6
600481,双良节能,2011-12-31,2,2053.4550,2.53,-224.6750,2.81,2
600004,白云机场,2011-12-31,2,514.0770,0.45,264.3030,0.22,1
600459,贵研铂业,2011-12-31,1,100.0280,0.63,-278.8420,2.40,1
600570,恒生电子,2011-12-31,7,13536.4300,21.70,-266.7500,22.13,7
600392,盛和资源,2011-12-31,9,2104.2990,13.44,19.4900,13.31,8
600584,长电科技,2011-12-31,5,1217.4210,1.43,46.0280,1.37,5
600251,冠农股份,2011-12-31,4,2043.9470,5.64,-300.1390,6.47,4
600436,片仔癀,2011-12-31,3,459.4870,3.28,-21.9750,3.44,3
600409,三友化工,2011-12-31,1,150.0000,0.14,-554.8150,0.67,3
600433,冠豪高新,2011-12-31,3,2918.3500,6.87,2918.3500,0.00,0
600031,三一重工,2011-12-31,8,31854.6000,4.19,-320.9600,4.24,8
600435,北方导航,2011-12-31,4,428.8670,0.58,-44.9813,0.64,4
600439,瑞贝卡,2011-12-31,3,1770.0070,2.25,-1731.0060,4.45,5
600271,航天信息,2011-12-31,5,9615.3900,10.41,-799.1900,11.28,6
600423,柳化股份,2011-12-31,1,1187.7800,2.97,-27.0200,3.04,1
600475,华光股份,2011-12-31,3,1455.8650,5.69,-703.0680,8.43,4
600425,青松建化,2011-12-31,4,1567.8400,3.28,-3023.8590,9.59,8
600546,山煤国际,2011-12-31,6,1903.9310,1.92,-155.0310,2.75,4
600352,浙江龙盛,2011-12-31,1,1309.9400,0.89,-2884.1400,2.86,2
600485,中创信测,2011-12-31,5,2305.4730,16.64,739.6220,11.30,5
600020,中原高速,2011-12-31,1,243.5780,0.11,0.0000,0.11,1
600489,中金黄金,2011-12-31,4,3957.1900,2.02,-1718.1930,2.89,6
600348,阳泉煤业,2011-12-31,7,6944.2950,2.89,-1181.5670,3.38,8
600487,亨通光电,2011-12-31,5,1026.2180,4.96,-1275.9310,11.12,6
600547,山东黄金,2011-12-31,4,3590.4740,2.52,-1334.7700,3.46,6
600449,宁夏建材,2011-12-31,4,1104.8430,4.62,-534.5222,8.40,6
600432,吉恩镍业,2011-12-31,3,457.5720,0.56,-349.5970,1.00,3
600015,华夏银行,2011-12-31,1,6560.2300,0.96,6560.2300,0.00,0
600429,三元股份,2011-12-31,1,2999.9700,3.39,0.0000,3.39,1
600403,大有能源,2011-12-31,6,2785.6420,3.34,566.7010,2.66,6
600517,置信电气,2011-12-31,4,3959.3040,6.40,1668.8040,3.70,1
600406,国电南瑞,2011-12-31,8,14144.3650,13.47,141.0810,13.33,8
600469,风神股份,2011-12-31,4,2255.3830,6.02,-661.9050,7.78,6
600021,上海电力,2011-12-31,3,1211.5410,0.57,751.5410,0.21,1
600184,光电股份,2011-12-31,3,476.0520,2.27,343.6470,0.63,1
600900,长江电力,2011-12-31,2,10232.0700,0.62,638.3600,0.58,2
600527,江南高纤,2011-12-31,4,3744.3720,9.34,1422.3680,5.79,3
600545,新疆城建,2011-12-31,1,146.4250,0.22,12.7900,0.20,1
600446,金证股份,2011-12-31,2,776.6550,2.97,357.8220,1.60,1
600340,华夏幸福,2011-12-31,3,1380.1000,2.35,477.1970,1.54,2
600540,新赛股份,2011-12-31,3,1422.5660,4.70,627.6050,2.63,1
600354,敦煌种业,2011-12-31,3,1146.0170,5.63,-1009.0080,10.59,4
600249,两面针,2011-12-31,1,432.5110,0.96,0.0000,0.96,1
000100,TCL集团,2011-12-31,4,24742.5200,2.92,12083.4700,1.49,2
600387,海越股份,2011-12-31,3,2357.7810,6.11,641.8680,4.44,2
600444,*ST国通,2011-12-31,1,59.5800,0.57,-40.4200,0.95,1
600325,华发股份,2011-12-31,5,6069.8700,7.43,1998.4860,4.98,3
600452,涪陵电力,2011-12-31,6,1034.8429,6.47,240.7030,4.96,6
600035,楚天高速,2011-12-31,2,2984.3200,3.20,-189.9020,3.41,3
600479,千金药业,2011-12-31,4,2647.0980,8.68,468.3430,7.15,4
600284,浦东建设,2011-12-31,2,1524.7450,3.68,-1370.6530,6.97,5
600594,益佰制药,2011-12-31,5,4892.4330,13.87,208.1980,13.28,4
600543,莫高股份,2011-12-31,1,599.9780,1.87,-236.7720,2.61,2
600467,好当家,2011-12-31,5,3528.0570,4.83,1560.4300,3.11,3
600960,渤海活塞,2011-12-31,1,39.1417,0.24,-109.5605,0.91,2
002181,粤传媒,2011-12-31,4,979.0640,2.80,220.9380,2.17,3
600969,郴电国际,2011-12-31,5,1686.2010,8.02,554.7800,5.38,3
600976,武汉健民,2011-12-31,6,2167.9270,14.13,969.6980,7.81,5
600497,驰宏锌锗,2011-12-31,4,1430.7800,1.09,-1281.5650,2.07,4
600985,雷鸣科化,2011-12-31,1,42.6346,0.33,0.0000,0.33,1
600990,四创电子,2011-12-31,3,948.7890,8.07,-364.9433,11.17,4
600993,马应龙,2011-12-31,6,4518.3970,13.63,-95.5690,13.92,6
600967,北方创业,2011-12-31,7,1885.0400,10.88,1235.9080,3.75,3
600963,岳阳林纸,2011-12-31,5,3388.8200,4.02,-1477.6560,5.77,5
600495,晋西车轴,2011-12-31,6,4179.2590,13.83,2846.3130,4.41,2
600461,洪城水业,2011-12-31,2,184.5560,0.56,-19.4318,0.62,2
600997,开滦股份,2011-12-31,5,2989.6300,2.42,-2362.6280,4.34,8
600966,博汇纸业,2011-12-31,1,137.6100,0.27,0.0000,0.27,1
600975,新五丰,2011-12-31,1,42.4800,0.24,42.4800,0.00,0
600995,文山电力,2011-12-31,4,2535.6390,5.30,39.7040,5.22,4
600420,现代制药,2011-12-31,5,2444.5270,8.50,243.8730,7.65,4
002001,新和成,2011-12-31,7,6360.4070,8.76,903.8360,7.52,8
002003,伟星股份,2011-12-31,6,2732.0150,10.55,-59.4860,10.78,6
600962,国投中鲁,2011-12-31,6,1845.3410,9.15,49.6500,8.90,5
002004,华邦颖泰,2011-12-31,5,1660.0390,9.91,356.4340,9.88,4
002005,德豪润达,2011-12-31,3,2178.1390,4.51,1372.0240,1.67,3
600143,金发科技,2011-12-31,4,11176.0200,8.00,860.4900,7.39,4
002006,精功科技,2011-12-31,3,1464.5340,4.83,9.0930,4.80,3
002007,华兰生物,2011-12-31,5,4611.7180,8.00,1063.4830,6.16,5
002008,大族激光,2011-12-31,5,5418.8170,5.19,-8631.7730,13.45,6
600022,山东钢铁,2011-12-31,1,3011.4400,0.97,591.3800,0.78,1
002009,天奇股份,2011-12-31,4,1225.3580,5.54,-315.0780,6.97,5
002010,传化股份,2011-12-31,1,1206.6200,2.47,367.6640,1.72,1
002011,盾安环境,2011-12-31,1,399.9850,0.48,-563.3190,1.29,2
002012,凯恩股份,2011-12-31,5,1666.4450,7.13,-845.1330,12.89,8
002013,中航精机,2011-12-31,7,2534.4060,11.67,-99.7740,12.13,8
002014,永新股份,2011-12-31,4,1514.4290,8.28,-37.0230,8.48,4
002015,霞客环保,2011-12-31,2,347.9160,1.45,-52.0800,1.67,2
002016,世荣兆业,2011-12-31,1,589.9980,1.28,-110.0000,1.52,1
002017,东信和平,2011-12-31,5,1231.4406,5.64,-562.5748,8.21,7
002019,鑫富药业,2011-12-31,1,149.9920,0.68,-953.5930,5.01,4
600482,风帆股份,2011-12-31,4,743.9620,1.61,-168.4430,1.98,3
002020,京新药业,2011-12-31,5,1405.7730,11.13,101.4770,12.84,5
002021,中捷股份,2011-12-31,1,300.9790,0.69,-366.9920,1.53,2
002022,科华生物,2011-12-31,4,2903.5570,5.90,913.9000,4.04,4
002023,海特高新,2011-12-31,7,4495.5270,15.23,1581.3200,9.87,5
002024,苏宁云商,2011-12-31,5,29114.0700,4.16,-8686.1700,5.40,5
002025,航天电器,2011-12-31,8,4016.9670,12.17,3516.2840,1.52,3
600983,合肥三洋,2011-12-31,3,348.2871,0.65,-69.9326,0.78,4
600973,宝胜股份,2011-12-31,2,502.8799,2.48,21.4950,2.37,2
002028,思源电气,2011-12-31,6,4706.2570,10.70,959.7080,8.52,5
002029,七匹狼,2011-12-31,8,5288.8200,18.70,258.2770,17.78,8
002030,达安基因,2011-12-31,3,786.0240,2.27,258.6180,1.52,2
002031,巨轮股份,2011-12-31,1,300.0000,0.75,-167.1850,1.17,1
600971,恒源煤电,2011-12-31,2,2304.6580,2.30,-185.6680,2.49,4
002032,苏泊尔,2011-12-31,5,2886.4980,5.00,636.2790,3.90,4
002033,丽江旅游,2011-12-31,7,1894.5490,11.57,365.5350,10.11,7
002035,华帝股份,2011-12-31,2,517.4720,2.32,-638.3580,5.18,4
002036,宜科科技,2011-12-31,6,2074.1620,10.26,-35.4641,10.43,5
002037,久联发展,2011-12-31,6,2840.4760,16.42,12.0290,16.35,6
002038,双鹭药业,2011-12-31,5,3288.6840,8.64,32.3110,8.55,5
600027,华电国际,2011-12-31,3,12494.5000,1.85,4880.0700,1.12,2
002039,黔源电力,2011-12-31,2,267.4043,1.31,-6.4500,1.35,2
002040,南京港,2011-12-31,1,53.0920,0.22,53.0920,0.00,0
600970,中材国际,2011-12-31,9,9426.1520,10.35,1727.6010,8.45,8
002041,登海种业,2011-12-31,7,2455.3180,6.98,463.8910,5.66,6
002043,兔宝宝,2011-12-31,1,189.3250,0.81,0.0000,0.81,1
002044,江苏三友,2011-12-31,3,1394.2310,6.22,345.8950,4.67,2
002045,国光电器,2011-12-31,4,2479.3820,5.95,885.0250,3.82,3
002046,轴研科技,2011-12-31,1,37.9999,0.35,37.9999,0.00,0
002048,宁波华翔,2011-12-31,1,467.8890,0.85,1.9400,0.82,1
002049,同方国芯,2011-12-31,5,1297.4280,9.61,-116.1140,10.47,5
002050,三花股份,2011-12-31,2,621.5340,2.09,-864.0280,5.00,7
002594,比亚迪,2011-12-31,6,1389.1680,0.59,491.3470,0.38,4
601633,长城汽车,2011-12-31,4,2066.3290,0.68,1553.5270,0.17,2
601866,中海集运,2011-12-31,3,2896.9620,0.25,157.4500,0.23,3
601899,紫金矿业,2011-12-31,4,25651.0500,1.18,2351.8200,1.07,4
002490,山东墨龙,2011-12-31,2,238.0040,0.60,-470.9970,1.78,3
002051,中工国际,2011-12-31,5,2978.1950,6.76,-41.8320,6.85,5
002052,同洲电子,2011-12-31,3,2334.2680,6.84,-386.1780,7.97,5
002053,云南盐化,2011-12-31,3,460.2939,2.48,-135.6161,3.21,3
601555,东吴证券,2011-12-31,2,1320.6560,0.66,1320.6560,0.00,0
601901,方正证券,2011-12-31,3,4866.9300,0.80,-6314.7240,1.83,6
601688,华泰证券,2011-12-31,1,4434.4300,0.79,-1398.4900,1.04,2
601788,光大证券,2011-12-31,1,748.1110,0.22,5.7250,0.22,1
601009,南京银行,2011-12-31,1,2889.9600,0.97,2889.9600,0.00,0
601628,中国人寿,2011-12-31,1,3047.3200,0.11,1447.9600,0.06,1
601336,新华保险,2011-12-31,10,4561.5990,1.46,4561.5990,0.00,0
002307,北新路桥,2011-12-31,1,157.9300,0.37,-1497.8930,3.86,3
600018,上港集团,2011-12-31,1,2245.8900,0.10,190.3300,0.09,1
300139,福星晓程,2011-12-31,2,131.8292,2.41,50.5706,1.48,2
300181,佐力药业,2011-12-31,3,138.2295,1.73,89.2568,0.61,1
002110,三钢闽光,2011-12-31,1,191.4290,0.36,-325.1770,0.97,2
002281,光迅科技,2011-12-31,7,1507.5770,9.42,120.6260,8.67,7
300205,天喻信息,2011-12-31,4,145.7941,1.83,-14.4938,2.01,4
601857,中国石油,2011-12-31,3,11080.2600,0.06,180.7400,0.06,3
002302,西部建设,2011-12-31,1,100.0000,0.48,-117.8584,1.04,2
002298,鑫龙电器,2011-12-31,6,1240.1740,7.52,210.6293,6.24,5
002106,莱宝高科,2011-12-31,6,7327.5240,12.20,60.0040,12.10,6
601600,中国铝业,2011-12-31,1,2924.5200,0.22,-1725.1000,0.34,2
002356,浩宁达,2011-12-31,1,38.5668,0.48,-2.0017,0.51,1
300077,国民技术,2011-12-31,4,664.9660,2.44,549.9830,0.42,1
601088,中国神华,2011-12-31,6,14121.9600,0.71,1558.7700,0.63,5
002060,粤水电,2011-12-31,5,1977.7850,4.73,594.5130,3.31,5
300105,龙源技术,2011-12-31,8,1360.4374,8.59,92.7980,8.00,8
002306,湘鄂情,2011-12-31,2,542.7060,2.71,542.7060,0.00,0
300026,红日药业,2011-12-31,10,1641.9432,10.87,135.0369,9.98,10
601333,广深铁路,2011-12-31,6,32554.7500,4.60,6134.4000,3.73,6
002187,广百股份,2011-12-31,2,559.9920,1.96,-190.0000,2.63,2
002230,科大讯飞,2011-12-31,6,3512.6970,13.93,461.4810,12.10,4
002167,东方锆业,2011-12-31,3,1274.9350,6.16,-242.5060,7.33,4
601107,四川成渝,2011-12-31,2,547.8020,0.18,-44.5070,0.19,2
002088,鲁阳股份,2011-12-31,2,661.7990,2.83,-665.0340,5.67,4
002643,烟台万润,2011-12-31,2,115.0399,0.83,115.0399,0.00,0
601126,四方股份,2011-12-31,3,882.8440,2.17,-635.0936,3.73,4
002267,陕天然气,2011-12-31,2,451.2970,0.89,271.3080,0.35,1
002153,石基信息,2011-12-31,6,4072.4220,13.17,120.8870,12.78,6
002275,桂林三金,2011-12-31,1,364.6840,0.62,0.0000,0.62,1
002331,皖通科技,2011-12-31,1,114.8690,0.86,16.0290,0.74,1
002063,远光软件,2011-12-31,5,4543.1020,13.47,429.9540,12.19,5
002205,国统股份,2011-12-31,1,322.7780,2.78,-69.3260,3.38,1
002056,横店东磁,2011-12-31,7,1890.1020,4.44,-113.3730,4.70,6
002116,中国海诚,2011-12-31,2,43.1308,0.38,19.2213,0.21,1
601199,江南水务,2011-12-31,2,445.8579,1.91,422.8420,0.10,1
002457,青龙管业,2011-12-31,4,1389.2190,6.22,108.1780,5.74,5
002338,奥普光电,2011-12-31,5,594.8702,7.44,10.8850,7.30,5
002570,贝因美,2011-12-31,3,109.2633,0.26,-74.7367,0.43,3
002185,华天科技,2011-12-31,3,2232.1080,5.50,649.0290,4.24,4
002343,禾欣股份,2011-12-31,1,110.9880,0.56,-69.1620,0.91,1
002320,海峡股份,2011-12-31,2,703.3190,2.15,430.9576,0.83,2
002195,海隆软件,2011-12-31,4,466.9539,4.17,-28.1797,4.42,4
300167,迪威视讯,2011-12-31,2,297.5300,4.46,-69.2027,5.50,4
002206,海利得,2011-12-31,4,1315.7490,2.94,-179.7170,3.34,5
002059,云南旅游,2011-12-31,1,154.8190,0.72,71.2201,0.39,1
601158,重庆水务,2011-12-31,5,2240.6220,0.47,-1164.9260,0.71,5
601168,西部矿业,2011-12-31,3,6347.7200,2.66,-48.7400,2.68,3
000338,潍柴动力,2011-12-31,6,6817.1100,4.09,-584.8710,4.44,5
002337,赛象科技,2011-12-31,1,147.6200,0.77,0.0000,0.77,1
002261,拓维信息,2011-12-31,5,2290.6550,10.51,581.8490,7.84,5
002140,东华科技,2011-12-31,6,3236.7600,7.26,322.5990,6.53,5
002080,中材科技,2011-12-31,4,1159.9310,2.90,679.9310,1.20,3
002061,江山化工,2011-12-31,2,318.9320,2.28,-831.5390,8.22,5
601919,*ST远洋,2011-12-31,1,2240.9300,0.22,-4777.9400,0.69,3
002117,东港股份,2011-12-31,3,647.1770,5.12,461.4880,1.50,3
300034,钢研高纳,2011-12-31,2,350.7340,1.65,-332.7360,3.22,2
601677,明泰铝业,2011-12-31,2,195.9340,0.49,178.8047,0.04,1
601808,中海油服,2011-12-31,3,1551.8440,0.35,-70.2630,0.36,2
002448,中原内配,2011-12-31,2,308.1920,3.33,214.4820,1.01,1
002534,杭锅股份,2011-12-31,6,1061.1110,2.65,-132.2699,2.98,9
002358,森源电气,2011-12-31,5,1354.9444,7.88,261.1866,6.36,4
002430,杭氧股份,2011-12-31,6,4634.4080,7.70,66.9360,7.59,7
002405,四维图新,2011-12-31,3,2208.0520,4.60,2018.9600,0.39,1
002176,江特电机,2011-12-31,7,1532.6080,7.22,684.7680,4.00,4
601001,大同煤业,2011-12-31,2,1130.7230,0.68,-1508.3710,1.58,4
002202,金风科技,2011-12-31,2,3504.1900,1.30,1635.0600,0.69,1
002054,德美化工,2011-12-31,2,1099.8050,3.52,389.4710,2.24,3
002055,得润电子,2011-12-31,7,2817.8560,13.73,300.1060,12.39,7
002146,荣盛发展,2011-12-31,6,12269.6900,6.58,3941.1100,4.47,5
002065,东华软件,2011-12-31,3,3947.2540,7.44,2200.3840,3.29,1
002057,中钢天源,2011-12-31,1,252.0000,3.00,252.0000,0.00,0
600048,保利地产,2011-12-31,2,12684.8800,2.13,-3636.4000,2.74,2
601699,潞安环能,2011-12-31,5,14624.6620,6.36,-120.3880,6.41,5
002082,栋梁新材,2011-12-31,2,888.1350,3.73,-400.9816,5.42,4
002089,新海宜,2011-12-31,5,3792.1830,10.75,19.3970,10.69,5
601010,文峰股份,2011-12-31,10,4212.2940,8.55,1128.3420,6.26,8
002240,威华股份,2011-12-31,1,108.6290,0.22,108.6290,0.00,0
002078,太阳纸业,2011-12-31,3,1763.8780,1.76,-221.7360,1.98,4
002091,江苏国泰,2011-12-31,5,3069.4950,8.53,457.8390,7.25,4
601008,连云港,2011-12-31,1,966.5120,1.55,0.0000,1.55,1
002096,南岭民爆,2011-12-31,7,1239.9030,9.38,184.6112,7.98,6
002118,紫鑫药业,2011-12-31,3,1400.0000,2.73,1089.8970,0.60,1
002062,宏润建设,2011-12-31,1,200.0000,0.44,-49.2790,0.55,1
002064,华峰氨纶,2011-12-31,1,418.3390,0.57,-123.3530,0.73,1
002070,众和股份,2011-12-31,3,892.6760,2.37,892.6760,0.00,0
300040,九洲电气,2011-12-31,1,278.8020,2.01,0.0000,2.01,1
002073,软控股份,2011-12-31,7,8600.9400,11.59,807.3000,10.50,6
002079,苏州固锝,2011-12-31,3,1570.5390,3.91,396.7090,3.27,1
002141,蓉胜超微,2011-12-31,1,40.8060,0.22,-38.3901,0.44,1
601666,平煤股份,2011-12-31,3,1641.5540,0.70,-1875.5630,1.49,6
002071,江苏宏宝,2011-12-31,1,94.9960,0.52,94.9960,0.00,0
002068,黑猫股份,2011-12-31,1,167.7890,0.35,167.7890,0.00,0
300180,华峰超纤,2011-12-31,2,210.6020,1.33,-283.3239,3.13,5
002287,奇正藏药,2011-12-31,3,49.8520,0.12,15.4200,0.08,2
300024,机器人,2011-12-31,2,935.6920,3.14,110.9490,2.77,2
300082,奥克股份,2011-12-31,1,70.0959,0.27,-81.2675,0.58,2
002308,威创股份,2011-12-31,5,1708.7010,2.66,424.8600,2.00,5
002396,星网锐捷,2011-12-31,4,1494.7910,4.26,295.9970,3.41,3
002362,汉王科技,2011-12-31,1,83.6983,0.39,20.6724,0.29,2
601898,中煤能源,2011-12-31,4,5117.9500,0.39,1388.1280,0.28,3
002069,獐子岛,2011-12-31,4,1809.4190,2.54,1171.5160,0.90,2
601678,滨化股份,2011-12-31,1,347.3770,0.53,-2352.7360,4.09,8
601918,国投新集,2011-12-31,2,3202.9500,1.73,2069.6150,0.61,2
002081,金螳螂,2011-12-31,6,4811.5200,9.28,685.5300,8.57,5
002084,海鸥卫浴,2011-12-31,1,239.9990,0.72,0.0000,0.72,1
002172,澳洋科技,2011-12-31,1,376.6980,0.68,-693.5520,1.92,1
002168,深圳惠程,2011-12-31,1,251.7320,0.40,-2149.2420,3.81,3
002154,报喜鸟,2011-12-31,6,7065.9240,12.03,454.9830,11.25,6
002086,东方海洋,2011-12-31,7,3637.7410,14.92,961.6310,10.97,5
600017,日照港,2011-12-31,1,6231.4600,2.37,0.0000,2.37,1
002074,东源电器,2011-12-31,4,1409.9590,5.56,163.5220,4.92,4
300049,福瑞股份,2011-12-31,2,487.1710,3.90,-210.7110,5.58,3
002386,天原集团,2011-12-31,3,820.1110,1.71,-502.0390,2.76,3
002092,中泰化学,2011-12-31,2,2191.6100,1.90,1124.1400,0.92,1
002094,青岛金王,2011-12-31,4,4115.5420,12.78,-191.2580,13.38,5
601872,招商轮船,2011-12-31,1,619.8590,0.18,0.0000,0.18,1
002350,北京科锐,2011-12-31,6,885.8146,6.90,885.8146,0.00,0
002083,孚日股份,2011-12-31,3,1988.0710,2.12,12.0890,2.11,3
002520,日发精机,2011-12-31,3,230.3541,2.40,108.5496,1.27,2
002098,浔兴股份,2011-12-31,1,525.5210,3.39,-405.0370,6.00,3
002097,山河智能,2011-12-31,1,234.5690,0.56,-304.2960,1.28,2
002093,国脉科技,2011-12-31,4,5319.2360,6.15,-757.2310,7.02,5
002099,海翔药业,2011-12-31,6,2713.5460,16.81,-237.6290,18.28,7
002100,天康生物,2011-12-31,2,611.3360,2.07,133.0350,1.62,2
601101,昊华能源,2011-12-31,5,1510.0470,1.51,-842.7230,2.35,6
601908,京运通,2011-12-31,2,58.1412,0.14,19.6412,0.09,1
002104,恒宝股份,2011-12-31,3,871.3790,1.98,403.4510,1.06,2
002108,沧州明珠,2011-12-31,4,1297.2350,4.30,694.2017,2.00,3
002109,兴化股份,2011-12-31,1,157.7700,0.44,-232.5220,1.09,2
601002,晋亿实业,2011-12-31,5,5858.4449,7.93,3597.8759,3.06,3
002111,威海广泰,2011-12-31,2,179.7305,0.58,-422.5975,1.96,3
002115,三维通信,2011-12-31,5,1862.3790,8.16,448.4760,6.59,5
002114,罗平锌电,2011-12-31,1,33.7310,0.18,33.7310,0.00,0
002120,新海股份,2011-12-31,1,45.7459,0.30,45.7459,0.00,0
002250,联化科技,2011-12-31,6,5468.7320,13.78,807.6600,11.74,6
002216,三全食品,2011-12-31,1,605.7870,3.01,-195.4160,3.99,2
002349,精华制药,2011-12-31,5,552.7650,5.53,301.4637,2.51,3
002124,天邦股份,2011-12-31,2,505.4730,2.46,-9.9890,2.51,2
601003,柳钢股份,2011-12-31,1,4024.3000,1.57,121.8700,1.52,1
002123,荣信股份,2011-12-31,7,8627.9070,17.12,1905.1010,13.34,7
601007,金陵饭店,2011-12-31,1,230.1100,0.77,0.0000,0.77,1
002122,天马股份,2011-12-31,3,2654.5770,2.23,-987.6890,3.07,4
002126,银轮股份,2011-12-31,2,531.9390,3.35,-120.0630,5.02,2
002129,中环股份,2011-12-31,3,2045.2730,2.82,-2900.7270,6.83,5
002127,新民科技,2011-12-31,1,300.0000,0.67,-1446.9250,3.91,3
002131,利欧股份,2011-12-31,3,888.6260,2.95,-429.7520,4.38,3
002232,启明信息,2011-12-31,1,182.9970,0.45,-264.6720,1.10,2
601118,海南橡胶,2011-12-31,4,2320.0900,0.59,-2544.9490,1.24,5
601958,金钼股份,2011-12-31,4,2535.1600,0.79,338.3100,0.68,3
002128,露天煤业,2011-12-31,2,840.3540,0.63,-257.0130,0.83,2
300016,北陆药业,2011-12-31,1,82.0550,0.54,82.0550,0.00,0
300271,华宇软件,2011-12-31,3,166.1069,2.24,166.1069,0.00,0
002138,顺络电子,2011-12-31,2,819.9640,3.86,139.5140,3.20,2
002170,芭田股份,2011-12-31,5,1073.7790,2.71,1073.7790,0.00,0
002371,七星电子,2011-12-31,7,910.1081,10.77,-15.2878,10.95,8
002159,三特索道,2011-12-31,4,1644.7400,13.71,387.5050,10.48,3
002148,北纬通信,2011-12-31,3,515.7900,4.55,302.1530,1.88,1
002152,广电运通,2011-12-31,6,4743.4540,10.66,986.5380,8.45,5
002296,辉煌科技,2011-12-31,7,1589.1558,8.94,-597.0622,12.30,8
002149,西部材料,2011-12-31,1,260.7260,1.49,-258.9870,2.98,2
002157,正邦科技,2011-12-31,5,5934.6280,13.77,-119.9010,14.05,5
002147,方圆支承,2011-12-31,1,674.4310,2.61,-256.9670,3.60,1
002151,北斗星通,2011-12-31,3,336.0322,2.22,305.2771,0.20,1
002156,通富微电,2011-12-31,2,2052.2760,3.16,-1412.7150,5.33,3
002155,辰州矿业,2011-12-31,5,2513.1770,4.59,-164.3190,4.89,6
002158,汉钟精机,2011-12-31,3,685.4790,3.14,-882.2850,7.19,4
002254,泰和新材,2011-12-31,6,2681.4330,6.85,-115.4790,7.14,6
002161,远望谷,2011-12-31,6,2804.2190,7.58,737.0000,5.59,5
002162,*ST上控,2011-12-31,1,52.8260,0.13,-1.2740,0.13,1
002169,智光电气,2011-12-31,2,1221.6530,4.58,-470.8010,6.35,3
002165,红宝丽,2011-12-31,1,343.2040,1.28,-709.8200,3.93,2
002173,千足珍珠,2011-12-31,1,60.0000,0.30,60.0000,0.00,0
002328,新朋股份,2011-12-31,2,661.4220,2.20,-315.2760,3.26,5
002179,中航光电,2011-12-31,6,3694.8100,9.20,-64.6720,9.36,6
002177,御银股份,2011-12-31,7,4642.7370,13.48,2730.3310,5.55,4
002288,超华科技,2011-12-31,1,118.7550,0.72,118.7550,0.00,0
002183,怡亚通,2011-12-31,2,691.0220,0.83,391.0220,0.36,1
002304,洋河股份,2011-12-31,2,1169.9280,1.30,654.3380,0.57,1
300161,华中数控,2011-12-31,1,147.9770,1.37,-133.6280,2.61,3
601390,中国中铁,2011-12-31,2,7805.8600,0.37,-1569.4900,0.44,3
002191,劲嘉股份,2011-12-31,1,228.9640,0.36,25.2890,0.32,1
002190,成飞集成,2011-12-31,2,102.1689,0.38,102.1689,0.00,0
002194,武汉凡谷,2011-12-31,3,1066.0155,1.92,-279.0595,2.42,3
300213,佳讯飞鸿,2011-12-31,3,230.6289,2.75,66.1199,1.96,1
002197,证通电子,2011-12-31,1,228.3510,1.09,228.3510,0.00,0
002436,兴森科技,2011-12-31,3,1057.1790,4.73,-113.4600,5.24,3
002583,海能达,2011-12-31,10,2718.3470,9.78,-68.1890,10.02,10
002210,飞马国际,2011-12-31,1,424.0040,1.39,169.0590,0.83,1
601999,出版传媒,2011-12-31,1,44.7635,0.08,-93.9307,0.25,2
601992,金隅股份,2011-12-31,3,1450.3500,0.34,185.2800,0.30,1
002454,松芝股份,2011-12-31,1,194.8620,0.62,-570.0610,2.45,3
601139,深圳燃气,2011-12-31,3,785.4240,0.59,0.5180,0.64,2
002209,达意隆,2011-12-31,4,1083.2210,5.55,427.6280,3.36,3
002391,长青股份,2011-12-31,2,133.4571,0.65,4.9990,0.62,2
002397,梦洁家纺,2011-12-31,8,2224.3310,14.71,395.9480,12.09,8
002220,天宝股份,2011-12-31,3,433.3059,1.86,239.0448,0.84,2
601558,华锐风电,2011-12-31,1,219.9910,0.11,219.9910,0.00,0
002215,诺普信,2011-12-31,2,1935.6250,5.47,-43.5900,5.59,3
300229,拓尔思,2011-12-31,5,694.9032,5.79,-125.1036,6.83,7
300114,中航电测,2011-12-31,1,59.9800,0.50,59.9800,0.00,0
002214,大立科技,2011-12-31,4,834.4763,8.34,88.8000,7.46,3
002226,江南化工,2011-12-31,6,1498.7670,3.79,232.6980,3.20,5
002218,拓日新能,2011-12-31,2,225.3630,0.46,-285.3151,1.04,3
601766,中国南车,2011-12-31,6,54605.4400,4.61,25563.1500,2.45,5
002221,东华能源,2011-12-31,4,1550.4380,6.89,443.5470,4.92,4
300140,启源装备,2011-12-31,1,41.2046,0.34,-22.3954,0.52,2
002219,独一味,2011-12-31,2,1174.7050,3.14,-132.2370,3.50,3
601186,中国铁建,2011-12-31,2,6638.0700,0.54,3829.5100,0.23,2
002273,水晶光电,2011-12-31,4,1453.0290,11.64,337.2390,9.65,4
002297,博云新材,2011-12-31,3,545.6551,2.55,-241.4207,3.68,3
002223,鱼跃医疗,2011-12-31,7,2942.7000,7.20,1476.5160,3.59,3
002225,濮耐股份,2011-12-31,2,104.4416,0.14,40.7266,0.09,1
002228,合兴包装,2011-12-31,3,1199.9850,3.45,40.6540,3.34,3
002244,滨江集团,2011-12-31,5,4267.4550,3.16,1345.9070,2.16,5
002227,奥特迅,2011-12-31,1,30.0000,0.28,30.0000,0.00,0
002237,恒邦股份,2011-12-31,2,95.4794,0.42,-102.0095,0.87,2
002235,安妮股份,2011-12-31,4,1105.7521,5.67,316.8291,4.05,3
002231,奥维通信,2011-12-31,3,493.3488,2.77,151.6238,2.13,1
002249,大洋电机,2011-12-31,4,4632.8220,9.71,1311.2690,6.96,3
002229,鸿博股份,2011-12-31,2,209.6220,1.34,108.4800,0.64,1
002253,川大智胜,2011-12-31,1,197.8280,2.27,-161.5270,4.80,1
002233,塔牌集团,2011-12-31,3,1146.3410,1.28,1006.8780,0.16,1
002243,通产丽星,2011-12-31,4,2853.5720,11.06,-263.1380,12.08,6
002236,大华股份,2011-12-31,8,3478.2610,12.46,1099.4060,8.52,7
002252,上海莱士,2011-12-31,2,169.6143,0.62,-183.8826,1.30,4
002238,天威视讯,2011-12-31,5,2157.2070,6.73,-433.6890,8.09,6
002372,伟星新材,2011-12-31,7,1110.9516,4.38,-36.3665,4.53,6
002241,歌尔声学,2011-12-31,6,5474.3810,7.28,1019.4500,5.93,5
002242,九阳股份,2011-12-31,3,1038.4910,1.36,-1020.7390,2.71,5
601777,力帆股份,2011-12-31,2,305.2210,0.32,6.7500,0.31,2
002251,步步高,2011-12-31,4,1484.6130,5.49,164.9170,4.88,3
002450,康得新,2011-12-31,3,3429.8900,10.61,681.4820,8.50,3
002256,彩虹精化,2011-12-31,1,50.2500,0.24,50.2500,0.00,0
002255,海陆重工,2011-12-31,4,1055.6280,8.18,393.7640,5.13,3
002262,恩华药业,2011-12-31,1,275.6720,1.18,45.2850,0.98,1
601268,*ST二重,2011-12-31,6,1821.8840,1.08,1090.5170,0.43,5
002259,升达林业,2011-12-31,1,140.0580,0.22,-629.9260,1.20,2
002560,通达股份,2011-12-31,1,24.4065,0.24,0.0000,0.24,1
002260,伊立浦,2011-12-31,1,53.4801,0.34,53.4801,0.00,0
002264,新华都,2011-12-31,1,720.0000,2.02,-630.7890,4.21,2
002419,天虹商场,2011-12-31,7,2480.0210,3.10,-449.1280,3.66,8
300028,金亚科技,2011-12-31,1,43.8232,0.17,43.8232,0.00,0
002322,理工监测,2011-12-31,4,294.1706,4.41,-169.9034,6.96,3
601216,内蒙君正,2011-12-31,1,70.0329,0.14,-85.7155,0.24,2
300054,鼎龙股份,2011-12-31,5,658.0671,7.31,165.6984,5.47,5
300011,鼎汉技术,2011-12-31,2,75.0318,0.71,35.2756,0.38,1
601668,中国建筑,2011-12-31,3,62650.9000,2.09,4033.1000,1.95,3
002268,卫士通,2011-12-31,2,205.4680,1.19,-72.4280,1.61,2
002269,美邦服饰,2011-12-31,7,4529.6940,4.51,581.2810,3.93,7
300079,数码视讯,2011-12-31,4,1764.6890,7.88,703.4760,4.74,3
300233,金城医药,2011-12-31,1,53.3300,0.44,-6.6700,0.50,1
300108,双龙股份,2011-12-31,1,104.9820,1.55,104.9820,0.00,0
300115,长盈精密,2011-12-31,6,1555.5030,9.04,266.7560,7.49,5
002266,浙富股份,2011-12-31,9,5801.1050,19.38,223.5900,18.64,9
300015,爱尔眼科,2011-12-31,8,2505.1670,5.86,-139.5860,6.19,9
002299,圣农发展,2011-12-31,7,6725.2240,7.38,1033.2650,6.25,6
002344,海宁皮城,2011-12-31,8,4880.3840,8.71,590.5250,7.66,8
002289,宇顺电子,2011-12-31,3,428.9195,5.84,79.6670,4.75,2
002284,亚太股份,2011-12-31,1,200.5610,0.70,0.0000,0.70,1
002283,天润曲轴,2011-12-31,5,4566.4880,8.16,3540.5110,1.83,2
300036,超图软件,2011-12-31,4,1265.6160,10.55,102.8170,9.69,4
002277,友阿股份,2011-12-31,7,4104.1450,11.75,-382.2630,12.85,7
300002,神州泰岳,2011-12-31,2,206.9996,0.55,-1594.9662,4.75,7
002438,江苏神通,2011-12-31,4,144.3933,1.39,144.3933,0.00,0
601233,桐昆股份,2011-12-31,5,1035.0720,1.07,114.3550,0.96,3
002278,神开股份,2011-12-31,2,1175.8010,4.50,-188.7770,5.22,3
002280,新世纪,2011-12-31,1,20.9816,0.20,-8.4401,0.27,1
002285,世联地产,2011-12-31,7,2806.7900,8.60,196.3120,8.00,7
002286,保龄宝,2011-12-31,1,24.2398,0.23,-266.1412,2.79,1
300070,碧水源,2011-12-31,9,3203.4000,9.91,367.0570,8.77,8
002291,星期六,2011-12-31,3,1826.4260,5.03,-1090.1910,8.03,6
002292,奥飞动漫,2011-12-31,6,2182.4230,5.33,-280.8260,6.01,5
002293,罗莱家纺,2011-12-31,7,1356.9260,9.67,59.3723,9.24,9
002294,信立泰,2011-12-31,6,933.8120,2.57,218.9126,1.97,6
300065,海兰信,2011-12-31,4,286.2602,5.17,103.1184,3.31,2
601299,中国北车,2011-12-31,7,40331.2100,4.86,15090.1200,3.04,7
601117,中国化学,2011-12-31,7,24174.6400,4.90,1875.9200,4.52,5
002529,海源机械,2011-12-31,1,254.5800,1.59,-114.1575,2.30,2
300072,三聚环保,2011-12-31,3,1394.6440,7.17,232.4630,5.97,4
601618,中国中冶,2011-12-31,3,8680.4500,0.45,20.4200,0.45,3
601798,蓝科高新,2011-12-31,5,842.8391,2.63,-534.3100,4.30,7
002556,辉隆股份,2011-12-31,4,610.6796,2.55,330.6516,1.17,2
002431,棕榈园林,2011-12-31,4,1758.8910,4.58,-460.2440,5.78,5
300075,数字政通,2011-12-31,8,781.6065,9.30,25.8374,9.00,8
300171,东富龙,2011-12-31,7,1395.4558,8.72,137.5412,7.86,7
300093,金刚玻璃,2011-12-31,1,99.9925,0.46,-293.3945,1.82,2
002422,科伦药业,2011-12-31,4,3592.2800,7.48,1216.9600,4.95,2
300058,蓝色光标,2011-12-31,6,2069.0370,11.49,-89.9160,11.99,6
002582,好想你,2011-12-31,8,762.0453,10.33,326.5397,5.90,7
002415,海康威视,2011-12-31,6,2963.7300,2.96,989.6610,1.97,4
601996,丰林集团,2011-12-31,6,522.0182,2.23,522.0182,0.00,0
601888,中国国旅,2011-12-31,8,4996.1690,5.68,473.0670,5.14,7
002489,浙江永强,2011-12-31,1,118.1980,0.49,-129.2405,1.03,2
002301,齐心文具,2011-12-31,1,96.0313,0.50,96.0313,0.00,0
601989,中国重工,2011-12-31,5,30575.1700,2.08,10269.2800,2.22,5
002315,焦点科技,2011-12-31,2,148.1768,1.26,121.7334,0.23,1
002303,美盈森,2011-12-31,6,1049.4580,5.87,-146.2075,6.69,6
300264,佳创视讯,2011-12-31,3,220.9410,2.17,-102.0240,3.17,2
300021,大禹节水,2011-12-31,7,1684.0474,6.04,1025.7525,2.36,5
300012,华测检测,2011-12-31,7,1282.6140,6.97,66.6297,6.61,8
300007,汉威电子,2011-12-31,2,306.1760,2.59,-10.7440,2.69,2
300023,宝德股份,2011-12-31,1,20.0000,0.22,0.0000,0.22,1
300044,赛为智能,2011-12-31,4,731.1259,7.31,-364.7652,10.96,7
300111,向日葵,2011-12-31,2,114.0907,0.22,114.0907,0.00,0
300047,天源迪科,2011-12-31,1,150.0080,0.96,-205.3360,2.26,1
300277,海联讯,2011-12-31,1,11.4743,0.17,11.4743,0.00,0
300032,金龙机电,2011-12-31,1,35.9479,0.25,35.9479,0.00,0
300033,同花顺,2011-12-31,1,78.2388,0.58,78.2388,0.00,0
300037,新宙邦,2011-12-31,7,460.2355,4.30,-74.2609,5.00,8
300091,金通灵,2011-12-31,2,378.2850,1.81,-905.7930,6.14,4
300031,宝通带业,2011-12-31,6,647.6638,6.48,398.2458,2.49,2
300101,国腾电子,2011-12-31,2,600.0920,4.32,406.5920,1.39,1
300022,吉峰农机,2011-12-31,5,1530.4860,4.28,1297.9390,0.65,1
300071,华谊嘉信,2011-12-31,1,23.9990,0.23,-6.2940,0.29,1
300005,探路者,2011-12-31,7,3517.7290,13.13,596.3860,10.90,6
300045,华力创通,2011-12-31,2,129.2236,0.96,51.0058,0.58,2
300027,华谊兄弟,2011-12-31,8,6053.7380,10.01,-163.1920,10.28,7
300003,乐普医疗,2011-12-31,1,269.9930,0.33,269.9930,0.00,0
300010,立思辰,2011-12-31,5,2940.3840,12.43,75.0260,12.11,5
300117,嘉寓股份,2011-12-31,3,1321.1090,6.08,66.3154,5.78,4
300006,莱美药业,2011-12-31,9,2464.0330,13.46,-153.8620,14.31,9
300008,上海佳豪,2011-12-31,2,208.8510,1.43,-694.3420,6.20,5
300053,欧比特,2011-12-31,3,461.9740,2.31,130.0120,1.66,3
300035,中科电气,2011-12-31,2,342.1690,2.85,-317.7680,5.50,5
300018,中元华电,2011-12-31,1,31.2949,0.24,-43.7051,0.58,2
300041,回天胶业,2011-12-31,5,773.8618,7.33,487.4130,2.71,2
002591,恒大高新,2011-12-31,2,99.5595,1.24,31.3021,0.85,2
300087,荃银高科,2011-12-31,6,975.8431,9.24,932.6882,0.41,1
300142,沃森生物,2011-12-31,2,391.0525,2.61,-118.3373,3.40,5
002310,东方园林,2011-12-31,9,1468.7480,9.78,-26.4160,9.95,9
002309,中利科技,2011-12-31,5,1542.8210,6.42,-153.3570,7.06,6
002311,海大集团,2011-12-31,5,5104.0350,8.76,1175.2230,6.75,5
002312,三泰电子,2011-12-31,1,136.7870,0.77,136.7870,0.00,0
300127,银河磁体,2011-12-31,1,31.2762,0.19,31.2762,0.00,0
002313,日海通讯,2011-12-31,7,926.0143,9.26,-4.4494,9.30,7
002400,省广股份,2011-12-31,9,2445.2282,16.49,1538.8122,6.11,5
002324,普利特,2011-12-31,1,90.0049,0.33,-275.4107,1.35,3
601799,星宇股份,2011-12-31,9,1768.6810,7.47,-198.2430,8.31,10
002314,雅致股份,2011-12-31,1,58.9500,0.20,-173.7911,0.80,2
601519,大智慧,2011-12-31,3,325.1616,0.47,135.2280,0.27,3
002327,富安娜,2011-12-31,7,1267.5605,9.47,53.0765,9.07,8
002318,久立特材,2011-12-31,2,154.4398,0.74,154.4398,0.00,0
002317,众生药业,2011-12-31,6,711.1013,3.95,51.9337,3.66,6
002474,榕基软件,2011-12-31,10,1267.5811,12.22,1113.5549,1.49,2
002321,华英农业,2011-12-31,2,106.9719,0.73,-548.1073,4.46,4
002325,洪涛股份,2011-12-31,9,3271.5840,14.21,-20.1530,14.30,9
300004,南风股份,2011-12-31,6,1646.4550,8.76,471.2440,6.25,5
601179,中国西电,2011-12-31,1,2106.8200,0.48,-1549.3800,0.84,2
300014,亿纬锂能,2011-12-31,2,109.9914,0.56,-116.4066,1.14,2
601801,皖新传媒,2011-12-31,1,541.9410,0.60,541.9410,0.00,0
601877,正泰电器,2011-12-31,2,2462.5400,2.45,139.9400,2.31,2
300017,网宿科技,2011-12-31,2,338.2530,2.19,338.2530,0.00,0
300020,银江股份,2011-12-31,9,3113.6040,12.97,1595.2080,6.33,4
300025,华星创业,2011-12-31,9,2114.2570,17.62,-130.9660,18.71,9
002385,大北农,2011-12-31,6,2176.2100,5.43,1865.5630,0.78,1
002326,永太科技,2011-12-31,4,995.4740,4.14,-576.7100,6.54,5
002330,得利斯,2011-12-31,2,438.9580,1.75,304.6720,0.54,1
002329,皇氏乳业,2011-12-31,3,682.5570,3.19,24.8570,3.07,3
002334,英威腾,2011-12-31,6,448.9219,3.69,-342.5285,6.51,8
002335,科华恒盛,2011-12-31,2,236.9676,1.48,54.8057,1.17,3
002340,格林美,2011-12-31,3,513.9270,1.77,-19.6760,2.20,2
002341,新纶科技,2011-12-31,8,1806.5308,12.34,800.4868,6.87,4
002538,司尔特,2011-12-31,2,106.1217,0.72,106.1217,0.00,0
002345,潮宏基,2011-12-31,4,992.7470,5.52,232.9590,4.22,3
601258,庞大集团,2011-12-31,2,1256.8900,0.48,558.8630,0.67,2
300029,天龙光电,2011-12-31,6,1720.3950,8.60,-1035.0120,13.78,8
002353,杰瑞股份,2011-12-31,5,976.6780,4.25,35.8060,4.10,5
300103,达刚路机,2011-12-31,3,404.6949,3.44,-172.0541,4.90,3
300030,阳普医疗,2011-12-31,1,132.8480,0.90,132.8480,0.00,0
002549,凯美特气,2011-12-31,5,1135.9276,9.47,-53.2496,9.91,6
002375,亚厦股份,2011-12-31,7,5011.2450,11.87,-240.6120,12.45,8
002510,天汽模,2011-12-31,1,366.8460,1.78,-95.0770,2.24,1
002369,卓翼科技,2011-12-31,6,1607.7050,8.04,-229.2510,9.18,8
300039,上海凯宝,2011-12-31,2,784.6810,2.98,56.5700,2.77,2
002368,太极股份,2011-12-31,5,1140.2630,5.77,123.3670,5.15,4
002374,丽鹏股份,2011-12-31,1,40.1127,0.47,40.1127,0.00,0
300048,合康变频,2011-12-31,8,1796.8480,7.30,294.1990,6.11,7
002380,科远股份,2011-12-31,3,58.0774,0.85,31.9550,0.38,1
002566,益盛药业,2011-12-31,1,27.9217,0.25,-25.7856,0.49,1
002376,新北洋,2011-12-31,6,2808.5610,9.36,158.8760,8.83,6
601106,中国一重,2011-12-31,3,4434.3500,0.68,-4244.1600,1.33,4
300043,星辉车模,2011-12-31,6,2052.9960,12.96,38.9300,12.72,6
300046,台基股份,2011-12-31,5,688.0810,4.84,51.2492,4.48,5
300050,世纪鼎利,2011-12-31,4,1220.2660,5.65,157.1890,4.92,4
002378,章源钨业,2011-12-31,3,159.8422,0.37,24.8593,0.32,2
002383,合众思壮,2011-12-31,2,194.1477,1.35,194.1477,0.00,0
002379,鲁丰股份,2011-12-31,1,24.9903,0.16,-74.9911,0.65,1
002382,蓝帆股份,2011-12-31,1,54.0106,0.45,1.4000,0.44,1
002421,达实智能,2011-12-31,3,490.4467,4.84,-25.8440,5.09,3
002630,华西能源,2011-12-31,3,398.2960,2.39,398.2960,0.00,0
002384,东山精密,2011-12-31,2,107.9979,0.56,28.0000,0.42,1
002394,联发股份,2011-12-31,1,84.0972,0.39,84.0972,0.00,0
300056,三维丝,2011-12-31,4,210.6978,4.01,51.0710,3.04,5
300055,万邦达,2011-12-31,9,2383.7420,10.42,-516.2930,12.67,7
300057,万顺股份,2011-12-31,1,192.6150,0.46,0.0000,0.46,1
002387,黑牛食品,2011-12-31,1,243.2970,1.01,-57.5546,1.25,2
002389,南洋科技,2011-12-31,4,156.1335,1.17,42.2535,0.85,3
002398,建研集团,2011-12-31,6,1183.7520,8.83,-71.3709,8.05,8
002390,信邦制药,2011-12-31,1,170.0000,0.98,0.0000,0.98,1
601669,中国水电,2011-12-31,7,20130.8000,2.10,20101.4000,0.00,2
002399,海普瑞,2011-12-31,4,235.5618,0.29,-16.8750,0.32,5
002410,广联达,2011-12-31,8,1839.9670,6.81,388.7140,5.38,7
002408,齐翔腾达,2011-12-31,1,155.7710,0.33,-52.0090,0.44,2
002604,龙力生物,2011-12-31,3,296.6322,1.59,151.4762,0.78,2
002476,宝莫股份,2011-12-31,1,285.8640,1.59,32.0000,1.41,1
002406,远东传动,2011-12-31,1,224.9950,0.80,0.0000,0.80,1
300059,东方财富,2011-12-31,2,449.7840,2.14,196.2382,1.21,2
002439,启明星辰,2011-12-31,4,1675.3710,8.48,368.6970,6.62,3
002414,高德红外,2011-12-31,4,387.1303,1.29,106.5303,0.94,2
002413,常发股份,2011-12-31,2,274.4670,1.24,40.9241,1.59,2
300098,高新兴,2011-12-31,2,103.1376,1.16,-30.2397,1.50,2
300062,中能电气,2011-12-31,1,164.5700,1.07,164.5700,0.00,0
002417,三元达,2011-12-31,6,833.8360,4.63,261.6400,3.18,4
002465,海格通信,2011-12-31,5,900.4559,2.71,205.8356,2.09,4
300068,南都电源,2011-12-31,6,2061.5730,6.93,589.8040,4.95,4
601369,陕鼓动力,2011-12-31,3,1605.1220,0.98,232.1070,0.84,3
002573,国电清新,2011-12-31,3,497.7719,1.68,-1205.6031,5.75,6
002428,云南锗业,2011-12-31,2,400.0000,2.45,-159.7089,3.43,3
002424,贵州百灵,2011-12-31,2,1233.0020,2.62,48.7523,2.52,5
002456,欧菲光,2011-12-31,6,1004.8126,5.23,477.8576,2.74,4
002447,壹桥苗业,2011-12-31,1,92.2523,0.69,92.2523,0.00,0
002459,天业通联,2011-12-31,1,319.4980,1.44,319.4980,0.00,0
002434,万里扬,2011-12-31,1,347.7870,1.02,-294.6620,1.89,3
300069,金利华电,2011-12-31,1,20.9776,0.27,-6.9172,0.36,1
002440,闰土股份,2011-12-31,1,350.0000,0.91,-425.3300,2.02,2
002437,誉衡药业,2011-12-31,1,1288.4200,4.60,-226.6829,5.41,4
300080,新大新材,2011-12-31,1,151.9740,0.54,-449.4100,2.15,3
002622,永大集团,2011-12-31,4,291.5004,1.94,291.5004,0.00,0
300083,劲胜股份,2011-12-31,3,684.7460,3.42,25.8630,3.29,3
002613,北玻股份,2011-12-31,3,375.0000,1.40,375.0000,0.00,0
300078,中瑞思创,2011-12-31,1,76.0000,0.45,76.0000,0.00,0
300074,华平股份,2011-12-31,6,864.2719,8.64,400.1818,4.64,4
002441,众业达,2011-12-31,4,760.4695,3.28,592.2551,0.73,2
002469,三维工程,2011-12-31,3,221.8670,1.97,-78.4871,2.67,3
300084,海默科技,2011-12-31,2,205.9555,1.61,-367.0295,4.48,2
002444,巨星科技,2011-12-31,3,488.2623,0.96,-380.8107,1.71,2
002466,天齐锂业,2011-12-31,4,187.5532,1.28,51.7336,0.92,3
002445,中南重工,2011-12-31,1,91.4238,0.36,-223.9171,1.25,2
300086,康芝药业,2011-12-31,3,322.0018,1.61,-368.7674,3.45,5
002458,益生股份,2011-12-31,5,602.6838,4.29,-24.0211,4.46,5
300088,长信科技,2011-12-31,4,1359.1330,5.41,524.4270,3.33,3
300090,盛运股份,2011-12-31,7,2235.1240,8.76,556.8760,6.57,6
300096,易联众,2011-12-31,5,1181.8210,6.87,669.9700,2.98,2
601000,唐山港,2011-12-31,4,1739.6080,1.54,1563.8960,0.16,1
002453,天马精化,2011-12-31,3,1062.5920,8.85,469.0861,4.95,3
002452,长高集团,2011-12-31,2,273.7900,2.74,-50.3320,3.24,3
601717,郑煤机,2011-12-31,3,2655.1470,3.79,2655.1470,0.00,0
300179,四方达,2011-12-31,5,814.9747,10.19,117.3220,8.72,5
300097,智云股份,2011-12-31,1,189.5250,3.16,139.5290,0.83,1
300099,尤洛卡,2011-12-31,6,701.1440,6.78,231.9937,4.54,6
601718,际华集团,2011-12-31,7,16169.1530,4.19,-558.3520,4.34,7
300253,卫宁软件,2011-12-31,9,528.2291,9.87,476.3505,0.97,2
300094,国联水产,2011-12-31,1,97.5028,0.28,-22.4972,0.34,1
300124,汇川技术,2011-12-31,10,2484.3610,11.50,-79.3330,11.87,10
300089,长城集团,2011-12-31,4,879.8571,8.80,275.4450,6.04,3
300152,燃控科技,2011-12-31,1,40.0000,0.37,-190.2862,2.13,3
300245,天玑科技,2011-12-31,9,752.9483,11.24,269.9295,7.21,7
601208,东材科技,2011-12-31,8,2911.6996,9.46,211.4116,8.77,9
300092,科新机电,2011-12-31,2,49.9904,0.55,49.9904,0.00,0
300102,乾照光电,2011-12-31,3,1565.6980,5.31,-121.0390,5.72,3
002484,江海股份,2011-12-31,8,696.8876,4.36,-563.1996,7.88,10
300126,锐奇股份,2011-12-31,6,1021.6968,6.74,660.5777,2.38,6
300104,乐视网,2011-12-31,2,431.5920,1.96,-576.3200,4.58,4
300173,松德股份,2011-12-31,3,267.1149,3.07,66.9209,2.30,3
002470,金正大,2011-12-31,4,644.6300,0.92,329.7706,0.45,3
300107,建新股份,2011-12-31,2,298.8144,2.23,153.8174,1.08,1
300113,顺网科技,2011-12-31,8,1579.1640,11.96,599.7340,7.42,5
300118,东方日升,2011-12-31,1,300.1420,0.86,197.2270,0.29,1
300133,华策影视,2011-12-31,5,753.7750,3.93,254.2828,4.42,6
300156,天立环保,2011-12-31,7,989.1855,6.17,240.5842,4.67,5
002530,丰东股份,2011-12-31,1,39.2318,0.29,5.0362,0.26,1
002595,豪迈科技,2011-12-31,7,1825.4730,9.13,79.4790,8.73,7
002614,蒙发利,2011-12-31,1,16.5283,0.14,-89.1033,0.88,5
002475,立讯精密,2011-12-31,9,2241.4990,8.60,288.3790,7.49,7
601886,江河创建,2011-12-31,1,40.0000,0.07,-1289.4307,2.37,7
300120,经纬电材,2011-12-31,1,556.5770,4.92,556.5770,0.00,0
300128,锦富新材,2011-12-31,2,168.1751,0.84,-314.6692,2.41,4
601098,中南传媒,2011-12-31,8,3481.7080,1.94,1653.1320,1.02,5
002477,雏鹰农牧,2011-12-31,4,1563.8730,5.86,512.5080,3.94,3
002479,富春环保,2011-12-31,1,34.7800,0.08,3.0400,0.07,1
002480,新筑股份,2011-12-31,1,418.3920,1.49,418.3920,0.00,0
002481,双塔食品,2011-12-31,4,686.5040,5.72,267.9507,3.49,4
300121,阳谷华泰,2011-12-31,4,471.9437,4.37,140.0194,3.07,4
300119,瑞普生物,2011-12-31,1,63.0101,0.42,63.0101,0.00,0
300125,易世达,2011-12-31,4,261.4444,2.22,-270.5171,4.51,5
002486,嘉麟杰,2011-12-31,1,120.0000,0.58,-80.0000,0.96,1
002482,广田股份,2011-12-31,9,3507.2270,10.96,840.2900,8.33,9
002485,希努尔,2011-12-31,8,2611.5280,13.06,1338.3798,6.37,8
300138,晨光生物,2011-12-31,5,355.5551,3.96,181.7884,1.94,3
002521,齐峰新材,2011-12-31,2,607.9480,2.95,607.9480,0.00,0
300122,智飞生物,2011-12-31,6,809.9049,2.02,382.9395,1.07,4
300123,太阳鸟,2011-12-31,3,666.4460,4.79,63.7780,4.33,2
002488,金固股份,2011-12-31,2,206.1428,1.15,-18.0322,1.25,2
002518,科士达,2011-12-31,2,155.2954,1.35,-476.5674,5.49,5
600998,九州通,2011-12-31,5,2137.1530,1.50,1867.7460,0.19,2
002493,荣盛石化,2011-12-31,5,456.2684,0.41,35.3027,0.38,5
002483,润邦股份,2011-12-31,1,76.9600,0.21,76.9600,0.00,0
002497,雅化集团,2011-12-31,5,797.7660,2.49,539.2174,0.81,2
300134,大富科技,2011-12-31,6,1235.3436,3.86,-806.8414,6.38,8
300135,宝利沥青,2011-12-31,4,529.6860,3.31,406.4142,0.77,3
300130,新国都,2011-12-31,3,452.4020,3.96,321.6827,1.14,3
300131,英唐智控,2011-12-31,1,132.4490,1.31,-18.2314,1.49,2
002498,汉缆股份,2011-12-31,3,635.6396,0.90,5.2600,0.89,3
300132,青松股份,2011-12-31,3,690.4530,5.73,74.7030,5.11,3
300136,信维通信,2011-12-31,4,631.9400,4.74,-527.2829,8.69,7
002567,唐人神,2011-12-31,1,79.5905,0.58,79.5905,0.00,0
601928,凤凰传媒,2011-12-31,1,150.0000,0.06,150.0000,0.00,0
002501,利源铝业,2011-12-31,4,770.6180,4.12,279.0550,2.63,2
300141,和顺电气,2011-12-31,1,267.5010,4.85,14.1440,4.59,1
300164,通源石油,2011-12-31,4,230.0367,2.90,1.8591,2.88,4
002511,中顺洁柔,2011-12-31,2,267.4880,1.67,267.4880,0.00,0
002554,惠博普,2011-12-31,8,1239.6575,6.12,1.3273,6.12,7
300154,瑞凌股份,2011-12-31,5,524.1209,2.35,98.2804,1.91,4
002503,搜于特,2011-12-31,9,1227.2003,7.67,72.5935,7.22,9
300143,星河生物,2011-12-31,2,251.6020,1.71,-62.1660,2.13,2
300144,宋城股份,2011-12-31,7,3535.2660,9.57,419.0860,8.43,10
002507,涪陵榨菜,2011-12-31,2,174.1150,1.12,146.0661,0.18,1
002513,蓝丰生化,2011-12-31,2,93.4173,0.70,93.4173,0.00,0
300145,南方泵业,2011-12-31,4,599.8003,4.17,330.3793,1.87,2
300158,振东制药,2011-12-31,3,445.8186,3.10,36.9316,2.84,3
300168,万达信息,2011-12-31,10,1291.6875,10.76,812.4354,3.99,5
300157,恒泰艾普,2011-12-31,2,533.9120,3.00,-362.5380,5.04,4
002522,浙江众成,2011-12-31,2,148.5333,0.87,27.0160,0.71,2
300146,汤臣倍健,2011-12-31,5,557.8183,5.10,-289.4032,7.75,9
002547,春兴精工,2011-12-31,6,1316.3269,9.27,928.9802,2.73,4
002606,大连电瓷,2011-12-31,2,99.9975,1.00,99.9975,0.00,0
002528,英飞拓,2011-12-31,8,1613.0641,6.83,386.1781,5.22,7
002526,山东矿机,2011-12-31,2,491.5330,1.84,-481.6210,3.64,4
002532,新界泵业,2011-12-31,4,437.1088,2.73,345.8154,0.57,1
002540,亚太科技,2011-12-31,1,60.0000,0.29,-209.5358,1.30,4
300169,天晟新材,2011-12-31,4,495.1143,3.53,-112.0764,4.33,5
601933,永辉超市,2011-12-31,1,2200.0100,2.86,11.6150,2.85,4
300223,北京君正,2011-12-31,7,355.3391,4.44,40.6731,3.93,5
300191,潜能恒信,2011-12-31,2,95.5590,1.19,-37.1827,1.66,3
300159,新研股份,2011-12-31,10,867.9398,9.62,79.6693,8.74,9
002535,林州重机,2011-12-31,8,1864.8030,4.50,569.3810,3.16,7
300163,先锋新材,2011-12-31,1,392.6350,4.97,148.9560,3.08,1
002557,洽洽食品,2011-12-31,6,1714.5190,6.59,456.1001,4.84,3
002536,西泵股份,2011-12-31,1,80.0000,0.83,0.0000,0.83,1
300170,汉得信息,2011-12-31,5,1118.9950,6.66,227.3025,5.31,7
300166,东方国信,2011-12-31,2,48.7474,1.20,48.7474,0.00,0
300174,元力股份,2011-12-31,4,347.2891,5.11,42.6851,4.48,4
300172,中电环保,2011-12-31,2,90.7348,0.91,62.6948,0.28,1
300175,朗源股份,2011-12-31,2,549.0930,2.33,549.0930,0.00,0
002545,东方铁塔,2011-12-31,1,71.0000,0.27,-45.0000,0.45,1
002541,鸿路钢构,2011-12-31,5,737.1690,5.50,-53.2721,5.90,6
300177,中海达,2011-12-31,3,157.0351,1.57,129.0851,0.56,1
300178,腾邦国际,2011-12-31,2,152.9186,1.28,-318.2467,3.95,6
300176,鸿特精密,2011-12-31,1,69.5192,0.78,-7.5700,0.86,1
002551,尚荣医疗,2011-12-31,7,585.7465,4.76,-129.2170,5.81,8
300193,佳士科技,2011-12-31,1,56.4449,0.25,-481.9029,2.43,7
300216,千山药机,2011-12-31,10,806.9237,12.04,154.6481,9.74,9
300183,东软载波,2011-12-31,3,136.1684,1.36,-224.2546,3.60,5
300197,铁汉生态,2011-12-31,1,60.9970,0.52,-155.0209,1.85,3
002552,宝鼎重工,2011-12-31,1,203.6500,1.36,-273.2400,3.18,1
002543,万和电气,2011-12-31,1,100.0000,0.50,-151.1862,1.26,3
002546,新联电子,2011-12-31,5,503.6691,3.00,143.2770,2.15,5
300182,捷成股份,2011-12-31,8,1269.2491,11.33,120.1511,10.26,8
601616,广电电气,2011-12-31,3,647.9250,1.25,175.5550,0.91,2
300203,聚光科技,2011-12-31,7,1601.0772,3.60,841.8979,1.71,4
002559,亚威股份,2011-12-31,3,43.2425,0.49,-130.2462,1.97,6
002574,明牌珠宝,2011-12-31,3,658.6800,2.74,503.0960,0.65,1
300198,纳川股份,2011-12-31,6,806.3460,5.84,376.0342,3.12,4
300195,长荣股份,2011-12-31,8,1164.6619,8.32,186.5797,6.99,6
300188,美亚柏科,2011-12-31,2,63.6237,1.19,33.6237,0.56,1
300196,长海股份,2011-12-31,5,778.3460,6.49,-129.4207,7.56,6
300187,永清环保,2011-12-31,9,816.4056,12.23,146.5993,10.03,8
300190,维尔利,2011-12-31,4,129.7556,2.45,-8.4804,2.61,5
002565,上海绿新,2011-12-31,5,1208.4620,5.66,556.7141,3.05,6
002577,雷柏科技,2011-12-31,2,21.1235,0.17,21.1235,0.00,0
300214,日科化学,2011-12-31,7,944.4243,7.00,375.7097,4.21,7
300204,舒泰神,2011-12-31,1,14.9926,0.22,-173.3534,2.82,5
002563,森马服饰,2011-12-31,5,913.5732,1.36,231.5753,1.02,6
300199,翰宇药业,2011-12-31,3,317.4239,3.17,-72.5729,3.90,5
002571,德力股份,2011-12-31,7,386.2279,4.54,-63.7492,5.29,7
002562,兄弟科技,2011-12-31,1,140.4700,1.32,44.9549,0.90,2
002564,张化机,2011-12-31,7,1752.8520,5.77,-610.6490,7.78,8
300226,上海钢联,2011-12-31,1,12.0749,0.30,12.0749,0.00,0
300201,海伦哲,2011-12-31,1,134.5840,1.68,-3.2500,1.72,1
002572,索菲亚,2011-12-31,8,1026.1049,9.59,170.5076,8.00,8
300206,理邦仪器,2011-12-31,2,43.1900,0.43,-111.5542,1.55,5
300202,聚龙股份,2011-12-31,3,468.3048,5.52,-42.4252,6.02,4
300210,森远股份,2011-12-31,3,440.3173,5.88,-4.2187,5.94,4
300209,天泽信息,2011-12-31,1,21.3861,0.27,-152.8060,2.18,5
601566,九牧王,2011-12-31,9,4945.7440,8.63,985.3990,6.91,8
601113,华鼎锦纶,2011-12-31,6,363.8156,1.14,127.8832,0.74,3
300207,欣旺达,2011-12-31,8,1694.7220,9.01,182.9047,8.04,9
300212,易华录,2011-12-31,3,158.1859,2.36,-47.0129,3.06,3
300218,安利股份,2011-12-31,2,245.6740,2.33,-221.0906,4.42,4
002584,西陇化工,2011-12-31,1,126.2000,0.63,21.2066,0.52,2
300219,鸿利光电,2011-12-31,8,661.5344,5.39,-105.7199,6.25,6
300257,开山股份,2011-12-31,8,915.5822,6.40,288.6043,4.38,6
300215,电科院,2011-12-31,1,24.9971,0.28,3.4478,0.24,1
300217,东方电热,2011-12-31,5,419.2091,4.66,-75.4651,5.50,6
300222,科大智能,2011-12-31,4,321.3505,5.36,231.6049,1.50,1
300221,银禧科技,2011-12-31,1,100.0000,1.00,40.0000,0.60,1
300231,银信科技,2011-12-31,1,24.9884,0.62,24.9884,0.00,0
300228,富瑞特装,2011-12-31,8,456.1556,6.81,106.3127,5.22,7
300240,飞力达,2011-12-31,6,519.5977,4.86,187.1096,3.11,5
601311,骆驼股份,2011-12-31,8,1606.1467,3.82,1183.7157,1.00,2
002585,双星新材,2011-12-31,1,25.8272,0.12,4.1336,0.10,1
002586,围海股份,2011-12-31,3,260.3437,2.43,22.6447,2.22,2
002589,瑞康医药,2011-12-31,7,1076.8362,11.48,-109.0611,12.64,10
002587,奥拓电子,2011-12-31,4,382.5731,4.55,334.7765,0.57,1
300230,永利带业,2011-12-31,4,380.6239,4.24,282.6610,1.09,1
300234,开尔新材,2011-12-31,1,42.0000,0.53,-125.2791,2.09,3
300236,上海新阳,2011-12-31,1,34.4943,0.40,0.0000,0.40,1
002588,史丹利,2011-12-31,3,51.0238,0.39,51.0238,0.00,0
002605,姚记扑克,2011-12-31,1,21.0802,0.23,21.0802,0.00,0
002598,山东章鼓,2011-12-31,1,52.4304,0.34,-427.5696,3.08,3
300241,瑞丰光电,2011-12-31,6,291.9458,2.73,-112.2189,3.78,4
300258,精锻科技,2011-12-31,6,273.1623,2.73,264.8324,0.08,1
002607,亚夏汽车,2011-12-31,4,553.5299,6.29,255.5633,3.39,5
300243,瑞丰高材,2011-12-31,1,12.3090,0.23,12.3090,0.00,0
300244,迪安诊断,2011-12-31,2,224.7370,4.40,140.0635,1.66,2
300250,初灵信息,2011-12-31,2,98.1450,2.45,98.1450,0.00,0
300248,新开普,2011-12-31,1,55.0000,1.23,37.6194,0.39,1
002603,以岭药业,2011-12-31,7,2542.2900,5.98,1029.0429,3.56,7
002620,瑞和股份,2011-12-31,8,455.9379,5.70,434.7189,0.27,3
300251,光线传媒,2011-12-31,9,1010.9865,9.22,434.2235,5.26,7
300256,星星科技,2011-12-31,4,350.4502,3.50,72.6849,2.78,5
300255,常山药业,2011-12-31,3,228.1918,2.12,45.7801,1.69,3
300260,新莱应材,2011-12-31,8,478.9707,7.18,354.3009,1.87,3
300267,尔康制药,2011-12-31,4,531.6390,2.89,531.6390,0.00,0
300259,新天科技,2011-12-31,3,178.3901,2.36,178.3901,0.00,0
002629,仁智油服,2011-12-31,1,135.5730,1.18,135.5730,0.00,0
300273,和佳股份,2011-12-31,1,48.6799,0.37,48.6799,0.00,0
300261,雅本化学,2011-12-31,7,604.6996,6.67,435.1586,1.87,1
002611,东方精工,2011-12-31,5,685.0060,5.04,498.0358,1.37,3
300268,万福生科,2011-12-31,1,15.7400,0.23,15.7400,0.00,0
002612,朗姿股份,2011-12-31,4,994.5466,4.97,-137.9538,5.66,7
300262,巴安水务,2011-12-31,1,12.9380,0.19,12.9380,0.00,0
002617,露笑科技,2011-12-31,1,100.0000,0.83,100.0000,0.00,0
300274,阳光电源,2011-12-31,7,805.1450,4.49,805.1450,0.00,0
601100,恒立油缸,2011-12-31,9,1850.0310,4.40,1850.0310,0.00,0
300275,梅安森,2011-12-31,6,228.6720,3.90,228.6720,0.00,0
002628,成都路桥,2011-12-31,1,24.8479,0.15,24.8479,0.00,0
002623,亚玛顿,2011-12-31,1,34.9929,0.22,34.9929,0.00,0
002637,赞宇科技,2011-12-31,3,93.5082,1.17,93.5082,0.00,0
002640,百圆裤业,2011-12-31,1,15.9967,0.24,15.9967,0.00,0
300276,三丰智能,2011-12-31,1,23.4792,0.39,23.4792,0.00,0
002635,安洁科技,2011-12-31,5,346.7332,2.89,346.7332,0.00,0
002645,华宏科技,2011-12-31,3,40.0000,0.60,40.0000,0.00,0
002646,青青稞酒,2011-12-31,1,59.6550,0.13,59.6550,0.00,0
300281,金明精机,2011-12-31,2,158.5993,2.64,158.5993,0.00,0
002638,勤上光电,2011-12-31,4,593.3650,3.17,593.3650,0.00,0
