600000,浦发银行,2011-06-30,1,19769.6000,1.06,4439.2000,1.07,1
600005,武钢股份,2011-06-30,5,7866.0900,0.78,-129.4450,1.02,5
600006,东风汽车,2011-06-30,3,1232.7040,0.62,-277.0140,0.75,3
600007,中国国贸,2011-06-30,3,1814.6120,1.80,-428.2380,2.23,4
600008,首创股份,2011-06-30,4,2118.1030,0.96,-1301.3240,1.55,6
600009,上海机场,2011-06-30,7,9277.1720,4.81,2060.8420,3.74,6
600010,包钢股份,2011-06-30,6,23952.6000,3.73,-85.1000,3.74,7
600012,皖通高速,2011-06-30,2,884.5320,0.53,884.5320,0.00,0
600019,宝钢股份,2011-06-30,5,24489.1700,1.40,-17161.5100,2.38,6
600026,中海发展,2011-06-30,5,2188.8850,0.64,-237.1250,0.71,6
600028,中国石化,2011-06-30,5,21165.1000,0.24,1128.5000,0.23,5
600033,福建高速,2011-06-30,2,580.5530,0.21,-998.8600,0.58,3
600037,歌华有线,2011-06-30,1,983.1240,0.93,-1070.0000,1.94,3
600038,哈飞股份,2011-06-30,4,1808.1230,5.36,-736.0810,7.54,6
600050,中国联通,2011-06-30,8,89865.1800,4.24,12471.2000,3.65,7
600052,浙江广厦,2011-06-30,1,1360.9600,1.56,159.9900,1.38,1
600053,中江地产,2011-06-30,1,150.4180,0.35,150.4180,0.00,0
600054,黄山旅游,2011-06-30,4,2750.0460,5.83,671.0620,4.41,3
600055,华润万东,2011-06-30,5,1876.4438,8.67,-114.9959,9.20,6
600056,中国医药,2011-06-30,3,1018.1610,3.27,-116.2580,3.65,4
600058,五矿发展,2011-06-30,4,1467.8507,1.37,227.3997,1.16,6
600060,海信电器,2011-06-30,6,5656.0180,6.53,407.3630,6.06,7
600061,中纺投资,2011-06-30,2,1900.9200,4.43,880.9270,2.38,2
600062,华润双鹤,2011-06-30,6,6452.7890,11.29,-77.3450,11.42,7
600063,皖维高新,2011-06-30,3,3200.0440,6.84,1921.9650,2.73,2
600064,南京高科,2011-06-30,5,2765.9100,5.36,932.0140,3.55,6
600066,宇通客车,2011-06-30,7,7472.5850,14.37,1244.1410,11.98,7
600067,冠城大通,2011-06-30,7,7640.8720,10.39,-181.7080,10.64,7
600068,葛洲坝,2011-06-30,5,9956.3700,2.85,2419.9200,2.16,4
600070,浙江富润,2011-06-30,1,530.0000,3.77,-21.1610,3.92,1
600071,凤凰光学,2011-06-30,1,258.6850,1.09,-2741.4320,12.63,8
600072,中船股份,2011-06-30,4,1824.0210,3.81,1824.0210,0.00,0
600073,上海梅林,2011-06-30,1,73.5000,0.21,73.5000,0.00,0
600075,新疆天业,2011-06-30,3,952.4164,2.17,852.4164,0.23,1
600078,澄星股份,2011-06-30,1,78.3029,0.12,-470.9141,0.84,2
600079,人福医药,2011-06-30,6,5370.3300,10.88,-1309.1570,14.16,7
600085,同仁堂,2011-06-30,7,3046.8020,5.85,-428.2200,6.67,7
600086,东方金钰,2011-06-30,4,3728.2570,10.58,0.0000,10.58,4
600088,中视传媒,2011-06-30,1,303.9870,0.92,-166.4510,1.42,2
600089,特变电工,2011-06-30,4,9393.3200,3.56,155.4500,4.56,5
600095,哈高科,2011-06-30,1,302.3400,0.84,-1802.8660,5.83,4
600096,云天化,2011-06-30,5,1396.4700,2.01,-1418.6000,4.77,6
600098,广州发展,2011-06-30,6,5187.4030,2.52,78.7040,2.48,7
600099,林海股份,2011-06-30,1,419.5650,1.91,12.6030,1.86,1
600100,同方股份,2011-06-30,4,9410.3770,4.73,2827.7940,6.62,5
600101,明星电力,2011-06-30,4,2750.7850,8.49,390.7170,7.28,5
600104,上汽集团,2011-06-30,7,25562.3700,2.77,-3422.5600,3.14,7
600105,永鼎股份,2011-06-30,3,2739.5220,7.19,-813.2110,9.33,5
600106,重庆路桥,2011-06-30,3,709.7850,1.56,577.6998,0.29,2
600107,美尔雅,2011-06-30,5,2940.3440,8.17,1743.4460,3.32,4
600108,亚盛集团,2011-06-30,1,732.0460,0.42,-1516.3040,1.29,2
600109,国金证券,2011-06-30,2,306.1340,0.31,58.3340,0.25,1
600111,包钢稀土,2011-06-30,6,3236.8920,2.67,733.6100,3.10,6
600112,长征电气,2011-06-30,1,405.1660,0.95,-1008.1000,3.33,2
600115,东方航空,2011-06-30,1,2812.1400,0.25,1552.5400,0.11,1
600117,西宁特钢,2011-06-30,3,1625.2620,2.19,-521.0370,2.90,4
600118,中国卫星,2011-06-30,4,4334.5450,6.15,83.3920,6.03,5
600119,长江投资,2011-06-30,1,148.3410,0.48,148.3410,0.00,0
600120,浙江东方,2011-06-30,3,855.7920,1.69,-18.8350,1.73,2
600121,郑州煤电,2011-06-30,4,722.5390,1.15,320.0170,0.64,3
600123,兰花科创,2011-06-30,7,5888.7140,10.31,342.0960,9.71,7
600125,铁龙物流,2011-06-30,5,11743.1400,8.99,703.2200,10.99,6
600126,杭钢股份,2011-06-30,2,466.2700,0.56,351.7100,0.14,1
600127,金健米业,2011-06-30,2,185.4631,0.34,-67.4221,0.46,3
600131,岷江水电,2011-06-30,1,200.0000,0.40,200.0000,0.00,0
600132,重庆啤酒,2011-06-30,6,4286.1900,8.86,0.0000,8.86,6
600133,东湖高新,2011-06-30,2,249.9820,0.50,0.0000,0.50,2
600135,乐凯胶片,2011-06-30,3,1068.3750,3.12,118.3430,2.78,2
600137,浪莎股份,2011-06-30,3,664.3480,6.83,119.5550,5.60,2
600138,中青旅,2011-06-30,3,4330.0300,10.43,-95.3000,10.65,3
600139,西部资源,2011-06-30,3,1671.9690,5.04,-469.1040,9.03,5
600141,兴发集团,2011-06-30,5,4065.8710,11.12,-100.2410,11.40,4
600146,大元股份,2011-06-30,2,629.9970,3.15,-579.6600,6.05,4
600150,中国船舶,2011-06-30,3,1076.8460,1.63,6.9990,1.61,3
600151,航天机电,2011-06-30,4,743.2460,0.78,185.2770,0.58,3
600152,维科精华,2011-06-30,1,100.0000,0.34,-249.9770,1.19,1
600153,建发股份,2011-06-30,8,24582.5000,10.99,5256.8300,8.64,8
600156,华升股份,2011-06-30,1,1101.4200,2.74,1101.4200,0.00,0
600157,永泰能源,2011-06-30,5,3894.9740,6.86,1554.2480,6.23,4
600158,中体产业,2011-06-30,1,220.6960,0.26,220.6960,0.00,0
600159,大龙地产,2011-06-30,1,98.4101,0.12,98.4101,0.00,0
600160,巨化股份,2011-06-30,7,4044.6090,5.08,811.2710,4.06,6
600161,天坛生物,2011-06-30,2,506.0130,0.98,-453.4630,1.86,2
600162,香江控股,2011-06-30,1,800.0000,1.04,-240.0000,1.35,2
600163,福建南纸,2011-06-30,1,380.0000,0.53,-1609.0090,2.76,3
600166,福田汽车,2011-06-30,3,16625.1700,7.88,4336.0300,11.65,3
600168,武汉控股,2011-06-30,2,451.0900,1.02,451.0900,0.00,0
600169,太原重工,2011-06-30,2,867.1740,0.54,-340.2680,1.49,4
600170,上海建工,2011-06-30,5,2834.8030,2.72,-674.1900,3.37,5
600171,上海贝岭,2011-06-30,1,107.8520,0.16,-88.6308,0.29,2
600172,黄河旋风,2011-06-30,2,279.5410,0.89,-669.9260,3.54,5
600173,卧龙地产,2011-06-30,2,4591.9300,6.33,257.0200,5.98,4
600175,美都控股,2011-06-30,2,288.0370,0.23,288.0370,0.00,0
600176,中国玻纤,2011-06-30,6,4708.6870,11.02,-854.3910,13.02,6
600178,东安动力,2011-06-30,4,998.0070,2.16,-120.2913,2.42,3
600179,黑化股份,2011-06-30,1,227.6300,0.58,227.6300,0.00,0
600183,生益科技,2011-06-30,1,288.3210,0.26,-4428.7800,4.93,4
600185,格力地产,2011-06-30,4,3789.5220,6.56,1515.7140,3.94,3
600186,莲花味精,2011-06-30,2,2158.7900,2.03,-815.6660,2.80,3
600188,兖州煤业,2011-06-30,6,3454.4150,0.70,897.2610,0.52,5
600189,吉林森工,2011-06-30,1,200.0000,0.64,-188.8450,1.25,2
600190,锦州港,2011-06-30,1,610.7320,0.39,0.0000,0.39,1
600191,华资实业,2011-06-30,1,105.5910,0.22,15.8802,0.18,1
600193,创兴资源,2011-06-30,1,456.4320,2.09,-293.5680,3.44,2
600195,中牧股份,2011-06-30,6,3000.3160,7.69,-10.9970,7.72,7
600196,复星医药,2011-06-30,2,1600.0000,0.84,203.5330,0.73,2
600197,伊力特,2011-06-30,6,2378.1070,5.39,-409.4230,6.32,5
600198,大唐电信,2011-06-30,3,1455.2420,3.32,-689.9750,4.89,4
600199,金种子酒,2011-06-30,5,3344.7920,6.02,1964.9420,2.48,3
600202,哈空调,2011-06-30,2,100.8360,0.26,-229.5360,0.86,1
600208,新湖中宝,2011-06-30,7,23854.5300,4.65,-680.0200,4.78,7
600210,紫江企业,2011-06-30,3,2071.5310,1.44,-426.2420,1.74,4
600213,亚星客车,2011-06-30,1,511.1500,2.32,-99.9960,2.78,2
600215,长春经开,2011-06-30,2,1075.2330,2.31,220.7570,2.39,2
600216,浙江医药,2011-06-30,5,2953.8820,6.56,692.1340,5.03,4
600218,全柴动力,2011-06-30,4,1506.9660,5.32,442.3192,3.76,4
600219,南山铝业,2011-06-30,5,3098.0330,1.60,1365.4100,0.90,2
600220,江苏阳光,2011-06-30,2,1122.6290,0.63,-563.9900,0.95,4
600221,海南航空,2011-06-30,5,7606.9350,1.84,227.7850,1.79,4
600223,鲁商置业,2011-06-30,5,6164.5280,6.16,640.0540,5.52,5
600226,升华拜克,2011-06-30,3,1645.6320,4.06,-182.7170,4.51,3
600227,赤天化,2011-06-30,3,485.7120,0.51,20.5830,0.49,3
600229,青岛碱业,2011-06-30,1,1000.0000,2.53,0.0000,2.53,1
600230,沧州大化,2011-06-30,1,67.1300,0.26,-399.5811,1.80,4
600231,凌钢股份,2011-06-30,5,4781.4850,5.95,2846.3450,2.41,4
600233,大杨创世,2011-06-30,5,821.8244,4.98,319.3975,3.05,4
600236,桂冠电力,2011-06-30,5,4323.1200,1.90,1994.2850,1.02,3
600237,铜峰电子,2011-06-30,1,200.0000,0.50,200.0000,0.00,0
600239,云南城投,2011-06-30,2,1300.0000,1.58,-2359.6390,5.78,5
600240,华业地产,2011-06-30,1,700.0000,1.09,-4103.3450,7.45,4
600246,万通地产,2011-06-30,4,2420.7590,1.99,319.9770,1.73,3
600248,延长化建,2011-06-30,2,416.4910,0.98,85.0000,0.78,2
600252,中恒集团,2011-06-30,9,17769.0120,16.28,10294.3520,13.69,8
600255,鑫科材料,2011-06-30,1,260.0000,0.58,-1290.0000,3.45,2
600256,广汇能源,2011-06-30,5,13570.7100,6.97,-3833.9200,9.37,7
600257,大湖股份,2011-06-30,4,2788.7150,6.53,-874.9790,8.58,6
600258,首旅酒店,2011-06-30,2,373.3450,1.61,110.5010,1.14,1
600260,凯乐科技,2011-06-30,3,1876.8940,3.56,-575.7150,4.65,4
600261,阳光照明,2011-06-30,6,3608.5270,9.63,291.9270,13.28,8
600262,北方股份,2011-06-30,3,591.4540,3.48,-118.1014,4.17,4
600266,北京城建,2011-06-30,8,11076.0880,12.46,2021.1870,10.18,8
600267,海正药业,2011-06-30,7,7047.5070,13.43,913.2490,11.69,7
600268,国电南自,2011-06-30,4,1161.9230,1.83,-9.8460,3.69,4
600269,赣粤高速,2011-06-30,5,4984.5670,2.13,970.1440,1.72,4
600270,外运发展,2011-06-30,2,921.9700,1.02,-1226.5840,2.37,4
600276,恒瑞医药,2011-06-30,4,4444.7830,3.95,366.7200,5.44,5
600277,亿利能源,2011-06-30,1,349.9940,0.39,0.0000,0.39,1
600278,东方创业,2011-06-30,1,66.7666,0.17,66.7666,0.00,0
600279,重庆港九,2011-06-30,1,100.0000,0.29,0.0000,0.29,1
600280,中央商场,2011-06-30,4,1713.5460,11.94,0.0560,11.94,4
600281,太化股份,2011-06-30,1,223.9120,0.44,223.9120,0.00,0
600282,南钢股份,2011-06-30,1,215.8500,0.06,-15.2600,0.06,1
600283,钱江水利,2011-06-30,3,824.8410,2.89,824.8410,0.00,0
600287,江苏舜天,2011-06-30,2,1258.9190,2.88,1258.9190,0.00,0
600288,大恒科技,2011-06-30,4,731.1740,1.67,-1066.3590,4.12,4
600289,亿阳信通,2011-06-30,3,4466.7700,7.73,-1460.2360,10.52,5
600290,华仪电气,2011-06-30,7,6577.4690,12.48,6057.3690,1.48,2
600291,西水股份,2011-06-30,1,850.0000,2.21,850.0000,0.00,0
600292,中电远达,2011-06-30,5,2594.1460,7.76,713.6040,5.62,5
600298,安琪酵母,2011-06-30,8,3754.2530,12.27,926.6120,9.24,8
600300,维维股份,2011-06-30,4,1410.6900,0.84,289.7510,0.67,4
600302,标准股份,2011-06-30,3,1059.4790,3.06,303.9740,2.18,2
600303,曙光股份,2011-06-30,9,9749.1100,16.97,5174.8140,15.92,9
600305,恒顺醋业,2011-06-30,4,1152.4630,9.06,221.7120,7.32,2
600306,商业城,2011-06-30,1,499.9570,2.81,-439.4030,5.27,3
600307,酒钢宏兴,2011-06-30,3,2012.9920,0.49,-1150.8110,1.55,5
600308,华泰股份,2011-06-30,1,97.5682,0.15,97.5682,0.00,0
600309,万华化学,2011-06-30,6,14462.7200,6.69,3264.8900,6.73,7
600310,桂东电力,2011-06-30,3,1619.0560,5.87,720.4160,4.89,4
600311,荣华实业,2011-06-30,1,247.4580,0.37,50.0000,0.30,1
600312,平高电气,2011-06-30,4,3422.2950,4.18,-3922.5150,8.97,4
600315,上海家化,2011-06-30,7,6618.8330,15.65,-1200.2390,18.48,9
600316,洪都航空,2011-06-30,5,2916.5850,4.07,-441.0970,4.68,6
600317,营口港,2011-06-30,2,206.2210,0.19,6.1960,0.18,2
600318,巢东股份,2011-06-30,7,3038.6660,12.56,244.7130,11.55,5
600319,*ST亚星,2011-06-30,1,100.0000,0.32,100.0000,0.00,0
600322,天房发展,2011-06-30,5,4779.3320,4.32,-2101.2900,6.22,5
600323,南海发展,2011-06-30,2,837.4590,3.09,-103.3116,3.47,3
600326,西藏天路,2011-06-30,2,1046.1640,1.91,-2029.9360,5.62,3
600327,大东方,2011-06-30,7,11167.4770,21.41,252.6680,20.92,7
600329,中新药业,2011-06-30,2,1037.6910,1.40,-85.0020,1.52,2
600331,宏达股份,2011-06-30,4,6110.8600,5.92,1208.3720,4.75,4
600332,白云山,2011-06-30,4,976.1510,1.20,-11.9820,1.22,4
600335,国机汽车,2011-06-30,5,2675.3280,9.69,-649.4740,12.05,7
600336,澳柯玛,2011-06-30,1,302.6750,0.89,-127.4430,1.26,1
600337,美克股份,2011-06-30,4,3793.1310,6.00,-486.7590,6.76,5
600338,西藏珠峰,2011-06-30,1,658.9340,4.16,0.0000,4.16,1
600339,天利高新,2011-06-30,4,1919.0000,3.32,-1124.8450,5.79,5
600345,长江通信,2011-06-30,1,91.2793,0.46,-9.2897,0.51,1
600346,大橡塑,2011-06-30,1,274.0440,1.30,274.0440,0.00,0
600350,山东高速,2011-06-30,1,384.2220,0.11,-922.1480,0.39,4
600351,亚宝药业,2011-06-30,3,388.2850,0.61,90.7440,0.47,2
600360,华微电子,2011-06-30,2,1106.9230,1.63,-1077.8910,4.19,5
600361,华联综超,2011-06-30,5,6597.2290,9.91,368.7140,12.85,4
600362,江西铜业,2011-06-30,6,4530.4690,1.31,-552.2410,1.47,6
600363,联创光电,2011-06-30,2,1907.2740,5.14,355.3280,4.19,2
600365,通葡股份,2011-06-30,3,667.6630,4.77,74.2250,4.24,2
600366,宁波韵升,2011-06-30,5,2295.3840,4.46,-22.4920,5.86,5
600367,红星发展,2011-06-30,1,380.0000,1.30,-80.0000,1.58,1
600369,西南证券,2011-06-30,3,1112.0470,0.48,0.0000,0.48,3
600373,中文传媒,2011-06-30,8,4504.0050,7.94,1514.6060,5.27,6
600376,首开股份,2011-06-30,3,5246.1800,3.51,1274.5540,3.45,3
600377,宁沪高速,2011-06-30,1,1092.6000,0.22,322.6000,0.15,1
600378,天科股份,2011-06-30,2,734.6630,2.72,-195.8580,3.44,4
600379,宝光股份,2011-06-30,1,402.8880,1.88,-309.1790,3.32,2
600380,健康元,2011-06-30,4,975.4250,0.76,-1253.2350,1.69,4
600382,广东明珠,2011-06-30,4,2249.1170,6.58,219.9960,5.94,3
600383,金地集团,2011-06-30,3,18298.6700,4.09,-1121.0500,4.34,3
600386,北巴传媒,2011-06-30,3,1466.1250,3.64,-93.3630,3.87,3
600388,龙净环保,2011-06-30,3,1247.4730,5.83,-156.8830,6.75,4
600390,金瑞科技,2011-06-30,2,429.2390,2.68,-166.9500,3.73,3
600391,成发科技,2011-06-30,2,82.0022,0.45,-232.4645,2.40,2
600393,东华实业,2011-06-30,1,149.9950,0.50,0.0000,0.50,1
600395,盘江股份,2011-06-30,6,2541.2880,2.30,-377.2610,2.65,7
600397,安源煤业,2011-06-30,2,615.1190,2.28,615.1190,0.00,0
600399,抚顺特钢,2011-06-30,2,622.4540,1.20,622.4540,0.00,0
600400,红豆股份,2011-06-30,1,100.0000,0.18,-135.4590,0.55,1
600415,小商品城,2011-06-30,5,10008.6000,3.68,5345.9110,3.43,5
600416,湘电股份,2011-06-30,6,6754.7900,11.10,2684.0540,13.38,7
600418,江淮汽车,2011-06-30,6,13431.2800,10.42,-31.6100,10.45,6
600422,昆明制药,2011-06-30,3,1718.2030,5.47,-100.0000,5.79,3
600426,华鲁恒升,2011-06-30,5,3755.5390,5.91,-196.4910,6.22,4
600428,中远航运,2011-06-30,6,10160.7300,6.01,261.3100,5.86,6
600456,宝钛股份,2011-06-30,7,2419.3210,5.62,621.6150,4.18,8
600458,时代新材,2011-06-30,3,2551.7890,4.93,414.4760,9.09,4
600468,百利电气,2011-06-30,4,1920.0800,5.05,476.1030,3.80,3
600486,扬农化工,2011-06-30,7,2086.9830,12.12,462.5590,9.44,5
600488,天药股份,2011-06-30,3,1636.7410,3.01,15.0000,2.99,3
600496,精工钢构,2011-06-30,5,4535.9410,7.81,1092.0260,8.90,5
600498,烽火通信,2011-06-30,7,4203.1650,9.50,-365.0990,10.34,7
600499,科达机电,2011-06-30,5,4631.7680,7.63,-395.4840,8.28,4
600500,中化国际,2011-06-30,1,378.6590,0.26,-9.1500,0.27,1
600503,华丽家族,2011-06-30,3,406.2921,0.57,-54.7289,0.87,1
600508,上海能源,2011-06-30,3,495.2330,0.69,-625.0570,1.55,5
600509,天富热电,2011-06-30,2,228.7195,0.35,28.7195,0.31,1
600510,黑牡丹,2011-06-30,2,2391.3500,3.01,670.0720,2.16,2
600511,国药股份,2011-06-30,5,3855.0650,8.05,-1620.0470,11.44,7
600516,方大炭素,2011-06-30,4,1886.2740,1.47,-602.5650,1.95,6
600518,康美药业,2011-06-30,4,15302.1100,6.96,-419.0000,7.15,4
600519,贵州茅台,2011-06-30,5,2582.0230,2.74,-479.0530,3.24,6
600522,中天科技,2011-06-30,7,2888.2730,9.00,-1314.4020,13.10,8
600523,贵航股份,2011-06-30,4,796.0690,2.76,-2.7300,2.77,4
600525,长园集团,2011-06-30,2,2001.3200,2.32,-843.5140,6.59,6
600528,中铁二局,2011-06-30,3,882.9640,0.61,-1155.9820,1.40,6
600529,山东药玻,2011-06-30,2,1312.5080,5.10,-690.5620,7.78,4
600531,豫光金铅,2011-06-30,2,66.5715,0.23,-333.4165,1.35,1
600533,栖霞建设,2011-06-30,5,6359.2930,6.06,-3639.7200,9.52,6
600535,天士力,2011-06-30,5,2786.6700,5.40,-151.7930,5.69,5
600539,ST狮头,2011-06-30,1,500.0000,2.17,-759.9630,5.48,3
600548,深高速,2011-06-30,1,540.0000,0.25,540.0000,0.00,0
600549,厦门钨业,2011-06-30,5,1551.9010,2.28,102.3810,2.13,2
600550,天威保变,2011-06-30,2,610.4860,0.44,-803.5860,1.21,6
600551,时代出版,2011-06-30,1,648.7070,1.28,108.1180,1.28,1
600557,康缘药业,2011-06-30,7,5343.9640,12.63,-381.6780,13.78,7
600559,老白干酒,2011-06-30,8,2418.0680,17.27,88.0310,16.64,7
600560,金自天正,2011-06-30,1,242.4340,1.63,94.1440,1.49,1
600561,江西长运,2011-06-30,1,133.5480,0.72,133.5480,0.00,0
600563,法拉电子,2011-06-30,8,2843.5330,12.64,-237.8390,13.69,8
600569,安阳钢铁,2011-06-30,2,6051.0680,2.53,1848.0300,1.76,2
600571,信雅达,2011-06-30,2,486.9650,2.50,-354.0260,4.32,4
600577,精达股份,2011-06-30,2,225.9930,0.77,225.9930,0.00,0
600578,京能电力,2011-06-30,5,2797.4820,4.26,2526.5010,0.41,2
600580,卧龙电气,2011-06-30,2,2208.7300,3.21,-319.9100,5.88,3
600581,八一钢铁,2011-06-30,6,5436.5900,7.09,1927.7350,4.58,5
600582,天地科技,2011-06-30,6,8600.1590,8.50,-403.1440,8.90,7
600583,海油工程,2011-06-30,4,10575.2900,2.72,-5419.5300,4.11,6
600585,海螺水泥,2011-06-30,6,17513.3800,3.30,7297.5400,2.89,5
600586,金晶科技,2011-06-30,2,606.3220,0.43,-471.2160,1.51,2
600587,新华医疗,2011-06-30,6,2039.6250,15.18,721.3090,9.81,3
600588,用友软件,2011-06-30,3,4616.2100,5.66,317.4800,5.27,3
600589,广东榕泰,2011-06-30,1,599.9980,1.00,0.0000,1.00,1
600590,泰豪科技,2011-06-30,1,159.8350,0.35,-747.5190,1.99,4
600592,龙溪股份,2011-06-30,4,2083.2390,6.94,-603.9970,8.96,7
600595,中孚实业,2011-06-30,6,2410.2240,1.59,-665.2740,2.03,8
600596,新安股份,2011-06-30,2,2108.9410,3.11,-2548.5330,6.86,5
600597,光明乳业,2011-06-30,4,2347.1610,2.24,-301.8350,2.52,3
600598,北大荒,2011-06-30,5,7799.0480,4.39,884.2580,3.89,4
600600,青岛啤酒,2011-06-30,3,1873.0280,1.39,-553.7330,1.80,3
600601,方正科技,2011-06-30,1,439.1600,0.20,-2400.0010,1.29,4
600606,金丰投资,2011-06-30,2,696.5050,1.41,-383.8209,2.52,2
600612,老凤祥,2011-06-30,4,1512.0440,4.51,3.0510,4.50,4
600614,鼎立股份,2011-06-30,1,160.5000,0.28,160.5000,0.00,0
600616,金枫酒业,2011-06-30,1,281.6570,0.64,-387.7310,1.53,2
600626,申达股份,2011-06-30,1,149.9940,0.21,149.9940,0.00,0
600628,新世界,2011-06-30,2,1601.3260,3.01,-665.8410,4.26,3
600635,大众公用,2011-06-30,3,1471.5590,0.89,-19.6500,0.91,3
600636,三爱富,2011-06-30,6,3113.9210,8.97,-976.9200,11.78,9
600637,百视通,2011-06-30,3,839.1330,1.18,389.1570,0.63,2
600639,浦东金桥,2011-06-30,3,886.6750,0.95,146.7180,0.80,3
600640,号百控股,2011-06-30,1,150.0000,0.37,-219.3440,0.92,2
600642,申能股份,2011-06-30,2,5393.1000,1.14,3270.6200,0.67,2
600644,乐山电力,2011-06-30,2,209.2560,0.64,-2337.9420,7.80,6
600649,城投控股,2011-06-30,2,1029.3190,0.45,-29.6200,0.46,2
600651,飞乐音响,2011-06-30,2,2330.9940,3.78,-3236.3080,9.04,7
600653,申华控股,2011-06-30,2,656.2600,0.38,-358.1850,0.58,3
600655,豫园商城,2011-06-30,1,2006.2000,1.40,2006.2000,0.00,0
600657,信达地产,2011-06-30,3,2700.0160,1.77,-89.9970,1.83,3
600658,电子城,2011-06-30,4,1611.3080,2.78,1438.3180,0.30,1
600660,福耀玻璃,2011-06-30,5,11218.0800,5.60,-2000.7000,6.60,5
600662,强生控股,2011-06-30,1,126.4550,0.12,22.3700,0.13,1
600664,哈药股份,2011-06-30,4,9554.7090,7.69,403.8590,7.37,4
600665,天地源,2011-06-30,2,3525.2182,4.90,95.0482,4.76,1
600667,太极实业,2011-06-30,3,1959.6860,4.18,-240.3120,4.69,2
600668,尖峰集团,2011-06-30,1,140.0000,0.41,-89.8570,0.67,1
600673,东阳光铝,2011-06-30,6,3342.9870,4.04,305.6920,3.67,6
600674,川投能源,2011-06-30,4,1012.7120,1.09,-363.6750,1.48,5
600675,中华企业,2011-06-30,4,7085.4650,5.01,43.9130,4.98,5
600676,交运股份,2011-06-30,2,372.9422,0.51,7.6000,0.50,2
600677,航天通信,2011-06-30,1,329.8860,1.01,-357.9180,2.11,2
600682,南京新百,2011-06-30,2,1212.2840,3.38,-181.9890,3.89,2
600683,京投银泰,2011-06-30,6,2410.9930,3.25,-77.0240,3.36,4
600684,珠江实业,2011-06-30,3,627.2970,3.35,360.3410,1.43,1
600685,广船国际,2011-06-30,3,1815.5460,3.67,218.3860,3.23,4
600686,金龙汽车,2011-06-30,4,5715.5010,12.91,676.7030,11.38,5
600688,上海石化,2011-06-30,7,12283.5550,1.71,1033.3890,1.56,6
600689,上海三毛,2011-06-30,1,100.0000,0.50,0.0000,0.50,1
600690,青岛海尔,2011-06-30,6,10274.9500,7.67,-1376.7200,8.70,7
600693,东百集团,2011-06-30,6,4071.1600,11.86,-647.6920,13.75,6
600694,大商股份,2011-06-30,6,3767.5270,12.83,106.4420,12.46,6
600697,欧亚集团,2011-06-30,5,2120.1160,13.33,-558.5650,16.84,7
600701,工大高新,2011-06-30,2,495.3080,0.99,-463.0070,1.92,1
600702,沱牌舍得,2011-06-30,6,2200.7550,6.52,850.5060,4.00,5
600703,三安光电,2011-06-30,6,9896.6830,6.85,4901.5660,7.61,7
600704,物产中大,2011-06-30,3,872.3600,1.99,191.8790,1.55,2
600706,曲江文旅,2011-06-30,2,390.2370,4.47,16.6600,4.28,2
600707,*ST彩虹,2011-06-30,2,703.9570,0.96,-1527.7080,3.03,5
600708,海博股份,2011-06-30,3,712.7090,1.40,712.7090,0.00,0
600712,南宁百货,2011-06-30,3,799.9930,3.07,299.9930,1.92,1
600713,南京医药,2011-06-30,6,2434.2670,7.02,-641.8530,8.87,8
600717,天津港,2011-06-30,5,4605.3330,2.75,633.3220,2.37,3
600720,祁连山,2011-06-30,4,2699.4390,5.68,-735.8990,7.23,4
600723,首商股份,2011-06-30,6,3107.0930,4.72,-374.8570,8.50,8
600724,宁波富达,2011-06-30,1,1154.9400,0.80,-582.6940,1.20,2
600725,云维股份,2011-06-30,3,1274.0280,2.07,-495.9490,2.87,5
600726,华电能源,2011-06-30,1,599.9940,0.31,599.9940,0.00,0
600729,重庆百货,2011-06-30,5,2274.4240,6.10,-200.8960,6.63,6
600736,苏州高新,2011-06-30,2,5114.8090,4.83,4513.5540,0.68,2
600737,中粮屯河,2011-06-30,6,3806.7490,3.79,-43.1680,3.83,5
600738,兰州民百,2011-06-30,3,394.1360,1.50,-96.0900,1.87,2
600739,辽宁成大,2011-06-30,6,8787.8870,9.66,-3475.2820,13.48,6
600740,山西焦化,2011-06-30,1,208.0500,0.37,-1592.2440,3.18,2
600741,华域汽车,2011-06-30,6,14517.1800,5.62,1034.5200,5.22,7
600742,一汽富维,2011-06-30,7,3546.3570,16.77,-234.7410,17.88,7
600743,华远地产,2011-06-30,1,117.9870,0.09,117.9870,0.00,0
600744,华银电力,2011-06-30,1,1326.6700,1.86,1192.6900,0.19,1
600746,江苏索普,2011-06-30,1,322.3360,1.05,42.3360,0.91,1
600748,上实发展,2011-06-30,2,293.3390,0.27,-969.8360,1.17,5
600749,西藏旅游,2011-06-30,3,1112.2020,5.88,-1617.2540,16.54,6
600750,江中药业,2011-06-30,8,4299.5610,13.82,-322.5990,14.86,8
600892,宝诚股份,2011-06-30,1,256.8860,4.07,-27.6222,4.51,2
600893,航空动力,2011-06-30,1,808.4610,0.74,-225.8770,1.90,2
600894,广日股份,2011-06-30,2,2353.2070,3.09,391.1130,2.57,3
600895,张江高科,2011-06-30,5,6967.4950,4.50,3054.7030,2.53,5
600896,中海海盛,2011-06-30,1,120.0960,0.21,120.0960,0.00,0
600897,厦门空港,2011-06-30,4,436.7703,1.47,180.8090,0.86,3
600295,鄂尔多斯,2011-06-30,1,550.9090,0.53,-615.5290,1.13,2
600320,振华重工,2011-06-30,1,930.4170,0.21,-22.4510,0.22,1
000001,平安银行,2011-06-30,2,6360.3900,1.83,-2605.6300,2.57,3
000002,万科A,2011-06-30,4,42016.7400,3.82,1437.4700,3.69,4
000006,深振业A,2011-06-30,3,1941.9470,1.96,849.4150,1.44,2
000009,中国宝安,2011-06-30,7,11943.3900,10.95,-380.7800,11.30,7
000011,深物业A,2011-06-30,1,210.7880,0.35,210.7880,0.00,0
000012,南玻A,2011-06-30,4,10227.6000,4.93,-5498.8000,7.57,5
000014,沙河股份,2011-06-30,1,250.0000,1.24,-350.0000,2.97,2
000016,深康佳A,2011-06-30,1,3760.9300,3.12,3760.9300,0.00,0
000019,深深宝A,2011-06-30,1,79.9900,0.32,79.9900,0.00,0
000021,长城开发,2011-06-30,5,6238.6340,4.73,-2003.9770,6.25,7
000023,深天地A,2011-06-30,1,29.3000,0.21,29.3000,0.00,0
000024,招商地产,2011-06-30,6,11349.3600,6.61,1147.6180,5.94,7
000025,特力A,2011-06-30,1,44.8351,0.20,44.8351,0.00,0
000026,飞亚达A,2011-06-30,3,2660.5730,6.77,1451.6770,4.31,4
000027,深圳能源,2011-06-30,5,3783.0010,1.43,1928.0530,0.84,3
000028,国药一致,2011-06-30,8,4770.9190,16.56,4.9670,16.54,8
000031,中粮地产,2011-06-30,9,12176.2660,6.71,1734.5890,5.76,7
000036,华联控股,2011-06-30,1,299.9930,0.27,0.0000,0.27,1
000039,中集集团,2011-06-30,3,3863.0400,1.45,-188.0200,1.52,3
000043,中航地产,2011-06-30,3,870.3330,2.61,768.7930,0.46,1
000046,泛海建设,2011-06-30,3,4137.2000,1.82,-329.7830,1.96,4
000050,深天马A,2011-06-30,3,3172.0240,5.52,-250.0160,5.96,4
000059,辽通化工,2011-06-30,5,3239.2200,2.70,-1276.5260,3.76,7
000060,中金岭南,2011-06-30,7,7225.3410,3.50,377.8530,4.32,7
000061,农产品,2011-06-30,7,9046.6550,11.77,3818.1460,6.80,6
000062,深圳华强,2011-06-30,1,548.8830,0.82,108.5020,0.66,1
000063,中兴通讯,2011-06-30,3,6329.9400,2.21,-1792.4800,2.83,4
000066,长城电脑,2011-06-30,2,456.5750,0.34,-1217.1140,1.26,3
000069,华侨城A,2011-06-30,6,19553.2900,3.50,8506.5700,3.55,7
000078,海王生物,2011-06-30,2,196.1663,0.30,5.8973,0.29,2
000089,深圳机场,2011-06-30,3,3774.0460,2.23,44.8500,2.21,3
000090,深天健,2011-06-30,4,1709.9900,3.74,-141.3430,4.05,3
000096,广聚能源,2011-06-30,1,100.0000,0.19,0.0000,0.19,1
000099,中信海直,2011-06-30,3,448.1740,0.87,-237.1100,1.33,3
000400,许继电气,2011-06-30,8,4687.5900,12.39,745.1550,10.42,7
000401,冀东水泥,2011-06-30,6,10372.4110,8.55,1519.4480,7.30,7
000402,金融街,2011-06-30,3,8809.3900,2.91,-2373.3800,3.69,4
000404,华意压缩,2011-06-30,2,1235.9770,3.81,135.9949,3.39,2
000407,胜利股份,2011-06-30,3,1467.2940,2.26,-1122.7150,5.19,3
000410,沈阳机床,2011-06-30,1,404.8680,0.74,-368.4790,1.42,3
000413,宝石A,2011-06-30,1,807.3310,2.11,-344.3290,3.01,2
000415,渤海租赁,2011-06-30,7,4434.6220,4.54,-29.6940,14.86,7
000417,合肥百货,2011-06-30,7,6897.7550,13.27,490.6520,13.36,7
000418,小天鹅A,2011-06-30,6,7212.0150,11.40,233.7110,11.03,6
000419,通程控股,2011-06-30,2,681.7870,1.51,163.7950,1.48,2
000420,吉林化纤,2011-06-30,2,1350.0000,3.57,-2443.4780,10.03,7
000422,湖北宜化,2011-06-30,6,6962.0260,12.84,3941.9600,5.57,5
000423,东阿阿胶,2011-06-30,8,7847.2520,12.00,-42.2790,12.06,8
000425,徐工机械,2011-06-30,7,9001.8360,4.36,-901.7330,4.80,7
000426,兴业矿业,2011-06-30,5,2206.7650,5.80,-182.0120,6.28,6
000428,华天酒店,2011-06-30,1,293.1270,0.41,-758.3010,1.46,2
600754,锦江股份,2011-06-30,4,2246.8870,3.72,-40.9510,3.79,4
600755,厦门国贸,2011-06-30,2,388.1070,0.29,-28.2560,0.41,3
600760,*ST黑豹,2011-06-30,5,2665.2440,7.73,673.0520,5.78,4
600761,安徽合力,2011-06-30,6,4484.1110,10.47,1530.3320,8.27,7
600763,通策医疗,2011-06-30,6,2362.2610,14.73,13.6940,14.65,6
600765,中航重机,2011-06-30,5,3991.3710,5.13,-553.8650,5.84,5
600766,园城黄金,2011-06-30,1,249.8360,1.46,249.8360,0.00,0
600768,宁波富邦,2011-06-30,1,33.0300,0.25,33.0300,0.00,0
600770,综艺股份,2011-06-30,6,9207.4620,12.50,2570.6160,9.96,5
600773,西藏城投,2011-06-30,1,114.9790,0.20,-1255.5730,2.38,5
600776,东方通信,2011-06-30,4,2151.3090,1.71,354.5390,1.43,2
600778,友好集团,2011-06-30,6,4511.5770,14.48,-5.5630,14.50,6
600779,水井坊,2011-06-30,3,488.3540,1.00,303.8490,0.38,1
600780,通宝能源,2011-06-30,2,1450.0500,1.26,449.7010,1.15,2
600782,新钢股份,2011-06-30,4,1933.9260,1.39,-1065.0420,2.15,5
600785,新华百货,2011-06-30,7,4421.9690,21.32,423.2790,19.28,7
600787,中储股份,2011-06-30,4,7556.5080,8.99,3417.9780,4.93,2
600789,鲁抗医药,2011-06-30,1,81.4541,0.14,81.4541,0.00,0
600790,轻纺城,2011-06-30,3,1792.4280,2.90,309.2420,2.40,2
600791,京能置业,2011-06-30,1,249.9930,0.55,249.9930,0.00,0
600795,国电电力,2011-06-30,2,16800.7900,1.09,6800.7900,0.65,1
600797,浙大网新,2011-06-30,1,168.4700,0.20,-625.7390,0.98,3
600798,宁波海运,2011-06-30,1,246.9400,0.28,56.9400,0.22,1
600801,华新水泥,2011-06-30,3,2923.3990,3.62,1406.7300,3.76,3
600802,福建水泥,2011-06-30,2,799.9920,2.09,485.6870,0.82,1
600803,威远生化,2011-06-30,1,371.0400,1.19,50.5110,1.03,1
600805,悦达投资,2011-06-30,8,8761.4260,12.36,1713.3880,12.92,7
600806,昆明机床,2011-06-30,1,189.9930,0.36,-2842.0200,5.71,5
600808,马钢股份,2011-06-30,5,17338.5600,2.25,-1423.6740,2.44,6
600809,山西汾酒,2011-06-30,6,2340.8950,5.41,-71.6540,5.57,4
600810,神马股份,2011-06-30,1,1108.2900,2.51,-8.7190,2.53,2
600811,东方集团,2011-06-30,4,4032.0570,2.42,653.7160,2.03,3
600812,华北制药,2011-06-30,3,6173.5100,6.00,-538.0940,6.53,4
600814,杭州解百,2011-06-30,3,1203.8660,3.88,213.9970,3.19,2
600815,厦工股份,2011-06-30,4,6403.4840,8.21,-576.7620,8.95,6
600816,安信信托,2011-06-30,3,1157.0700,2.55,-1146.1470,5.07,4
600819,耀皮玻璃,2011-06-30,2,2265.9960,3.10,444.6750,2.49,2
600821,津劝业,2011-06-30,2,1334.7450,3.21,272.9000,2.55,3
600823,世茂股份,2011-06-30,5,6595.1410,5.63,1147.3860,4.65,5
600824,益民集团,2011-06-30,1,156.0640,0.21,45.2020,0.15,1
600827,友谊股份,2011-06-30,3,2293.8540,4.86,99.3640,4.65,2
600828,成商集团,2011-06-30,5,4489.7800,10.23,923.3800,9.75,4
600830,香溢融通,2011-06-30,4,2783.2860,6.13,-43.1860,6.22,4
600831,广电网络,2011-06-30,7,5367.2800,9.53,991.1400,7.77,6
600832,东方明珠,2011-06-30,1,839.2890,0.26,-759.2550,0.50,2
600833,第一医药,2011-06-30,1,643.8550,4.04,-123.0550,4.81,1
600834,申通地铁,2011-06-30,1,38.2039,0.08,-91.4049,0.27,3
600835,上海机电,2011-06-30,7,4987.7360,4.88,-3318.0570,8.12,8
600836,界龙实业,2011-06-30,3,161.6576,0.52,70.2170,0.29,2
600839,四川长虹,2011-06-30,4,9924.7500,2.79,3106.6400,2.39,3
600844,丹化科技,2011-06-30,3,1776.4030,2.28,-169.9730,2.50,2
600846,同济科技,2011-06-30,1,100.0020,0.16,100.0020,0.00,0
601607,上海医药,2011-06-30,3,3560.2660,1.32,-3153.4250,3.37,6
600850,华东电脑,2011-06-30,3,437.0373,2.56,-223.7377,3.86,4
600858,银座股份,2011-06-30,3,2234.6570,7.73,437.1910,6.22,3
600859,王府井,2011-06-30,6,3790.1110,9.08,-17.4200,9.12,6
600861,北京城乡,2011-06-30,2,357.1480,1.13,45.3530,0.98,1
600862,南通科技,2011-06-30,2,1123.7950,3.52,-536.3780,5.20,4
600863,内蒙华电,2011-06-30,3,2108.6050,1.06,1508.6050,0.30,1
600866,星湖科技,2011-06-30,3,2549.8100,4.63,-2601.0900,9.88,5
600867,通化东宝,2011-06-30,3,1097.2190,1.41,427.6320,1.16,2
600869,远东电缆,2011-06-30,3,1560.0060,3.65,-423.0000,4.64,5
600870,厦华电子,2011-06-30,1,1060.0000,2.86,-1547.8360,7.03,5
600871,仪征化纤,2011-06-30,2,3409.7990,0.85,-137.7314,0.89,3
600872,中炬高新,2011-06-30,3,568.6210,0.71,-351.2370,1.15,2
600874,创业环保,2011-06-30,1,231.8350,0.16,231.8350,0.00,0
600875,东方电气,2011-06-30,4,2162.1140,1.08,31.6390,1.06,4
600879,航天电子,2011-06-30,4,2746.3080,3.39,1081.4320,2.05,3
600880,博瑞传播,2011-06-30,5,6296.0100,10.07,914.9570,8.74,7
600881,亚泰集团,2011-06-30,6,19226.6420,10.15,4332.3820,7.86,5
600882,华联矿业,2011-06-30,1,149.9910,0.70,149.9910,0.00,0
600886,国投电力,2011-06-30,3,7554.9700,3.79,414.3590,3.58,4
600887,伊利股份,2011-06-30,5,14066.6200,8.80,3855.0600,12.78,8
600888,新疆众和,2011-06-30,5,3424.6250,9.73,-38.8220,9.84,5
600889,南京化纤,2011-06-30,3,938.5840,3.06,430.3780,1.66,2
000430,张家界,2011-06-30,3,1112.0530,3.47,-631.5090,7.92,4
000488,晨鸣纸业,2011-06-30,1,2000.0000,0.97,2000.0000,0.00,0
000501,鄂武商A,2011-06-30,3,4132.8900,8.15,-1247.3730,10.61,4
000503,海虹控股,2011-06-30,6,3463.2870,3.85,984.8870,3.31,4
000507,珠海港,2011-06-30,3,874.4900,2.53,-425.5100,3.77,2
000511,银基发展,2011-06-30,2,347.1670,0.30,-233.7820,0.50,3
000513,丽珠集团,2011-06-30,5,2843.9350,9.62,22.5380,9.54,5
000514,渝开发,2011-06-30,4,2623.1450,3.76,0.0000,3.76,4
000516,开元投资,2011-06-30,2,2435.9850,3.41,-270.0000,3.79,2
000517,荣安地产,2011-06-30,1,202.1680,0.19,-7.9620,0.20,1
000519,江南红箭,2011-06-30,2,507.2000,2.65,19.6010,2.55,2
000520,*ST凤凰,2011-06-30,2,512.0040,0.76,386.7840,0.19,1
000523,广州浪奇,2011-06-30,1,79.9980,0.36,79.9980,0.00,0
000525,红太阳,2011-06-30,2,2153.5380,7.68,-723.8940,10.27,4
000528,柳工,2011-06-30,8,10328.1950,9.18,2855.6150,9.96,9
000530,大冷股份,2011-06-30,3,1635.1690,4.67,-546.7060,6.23,5
000531,穗恒运A,2011-06-30,2,346.3800,1.01,-16.2240,1.36,3
000534,万泽股份,2011-06-30,2,669.8910,2.63,51.9230,2.42,1
000536,华映科技,2011-06-30,2,1866.4490,2.66,-493.8900,3.37,4
000537,广宇发展,2011-06-30,6,5950.1310,11.61,714.5160,10.21,6
000538,云南白药,2011-06-30,4,3266.0040,4.70,-105.7880,4.86,4
000539,粤电力A,2011-06-30,2,2646.8800,0.95,1446.8800,0.43,1
000540,中天城投,2011-06-30,7,6526.9270,7.15,1013.6860,6.04,6
000541,佛山照明,2011-06-30,4,2294.1270,2.34,81.0570,2.26,4
000543,皖能电力,2011-06-30,3,1280.0000,1.66,652.9030,0.81,2
000546,光华控股,2011-06-30,1,100.8610,0.60,100.8610,0.00,0
000547,闽福发A,2011-06-30,2,1207.8350,3.91,80.8690,4.60,2
000548,湖南投资,2011-06-30,1,101.0200,0.20,101.0200,0.00,0
000550,江铃汽车,2011-06-30,3,2483.7700,2.88,-350.2260,3.28,4
000551,创元科技,2011-06-30,3,1106.3540,4.15,-273.8190,5.17,4
000554,泰山石油,2011-06-30,1,494.9030,1.03,-255.0970,1.56,3
000559,万向钱潮,2011-06-30,6,13805.0370,8.66,2798.2760,8.98,6
000560,昆百大A,2011-06-30,3,819.9930,6.10,386.0140,3.23,1
000561,烽火电子,2011-06-30,4,2232.3140,3.75,2232.3140,0.00,0
000562,宏源证券,2011-06-30,5,3495.2130,2.39,1550.0130,1.33,4
000563,陕国投A,2011-06-30,1,94.8462,0.26,94.8462,0.00,0
000566,海南海药,2011-06-30,6,3692.2590,17.35,482.3180,15.08,5
000568,泸州老窖,2011-06-30,7,8134.3690,5.83,-708.0830,6.34,7
000570,苏常柴A,2011-06-30,1,100.0000,0.18,100.0000,0.00,0
000581,威孚高科,2011-06-30,5,5827.1180,10.27,-715.7810,11.53,6
000589,黔轮胎A,2011-06-30,2,292.8580,0.60,-293.4421,1.80,3
000590,紫光古汉,2011-06-30,5,1413.0810,6.96,216.0980,5.90,4
000596,古井贡酒,2011-06-30,4,1233.1750,5.25,-31.1170,5.38,4
000597,东北制药,2011-06-30,8,4245.4090,12.72,1277.3720,8.89,7
000598,兴蓉投资,2011-06-30,7,4752.0750,8.24,-157.9370,10.63,8
000599,青岛双星,2011-06-30,2,734.5190,1.40,-173.3630,1.73,2
000600,建投能源,2011-06-30,2,725.7900,0.79,725.7900,0.00,0
000601,韶能股份,2011-06-30,1,400.0000,0.43,62.6410,0.36,2
000607,华智控股,2011-06-30,1,544.4860,1.12,-778.6640,2.71,1
000608,阳光股份,2011-06-30,1,321.9720,0.43,0.0000,0.43,1
000609,绵世股份,2011-06-30,4,1929.0800,6.47,1462.5760,1.56,1
000610,西安旅游,2011-06-30,3,858.4790,4.36,-369.7370,6.24,4
000612,焦作万方,2011-06-30,7,2126.2250,4.43,98.5130,4.22,6
000616,亿城股份,2011-06-30,5,9781.6550,8.21,2999.2430,6.83,6
000617,*ST济柴,2011-06-30,2,402.4320,1.40,13.6571,1.35,2
000619,海螺型材,2011-06-30,2,355.6660,0.99,-244.3280,1.67,2
000623,吉林敖东,2011-06-30,6,6062.2550,8.81,1730.0730,7.56,5
000625,长安汽车,2011-06-30,2,4923.3400,1.83,4923.3400,0.00,0
000627,天茂集团,2011-06-30,3,1917.0550,1.42,-299.9930,1.64,4
000629,攀钢钒钛,2011-06-30,4,14515.4900,2.53,8515.4900,1.05,1
000630,铜陵有色,2011-06-30,7,7149.1310,5.03,382.1900,4.76,7
000631,顺发恒业,2011-06-30,2,512.7730,0.49,512.7730,0.00,0
000635,英力特,2011-06-30,6,2444.2000,13.80,775.8140,9.42,4
000636,风华高科,2011-06-30,2,380.2510,0.57,380.2510,0.00,0
000639,西王食品,2011-06-30,6,962.1000,7.66,91.2870,6.94,5
000650,仁和药业,2011-06-30,8,10742.6960,17.05,2420.6490,19.81,8
000651,格力电器,2011-06-30,5,13150.0300,4.67,1701.1600,4.06,4
000652,泰达股份,2011-06-30,5,3615.8620,2.45,-108.9450,2.52,5
000655,金岭矿业,2011-06-30,3,722.2875,1.21,-2.8419,1.22,3
000656,金科股份,2011-06-30,8,4083.7680,16.33,309.3520,15.10,7
000659,珠海中富,2011-06-30,5,5210.6500,6.89,-873.2020,8.04,6
000661,长春高新,2011-06-30,4,1133.3060,8.63,42.6930,8.30,4
000665,湖北广电,2011-06-30,3,531.9500,3.00,-100.0000,3.56,4
000666,经纬纺机,2011-06-30,4,1327.2360,2.20,-1535.4660,4.74,5
000667,名流置业,2011-06-30,3,5780.2300,2.26,-1857.5660,2.98,4
000669,金鸿能源,2011-06-30,9,2165.6700,23.41,-132.8120,24.85,9
000671,阳光城,2011-06-30,3,840.9020,1.57,652.8620,0.35,1
000679,大连友谊,2011-06-30,2,1181.0190,3.31,683.1630,2.10,1
000680,山推股份,2011-06-30,8,9548.5090,12.58,-1843.2900,15.01,9
000682,东方电子,2011-06-30,4,2950.7580,3.02,2594.2140,0.36,2
000683,远兴能源,2011-06-30,2,1199.9980,1.56,1199.9980,0.00,0
000685,中山公用,2011-06-30,4,905.6266,1.51,640.7602,0.44,4
000686,东北证券,2011-06-30,3,1006.3310,1.57,235.3220,1.21,3
000687,恒天天鹅,2011-06-30,3,853.8760,1.33,47.0540,1.26,3
000690,宝新能源,2011-06-30,6,5372.5870,3.11,-121.2840,3.18,7
001696,宗申动力,2011-06-30,1,300.0000,0.29,-3594.0800,3.81,3
000697,炼石有色,2011-06-30,1,214.8810,1.15,-712.4660,4.97,2
000698,沈阳化工,2011-06-30,6,4840.7600,7.32,-796.2810,8.53,7
000700,模塑科技,2011-06-30,1,787.8260,2.55,48.7847,2.39,2
000705,浙江震元,2011-06-30,3,950.1170,7.58,318.1270,5.04,2
000707,双环科技,2011-06-30,1,182.9900,0.39,-120.0800,0.65,1
000708,大冶特钢,2011-06-30,4,4146.5200,9.23,489.7090,8.14,4
000709,河北钢铁,2011-06-30,8,19791.1100,2.88,4021.2900,2.29,6
000712,锦龙股份,2011-06-30,3,1424.4350,4.68,-134.1310,5.12,4
000713,丰乐种业,2011-06-30,4,548.6405,1.84,-217.7985,2.56,4
000715,中兴商业,2011-06-30,3,1491.2750,5.34,-735.0440,7.98,4
000716,南方食品,2011-06-30,5,1200.5550,6.73,230.7160,5.44,4
000717,*ST韶钢,2011-06-30,4,1660.1570,0.99,1084.1830,0.34,3
000718,苏宁环球,2011-06-30,4,13508.5100,7.93,1722.4400,6.92,4
000720,新能泰山,2011-06-30,3,1827.8640,2.12,32.2800,2.08,3
000721,西安饮食,2011-06-30,3,942.7530,4.72,-675.9100,8.11,5
000723,美锦能源,2011-06-30,3,253.0579,1.81,49.4856,1.46,3
000726,鲁泰A,2011-06-30,3,1489.9910,1.50,-1452.7610,2.96,5
000727,华东科技,2011-06-30,3,1667.7930,4.64,-417.6570,5.81,4
000728,国元证券,2011-06-30,2,2402.8100,1.22,419.6740,1.01,2
000729,燕京啤酒,2011-06-30,3,3446.0600,2.85,-2959.3810,5.29,6
000731,四川美丰,2011-06-30,1,201.2440,0.40,20.0000,0.36,1
000733,振华科技,2011-06-30,1,84.1579,0.23,84.1579,0.00,0
000738,中航动控,2011-06-30,2,149.0783,0.16,149.0783,0.00,0
000748,长城信息,2011-06-30,1,1500.0000,3.99,1.2000,3.99,1
000751,*ST锌业,2011-06-30,2,292.0170,0.26,-107.9730,0.36,1
000755,山西三维,2011-06-30,4,2059.0910,4.39,-3260.8700,11.34,6
000758,中色股份,2011-06-30,5,3723.6280,5.83,1529.4370,3.43,7
000759,中百集团,2011-06-30,5,9327.6860,13.70,134.9960,13.50,5
000761,本钢板材,2011-06-30,1,5176.0300,1.65,522.8400,1.48,1
000762,西藏矿业,2011-06-30,3,811.3790,2.56,52.3750,2.75,3
000767,漳泽电力,2011-06-30,1,456.4180,0.34,-619.5760,0.81,2
000768,中航飞机,2011-06-30,6,7807.9370,3.15,477.0070,2.96,6
000777,中核科技,2011-06-30,1,99.0699,0.47,-42.8601,0.67,1
000778,新兴铸管,2011-06-30,8,11283.8300,5.89,1181.4300,5.27,7
000780,平庄能源,2011-06-30,7,3097.3330,3.05,2295.9750,0.79,5
000782,美达股份,2011-06-30,2,486.8910,1.20,486.8910,0.00,0
000785,武汉中商,2011-06-30,4,1054.7410,4.20,-20.0150,4.28,4
000786,北新建材,2011-06-30,5,7053.7260,12.26,1903.2710,8.95,5
000788,北大医药,2011-06-30,2,2540.3180,4.36,-771.3260,5.68,3
000789,江西水泥,2011-06-30,7,4794.5980,12.11,-691.1710,13.86,7
000792,盐湖股份,2011-06-30,4,4984.4290,3.13,-77.4100,3.18,4
000793,华闻传媒,2011-06-30,2,1831.3440,1.35,-119.4550,1.43,2
000799,酒鬼酒,2011-06-30,5,2093.8580,6.91,102.6530,6.57,5
000800,一汽轿车,2011-06-30,5,12430.8300,7.64,-141.0100,7.72,5
000801,四川九洲,2011-06-30,1,89.2350,0.23,-518.4230,3.20,1
000807,云铝股份,2011-06-30,6,4688.7570,3.96,1303.3380,2.86,5
000811,烟台冰轮,2011-06-30,7,6246.7450,15.83,2143.8950,15.60,8
000812,陕西金叶,2011-06-30,1,691.3840,1.55,-715.9860,3.78,1
000816,江淮动力,2011-06-30,2,5711.7400,5.25,10.3400,5.24,2
000818,方大化工,2011-06-30,1,799.9970,1.18,-200.0000,1.47,1
000819,岳阳兴长,2011-06-30,1,95.7326,0.45,-79.4414,0.90,1
000821,京山轻机,2011-06-30,1,360.0000,1.04,-228.0000,1.70,2
000822,山东海化,2011-06-30,5,7496.5780,8.38,-613.9620,9.06,5
000823,超声电子,2011-06-30,6,2891.5160,6.57,2341.5160,1.25,1
000825,太钢不锈,2011-06-30,5,8331.6690,1.46,592.4990,1.36,4
000826,桑德环境,2011-06-30,8,4806.0330,11.63,98.7470,11.39,8
000829,天音控股,2011-06-30,3,1529.7340,1.62,-1639.3010,3.35,4
000830,鲁西化工,2011-06-30,1,427.2040,0.29,427.2040,0.00,0
000837,秦川发展,2011-06-30,8,5680.3190,16.29,260.5870,15.54,8
000839,中信国安,2011-06-30,3,3853.6600,2.46,-470.7710,2.76,4
000848,承德露露,2011-06-30,8,4106.2470,11.25,494.8270,11.87,8
000850,华茂股份,2011-06-30,2,1334.6410,1.41,1334.6410,0.00,0
000852,江钻股份,2011-06-30,1,173.3850,0.43,173.3850,0.00,0
000856,冀东装备,2011-06-30,1,136.2650,0.60,-613.7330,3.30,1
000858,五粮液,2011-06-30,4,7027.2900,1.85,-747.9700,2.05,4
000859,国风塑业,2011-06-30,1,352.0000,0.84,352.0000,0.00,0
000860,顺鑫农业,2011-06-30,3,928.8990,2.12,-1303.3130,5.09,5
000861,海印股份,2011-06-30,5,1836.7000,3.73,-365.6400,4.47,8
000869,张裕A,2011-06-30,3,1126.4440,2.14,354.7160,1.46,2
000875,吉电股份,2011-06-30,4,2459.7470,2.93,2459.7470,0.00,0
000876,新希望,2011-06-30,6,6549.4990,7.87,-2173.7370,10.48,7
000877,天山股份,2011-06-30,6,4315.6460,11.10,122.1120,10.78,7
000878,云南铜业,2011-06-30,7,4171.6950,3.32,-1541.7160,4.55,8
000880,潍柴重机,2011-06-30,4,1259.6270,4.56,-389.4000,5.97,6
000882,华联股份,2011-06-30,1,443.0190,0.60,93.0370,0.47,1
000885,同力水泥,2011-06-30,2,1148.4800,4.55,-171.4600,5.23,2
000887,中鼎股份,2011-06-30,7,5819.5040,9.77,1427.2420,10.32,8
000888,峨眉山A,2011-06-30,8,4656.8240,19.80,-186.0280,20.59,8
000889,茂业物流,2011-06-30,2,764.8850,2.26,249.6850,1.52,1
000893,东凌粮油,2011-06-30,6,1272.4030,5.73,-238.8640,6.81,7
000895,双汇发展,2011-06-30,3,2272.7630,3.75,-2580.5240,8.01,6
001896,豫能控股,2011-06-30,1,154.4800,0.25,154.4800,0.00,0
000897,津滨发展,2011-06-30,4,3822.8220,2.36,-266.0970,2.53,5
000898,*ST鞍钢,2011-06-30,6,10208.3000,1.41,690.4360,1.32,6
000899,赣能股份,2011-06-30,2,161.6931,0.25,43.8443,0.18,2
000900,现代投资,2011-06-30,1,66.5220,0.17,-1247.4620,3.29,7
000901,航天科技,2011-06-30,3,1209.9800,4.83,106.0040,4.41,2
000905,厦门港务,2011-06-30,1,70.0400,0.13,70.0400,0.00,0
000906,物产中拓,2011-06-30,3,531.7490,1.61,99.9990,1.31,2
000909,数源科技,2011-06-30,2,459.2460,2.34,17.4600,2.25,2
000910,大亚科技,2011-06-30,1,647.0200,1.23,112.9320,1.01,1
000911,南宁糖业,2011-06-30,9,2957.1460,10.32,-349.3450,11.54,8
000912,泸天化,2011-06-30,2,311.7770,0.53,69.8000,0.41,1
000915,山大华特,2011-06-30,8,3473.1620,19.27,875.4360,14.41,6
000917,电广传媒,2011-06-30,4,1598.7360,3.93,-107.5720,4.20,4
000918,嘉凯城,2011-06-30,2,3237.3790,1.79,643.1200,1.44,2
000919,金陵药业,2011-06-30,2,766.5540,1.52,-851.0120,3.21,2
000921,海信科龙,2011-06-30,6,3535.0250,2.61,-156.6740,2.73,6
000923,河北宣工,2011-06-30,1,197.0000,0.99,-686.5810,4.46,4
000925,众合机电,2011-06-30,4,1936.3420,6.43,-62.2580,6.63,4
000926,福星股份,2011-06-30,8,9283.6790,13.03,-951.1550,14.37,10
000927,一汽夏利,2011-06-30,7,8414.6130,5.28,-40.1180,5.30,6
000928,中钢吉炭,2011-06-30,1,76.4100,0.27,76.4100,0.00,0
000930,中粮生化,2011-06-30,5,7144.8820,7.41,347.3680,7.05,5
000932,华菱钢铁,2011-06-30,4,17811.3500,5.91,-4177.5400,7.29,6
000933,神火股份,2011-06-30,5,11771.8400,7.01,5114.1920,6.34,5
000935,四川双马,2011-06-30,3,301.3570,0.49,-278.6380,0.94,2
000936,华西股份,2011-06-30,1,2599.6500,3.48,160.5300,3.26,2
000937,冀中能源,2011-06-30,9,11593.3830,5.01,5375.8330,5.38,9
000939,凯迪电力,2011-06-30,2,4572.7300,4.85,215.1890,7.39,5
000948,南天信息,2011-06-30,4,1490.1710,7.08,383.4510,5.26,2
000951,中国重汽,2011-06-30,5,579.7710,1.38,-673.2800,2.99,8
000952,广济药业,2011-06-30,1,100.0880,0.40,-499.9820,2.38,2
000959,首钢股份,2011-06-30,4,1877.4190,0.63,0.0000,0.63,4
000960,锡业股份,2011-06-30,5,3438.4410,3.79,-524.6710,4.81,6
000961,中南建设,2011-06-30,10,10612.8090,9.09,1255.2170,8.01,10
000962,东方钽业,2011-06-30,4,1272.9820,3.57,-1395.9940,7.49,6
000963,华东医药,2011-06-30,6,3892.2280,8.97,-760.9500,10.72,8
000966,长源电力,2011-06-30,1,550.0000,0.99,550.0000,0.00,0
000968,煤气化,2011-06-30,7,4710.7560,9.17,360.5050,8.47,6
000969,安泰科技,2011-06-30,5,2364.2240,2.75,-666.9750,3.55,5
000972,*ST中基,2011-06-30,2,2639.9800,5.48,-100.0000,5.68,2
000973,佛塑科技,2011-06-30,3,4895.8720,7.99,-742.1310,9.20,5
000978,桂林旅游,2011-06-30,4,4172.7640,11.59,931.7680,9.00,4
000979,中弘股份,2011-06-30,1,280.0000,0.28,88.5910,0.19,2
000983,西山煤电,2011-06-30,4,7738.8600,2.46,-1554.9100,2.95,5
000987,广州友谊,2011-06-30,8,4631.8600,12.90,121.6100,12.56,8
000988,华工科技,2011-06-30,4,2536.6310,5.69,-1128.8190,8.99,7
000989,九芝堂,2011-06-30,3,1042.7290,3.50,-283.6790,4.46,3
000993,闽东电力,2011-06-30,2,341.6120,0.92,341.6120,0.00,0
000998,隆平高科,2011-06-30,5,1439.7630,5.19,-160.4080,5.77,5
000999,华润三九,2011-06-30,7,4505.5220,4.60,-531.1530,5.15,8
600537,亿晶光电,2011-06-30,7,3144.1070,13.67,-782.1570,17.07,7
600408,安泰集团,2011-06-30,3,666.7300,0.66,-316.5300,0.98,2
600573,惠泉啤酒,2011-06-30,2,264.1748,1.06,-699.4212,3.85,3
600521,华海药业,2011-06-30,4,5207.0880,9.67,1411.1800,8.46,5
600460,士兰微,2011-06-30,2,1191.9850,2.75,335.9920,1.97,2
600375,华菱星马,2011-06-30,4,1327.5460,7.08,-53.9820,7.37,5
600343,航天动力,2011-06-30,3,798.6300,3.33,-994.0730,7.48,4
600502,安徽水利,2011-06-30,3,2441.5460,7.30,1348.7180,4.90,4
600481,双良节能,2011-06-30,3,2343.9430,2.89,728.7790,1.99,3
600004,白云机场,2011-06-30,2,442.3320,0.38,4.1500,0.38,2
600459,贵研铂业,2011-06-30,3,574.9092,3.96,-94.5828,5.99,3
600570,恒生电子,2011-06-30,6,11226.4300,18.00,224.2800,17.64,6
600392,盛和资源,2011-06-30,7,2160.4300,13.80,906.5870,8.01,4
600584,长电科技,2011-06-30,4,587.8950,0.69,-968.0750,1.82,5
600251,冠农股份,2011-06-30,5,2375.9600,6.56,716.7620,4.58,4
600436,片仔癀,2011-06-30,3,667.3520,4.77,-8.2680,4.83,3
600409,三友化工,2011-06-30,3,1330.3580,1.26,864.0490,0.44,1
600031,三一重工,2011-06-30,8,30291.8600,3.99,11675.2100,3.68,7
600435,北方导航,2011-06-30,4,313.3509,0.42,-116.6243,0.58,2
600439,瑞贝卡,2011-06-30,6,3949.6590,5.02,-201.3430,5.28,6
600271,航天信息,2011-06-30,6,9927.2100,10.75,4129.1200,6.28,4
600423,柳化股份,2011-06-30,1,1418.4400,3.55,-803.9460,5.57,3
600475,华光股份,2011-06-30,4,1978.2440,7.73,-335.6680,9.04,6
600425,青松建化,2011-06-30,8,4983.4820,10.41,387.2810,9.60,7
600029,南方航空,2011-06-30,5,12741.3100,1.30,576.4700,1.24,6
600546,山煤国际,2011-06-30,5,2700.6960,3.60,73.7620,3.50,5
600352,浙江龙盛,2011-06-30,2,3345.9800,2.28,-2314.5000,3.85,3
600485,中创信测,2011-06-30,5,1393.2280,10.05,-803.0600,15.85,7
600020,中原高速,2011-06-30,2,431.7860,0.20,188.2080,0.11,1
600489,中金黄金,2011-06-30,4,2896.5090,1.57,982.8480,1.34,4
600480,凌云股份,2011-06-30,4,1467.8960,4.06,-1462.0820,8.10,6
600348,阳泉煤业,2011-06-30,6,5518.7740,2.29,-853.4450,2.65,6
600487,亨通光电,2011-06-30,7,2428.0500,11.73,-54.4890,11.99,8
600547,山东黄金,2011-06-30,6,4316.2460,3.03,1698.7200,1.84,4
600449,宁夏建材,2011-06-30,8,2901.0220,14.87,1313.8990,8.13,6
600432,吉恩镍业,2011-06-30,4,1354.7520,1.67,-16.4540,1.69,4
600429,三元股份,2011-06-30,1,2999.9700,3.39,299.9900,3.05,1
600478,科力远,2011-06-30,2,548.0420,1.74,0.0000,1.74,2
600507,方大特钢,2011-06-30,1,300.5600,0.23,-1337.0590,1.26,2
600403,大有能源,2011-06-30,4,1774.7660,13.92,132.1940,12.89,4
600517,置信电气,2011-06-30,1,616.5840,1.00,-776.7740,2.25,2
600406,国电南瑞,2011-06-30,8,13408.8510,12.77,-146.9920,12.91,8
600469,风神股份,2011-06-30,5,2655.0060,7.08,6.3850,7.06,5
600021,上海电力,2011-06-30,2,782.9920,0.37,782.9920,0.00,0
600900,长江电力,2011-06-30,2,10154.3400,0.62,-9008.5000,1.16,3
600527,江南高纤,2011-06-30,3,1739.8090,4.34,969.3590,2.19,2
600545,新疆城建,2011-06-30,2,841.6320,1.25,-511.7930,2.00,3
600446,金证股份,2011-06-30,1,248.0460,1.80,-130.0000,2.75,2
600340,华夏幸福,2011-06-30,1,220.0000,0.95,220.0000,0.00,0
600540,新赛股份,2011-06-30,3,507.1250,1.68,-363.1310,3.74,2
600354,敦煌种业,2011-06-30,4,1968.9340,9.67,37.2100,9.49,4
600249,两面针,2011-06-30,1,299.9910,0.67,0.0000,0.67,1
000100,TCL集团,2011-06-30,5,34025.9800,4.01,18054.5100,3.77,4
600387,海越股份,2011-06-30,2,990.9500,2.57,990.9500,0.00,0
600444,*ST国通,2011-06-30,1,100.0000,0.95,0.0000,0.95,1
600325,华发股份,2011-06-30,3,3551.3900,4.35,-1022.6410,5.60,4
600452,涪陵电力,2011-06-30,5,629.9940,3.94,-80.2630,4.44,5
600470,六国化工,2011-06-30,1,435.6800,0.84,-326.5790,2.34,3
600035,楚天高速,2011-06-30,2,3249.9800,3.49,150.0010,3.33,3
600479,千金药业,2011-06-30,3,2034.5470,6.67,-275.1880,7.58,4
600284,浦东建设,2011-06-30,4,2576.7950,7.45,-889.8290,10.02,6
600594,益佰制药,2011-06-30,4,5020.6190,14.23,308.0170,13.36,4
600543,莫高股份,2011-06-30,2,779.9670,2.43,479.9780,0.93,1
600467,好当家,2011-06-30,2,1095.7120,1.73,-1877.7570,4.69,6
600960,渤海活塞,2011-06-30,1,59.7644,0.37,59.7644,0.00,0
002181,粤传媒,2011-06-30,2,664.8420,1.90,275.9890,1.11,2
600969,郴电国际,2011-06-30,3,1106.8510,5.26,447.4156,3.14,3
600572,康恩贝,2011-06-30,1,84.6906,0.12,-107.2794,0.55,1
600976,武汉健民,2011-06-30,5,1603.8720,10.46,-81.0500,10.98,5
600497,驰宏锌锗,2011-06-30,4,3180.1920,2.43,-497.6900,3.65,6
600986,科达股份,2011-06-30,1,275.8940,0.82,15.0910,0.78,1
600410,华胜天成,2011-06-30,1,1136.0300,2.25,1136.0300,0.00,0
600990,四创电子,2011-06-30,5,1110.4943,9.44,310.3337,6.80,3
600993,马应龙,2011-06-30,5,3329.5830,10.04,1892.5570,8.67,4
600967,北方创业,2011-06-30,3,927.5310,5.35,533.9460,2.27,4
600963,岳阳林纸,2011-06-30,6,6364.2630,7.55,-5293.9470,13.83,7
600495,晋西车轴,2011-06-30,2,1375.5640,4.55,1375.5640,0.00,0
600461,洪城水业,2011-06-30,1,519.4220,1.57,173.1410,1.57,1
600997,开滦股份,2011-06-30,5,2418.7260,1.96,-678.7210,2.51,5
600966,博汇纸业,2011-06-30,2,340.0000,0.67,340.0000,0.00,0
600995,文山电力,2011-06-30,4,2320.6790,4.85,109.4800,4.62,4
600420,现代制药,2011-06-30,4,2032.4080,7.06,-868.3290,10.08,5
002001,新和成,2011-06-30,7,4451.8060,6.13,1280.3110,4.37,5
002003,伟星股份,2011-06-30,7,3052.5410,11.79,-773.8610,14.77,7
600962,国投中鲁,2011-06-30,5,2702.6260,13.40,-170.7240,14.25,6
002004,华邦颖泰,2011-06-30,2,785.6870,5.95,-203.6030,7.49,3
002005,德豪润达,2011-06-30,3,866.5430,1.79,-466.8400,2.76,4
600143,金发科技,2011-06-30,4,10701.4200,7.66,245.0600,7.49,4
002006,精功科技,2011-06-30,3,390.3210,2.57,-1003.1340,9.68,4
002007,华兰生物,2011-06-30,6,6820.5510,11.84,-290.9620,12.34,6
002008,大族激光,2011-06-30,7,14588.5400,13.97,7496.5370,10.19,6
600022,山东钢铁,2011-06-30,1,392.4380,0.13,392.4380,0.00,0
002009,天奇股份,2011-06-30,4,1255.9230,5.68,479.8310,3.51,3
002010,传化股份,2011-06-30,3,1235.4850,2.53,1082.8780,0.63,1
600981,汇鸿股份,2011-06-30,1,122.0690,0.24,24.1604,0.19,1
002011,盾安环境,2011-06-30,2,1185.8880,1.59,-74.0780,3.38,4
002012,凯恩股份,2011-06-30,6,760.4063,3.90,760.4063,0.00,0
002013,中航精机,2011-06-30,7,2794.7340,12.87,289.1490,15.00,7
002014,永新股份,2011-06-30,6,1244.7320,6.80,267.8883,5.34,5
002015,霞客环保,2011-06-30,1,227.9910,0.95,-109.0490,1.40,2
002016,世荣兆业,2011-06-30,1,999.9980,2.17,-45.0000,2.26,2
002017,东信和平,2011-06-30,5,1528.3124,7.00,39.9574,7.50,5
002019,鑫富药业,2011-06-30,6,1996.0690,9.06,-447.2810,11.08,6
600482,风帆股份,2011-06-30,3,926.7420,2.01,-144.8757,2.32,4
002020,京新药业,2011-06-30,4,1198.7910,11.80,-75.0680,12.54,5
002021,中捷股份,2011-06-30,6,2735.1340,6.26,2386.0940,0.80,1
002022,科华生物,2011-06-30,4,2060.6330,4.19,-390.0880,4.98,4
002023,海特高新,2011-06-30,5,2634.9690,8.93,109.6870,8.56,5
002024,苏宁云商,2011-06-30,5,35725.4300,5.11,-1866.3300,5.37,5
002025,航天电器,2011-06-30,3,455.6620,1.38,-600.4090,3.20,2
002026,山东威达,2011-06-30,1,229.5690,1.31,-21.4350,1.86,3
600983,合肥三洋,2011-06-30,6,1152.8410,2.16,145.9250,1.89,4
600973,宝胜股份,2011-06-30,2,480.8549,2.37,379.8169,0.50,1
002027,七喜控股,2011-06-30,2,267.0000,0.88,-23.0660,0.96,2
002028,思源电气,2011-06-30,3,961.9290,2.19,-1588.8480,5.80,4
002029,七匹狼,2011-06-30,8,4793.2590,16.94,122.5530,16.51,8
002030,达安基因,2011-06-30,3,864.2900,2.49,158.2940,2.44,2
002031,巨轮股份,2011-06-30,1,283.6080,0.71,-93.5390,1.42,2
600971,恒源煤电,2011-06-30,4,855.2192,1.95,-274.2287,2.58,7
002032,苏泊尔,2011-06-30,5,2842.1120,4.92,-8.1660,4.94,5
600978,宜华木业,2011-06-30,3,477.6990,0.41,-5906.9410,5.54,3
002033,丽江旅游,2011-06-30,7,2518.2450,16.65,230.8830,19.66,8
600961,*ST株冶,2011-06-30,3,2399.2860,4.55,1284.2860,2.11,1
002035,华帝股份,2011-06-30,4,1103.9830,4.94,753.9760,1.57,1
002036,宜科科技,2011-06-30,4,1983.8280,9.81,418.6390,7.74,4
002037,久联发展,2011-06-30,6,3007.8460,17.38,31.0550,17.20,6
002038,双鹭药业,2011-06-30,5,2546.3580,6.69,851.5190,6.70,5
600027,华电国际,2011-06-30,2,12115.9800,1.79,6116.0000,0.89,1
002039,黔源电力,2011-06-30,2,243.3853,1.20,243.3853,0.00,0
600970,中材国际,2011-06-30,8,6869.6600,7.54,1117.9500,7.58,8
002041,登海种业,2011-06-30,2,274.7480,0.78,-497.4268,4.39,5
002042,华孚色纺,2011-06-30,7,1172.8507,4.22,175.3886,3.59,6
002043,兔宝宝,2011-06-30,1,146.6670,0.80,35.2450,0.61,1
002044,江苏三友,2011-06-30,3,1342.5250,5.99,382.8610,5.91,3
002045,国光电器,2011-06-30,2,1053.3890,2.53,-1685.1720,9.85,6
002048,宁波华翔,2011-06-30,2,1168.0190,2.06,-1733.9630,5.12,4
002049,同方国芯,2011-06-30,4,1168.0490,8.65,164.4820,7.43,4
002050,三花股份,2011-06-30,7,1333.6780,4.48,268.5260,3.58,6
601588,北辰实业,2011-06-30,2,2347.7330,0.70,552.3300,0.53,2
601866,中海集运,2011-06-30,4,5851.7650,0.50,-1839.5250,0.66,4
601899,紫金矿业,2011-06-30,2,7347.7800,0.51,-109.6700,0.51,2
002490,山东墨龙,2011-06-30,4,349.4946,0.88,-232.1944,1.46,6
300150,世纪瑞尔,2011-06-30,4,265.2304,1.96,-195.4710,3.41,6
002051,中工国际,2011-06-30,5,2962.3430,6.72,786.0250,6.42,5
002052,同洲电子,2011-06-30,2,1483.7220,4.34,-120.4080,4.70,4
002053,云南盐化,2011-06-30,1,149.9990,0.81,-85.5195,1.27,2
601377,兴业证券,2011-06-30,5,1217.8500,0.55,823.8660,0.18,2
601688,华泰证券,2011-06-30,2,4726.2700,0.84,1908.3000,0.50,1
601788,光大证券,2011-06-30,1,755.6600,0.22,-309.8900,0.31,1
002500,山西证券,2011-06-30,4,836.6940,0.35,-616.7040,0.61,5
601818,光大银行,2011-06-30,3,13131.4800,0.32,-16031.8400,0.72,4
601166,兴业银行,2011-06-30,1,10950.0000,1.02,-4116.8100,2.51,2
601288,农业银行,2011-06-30,1,30000.0000,0.09,3929.7000,0.08,1
601998,中信银行,2011-06-30,2,6374.4900,0.16,-1210.0000,0.19,2
601009,南京银行,2011-06-30,1,3000.0000,1.01,-3599.9900,2.22,2
002307,北新路桥,2011-06-30,2,128.5820,0.68,94.1029,0.18,1
600018,上港集团,2011-06-30,1,1121.3500,0.05,-2713.6300,0.18,2
300139,福星晓程,2011-06-30,1,53.6056,0.98,0.0000,0.98,1
300181,佐力药业,2011-06-30,3,184.2543,2.30,166.1200,0.23,1
002110,三钢闽光,2011-06-30,4,884.7650,1.65,131.1350,1.41,4
002281,光迅科技,2011-06-30,3,362.7554,2.27,147.7554,1.34,1
300205,天喻信息,2011-06-30,2,23.4035,0.29,23.4035,0.00,0
601857,中国石油,2011-06-30,4,15563.7800,0.09,-827.2800,0.09,4
002302,西部建设,2011-06-30,4,373.2914,1.78,28.7194,1.64,2
002462,嘉事堂,2011-06-30,1,15.0000,0.09,15.0000,0.00,0
002106,莱宝高科,2011-06-30,6,6543.6600,10.90,1723.8380,11.24,7
601600,中国铝业,2011-06-30,2,3519.6000,0.26,1944.0500,0.12,1
002356,浩宁达,2011-06-30,1,15.8944,0.20,-8.1444,0.30,1
601088,中国神华,2011-06-30,6,12967.7300,0.65,-657.6200,0.69,6
002060,粤水电,2011-06-30,4,767.2909,2.31,-306.1136,3.23,6
300105,龙源技术,2011-06-30,9,1394.4735,8.80,661.4801,8.33,9
002306,湘鄂情,2011-06-30,1,364.7210,1.82,-388.1320,3.76,4
300026,红日药业,2011-06-30,8,1491.5911,9.88,899.4489,5.88,4
002139,拓邦股份,2011-06-30,2,619.9840,3.69,-548.0790,6.95,4
601333,广深铁路,2011-06-30,6,21891.4300,3.09,13335.9500,1.21,3
002187,广百股份,2011-06-30,2,837.9920,2.94,273.0130,2.97,2
002230,科大讯飞,2011-06-30,6,3621.4380,14.37,-633.7030,17.65,9
002167,东方锆业,2011-06-30,4,1605.3860,7.76,1499.2540,0.59,1
601107,四川成渝,2011-06-30,2,581.8030,0.19,-24.2500,0.20,2
002088,鲁阳股份,2011-06-30,3,865.9150,3.70,362.1900,2.15,2
002332,仙琚制药,2011-06-30,1,403.0000,1.18,-459.9750,2.53,2
002267,陕天然气,2011-06-30,1,85.5884,0.17,-2.8972,0.17,1
002153,石基信息,2011-06-30,6,3774.8190,12.21,1051.0950,12.16,6
002275,桂林三金,2011-06-30,2,621.7130,1.05,62.7110,1.23,2
002331,皖通科技,2011-06-30,1,24.9970,0.21,24.9970,0.00,0
002063,远光软件,2011-06-30,5,3744.1480,11.10,1013.2680,10.51,6
601111,中国国航,2011-06-30,4,8610.0300,0.67,1925.6600,0.52,4
002205,国统股份,2011-06-30,2,214.8832,1.85,-114.6708,2.84,2
002056,横店东磁,2011-06-30,4,1570.7410,3.69,-1006.6450,6.05,7
002457,青龙管业,2011-06-30,6,867.1262,3.88,137.6828,5.23,5
002338,奥普光电,2011-06-30,5,597.1714,7.46,323.4624,3.42,2
002570,贝因美,2011-06-30,1,29.9828,0.07,29.9828,0.00,0
002185,华天科技,2011-06-30,5,1653.7240,4.43,-1034.5710,7.20,7
002343,禾欣股份,2011-06-30,1,61.9694,0.31,-28.4772,0.91,2
002320,海峡股份,2011-06-30,3,331.7382,1.01,34.1251,1.45,4
002195,海隆软件,2011-06-30,2,167.5197,1.50,167.5197,0.00,0
300189,神农大丰,2011-06-30,1,80.0000,0.50,80.0000,0.00,0
300167,迪威视讯,2011-06-30,2,147.8441,2.22,147.8441,0.00,0
002206,海利得,2011-06-30,5,1478.7720,3.30,487.6720,3.32,4
002370,亚太药业,2011-06-30,1,17.6577,0.15,17.6577,0.00,0
601158,重庆水务,2011-06-30,4,3162.3130,0.66,1620.4400,0.32,5
601168,西部矿业,2011-06-30,3,6320.1000,2.65,1384.2300,2.07,2
002222,福晶科技,2011-06-30,1,200.0000,0.70,-153.1080,1.86,1
000338,潍柴动力,2011-06-30,5,7197.7060,4.32,267.8700,4.16,5
002337,赛象科技,2011-06-30,1,147.6200,0.77,69.2524,0.65,1
002261,拓维信息,2011-06-30,7,2306.2420,10.58,1032.7590,8.76,7
002427,尤夫股份,2011-06-30,3,448.0130,1.88,-214.0457,3.61,6
002140,东华科技,2011-06-30,6,2534.4570,5.68,1572.2410,3.45,4
002080,中材科技,2011-06-30,4,1275.2250,3.19,325.6490,4.75,5
002061,江山化工,2011-06-30,6,1512.1920,10.80,-109.9850,11.59,6
601919,*ST远洋,2011-06-30,3,12888.8400,1.26,4946.8600,0.78,3
002117,东港股份,2011-06-30,3,250.2984,2.02,-552.9356,6.47,5
300034,钢研高纳,2011-06-30,4,1065.7320,5.03,410.2810,5.57,4
601808,中海油服,2011-06-30,4,2697.9110,0.60,-4529.1750,1.61,7
002534,杭锅股份,2011-06-30,3,314.9604,0.79,39.0624,0.69,3
002358,森源电气,2011-06-30,4,653.0870,3.80,340.7436,3.63,4
601880,大连港,2011-06-30,2,2870.0900,0.65,-1012.0000,0.88,3
002430,杭氧股份,2011-06-30,7,3075.9010,5.11,1131.6450,4.85,9
002405,四维图新,2011-06-30,1,203.2000,0.42,-384.1296,1.47,5
002176,江特电机,2011-06-30,2,276.3170,1.42,-188.5220,2.38,3
601001,大同煤业,2011-06-30,3,1484.0680,0.89,-436.2420,1.15,4
002316,键桥通讯,2011-06-30,1,69.6719,0.45,-71.4361,0.90,1
002202,金风科技,2011-06-30,2,2940.6100,1.09,-1318.8500,1.58,3
002463,沪电股份,2011-06-30,2,79.1900,0.10,40.8900,0.06,1
002054,德美化工,2011-06-30,1,167.1070,0.53,37.2000,0.42,1
002055,得润电子,2011-06-30,5,1585.8100,7.81,-742.4870,11.46,7
002146,荣盛发展,2011-06-30,6,9481.4600,5.09,2351.4500,4.97,6
002065,东华软件,2011-06-30,1,1455.7300,3.29,-507.4540,4.44,2
002057,中钢天源,2011-06-30,1,56.6340,0.67,56.6340,0.00,0
600048,保利地产,2011-06-30,3,20481.2800,3.44,4726.4500,3.44,3
601006,大秦铁路,2011-06-30,1,11050.0000,0.74,0.0000,0.74,1
601699,潞安环能,2011-06-30,5,15172.5300,6.59,8120.1860,6.13,5
002082,栋梁新材,2011-06-30,4,1853.8850,7.79,1720.6740,0.56,2
002089,新海宜,2011-06-30,4,3188.2250,9.03,320.5270,12.19,6
601010,文峰股份,2011-06-30,5,1285.8555,2.61,1285.8555,0.00,0
002240,威华股份,2011-06-30,2,875.9760,1.79,277.1873,1.95,4
002234,民和股份,2011-06-30,2,298.0870,2.77,80.0090,2.03,1
002078,太阳纸业,2011-06-30,3,1708.4160,1.70,-2711.4950,4.40,6
002091,江苏国泰,2011-06-30,4,2803.9440,7.79,163.3810,8.80,6
601008,连云港,2011-06-30,1,1293.0000,2.07,0.0000,2.07,1
002096,南岭民爆,2011-06-30,5,945.0059,7.15,82.0529,6.53,4
002118,紫鑫药业,2011-06-30,3,611.0632,1.19,1.7552,2.38,5
002062,宏润建设,2011-06-30,1,249.2790,0.55,29.5390,0.49,1
002064,华峰氨纶,2011-06-30,1,382.5490,0.52,76.6200,0.41,1
300040,九洲电气,2011-06-30,1,278.8020,2.01,0.0000,2.01,1
002073,软控股份,2011-06-30,5,7451.7500,10.04,550.2800,9.30,5
002208,合肥城建,2011-06-30,2,1072.4330,3.35,-353.5220,4.45,3
002079,苏州固锝,2011-06-30,1,1182.8900,3.30,-338.0210,5.51,3
601666,平煤股份,2011-06-30,3,3736.0510,1.58,-93.4160,2.11,4
002068,黑猫股份,2011-06-30,4,814.5950,2.72,153.5400,2.20,2
300180,华峰超纤,2011-06-30,5,393.8490,2.49,323.8490,0.44,1
002287,奇正藏药,2011-06-30,3,55.0843,0.14,25.4831,0.07,2
300024,机器人,2011-06-30,3,1149.0960,3.86,331.0050,2.75,2
300082,奥克股份,2011-06-30,2,176.0977,0.68,-16.7861,1.19,4
002308,威创股份,2011-06-30,6,1066.4460,1.66,250.4350,1.91,6
002396,星网锐捷,2011-06-30,3,1310.0790,3.73,245.1676,6.07,8
601898,中煤能源,2011-06-30,3,3904.1000,0.29,-2125.3660,0.45,5
002069,獐子岛,2011-06-30,2,528.6120,0.74,-330.3460,1.81,4
601678,滨化股份,2011-06-30,6,3527.3020,5.34,-694.8890,6.40,7
601918,国投新集,2011-06-30,3,1456.2290,0.79,-543.2590,1.08,5
002081,金螳螂,2011-06-30,6,4767.6710,9.96,852.0830,8.18,5
002084,海鸥卫浴,2011-06-30,1,239.9990,0.72,239.9990,0.00,0
002172,澳洋科技,2011-06-30,1,566.3690,1.02,30.0000,0.96,1
002168,深圳惠程,2011-06-30,3,3786.1200,6.00,681.0680,4.92,3
002154,报喜鸟,2011-06-30,6,5890.2150,10.03,3184.9260,9.21,6
002086,东方海洋,2011-06-30,5,2355.5530,9.66,-83.6590,10.00,5
600017,日照港,2011-06-30,1,6231.4600,2.37,-2979.6700,4.07,2
002074,东源电器,2011-06-30,3,1476.1930,5.83,876.2080,4.26,2
300049,福瑞股份,2011-06-30,6,928.9305,7.43,348.8638,6.03,5
002386,天原集团,2011-06-30,2,1150.2620,2.40,-750.5170,3.96,6
002092,中泰化学,2011-06-30,1,900.0000,0.78,-813.7880,1.48,3
002094,青岛金王,2011-06-30,3,2256.9900,7.01,-148.3020,7.47,3
002083,孚日股份,2011-06-30,4,1745.9650,1.86,391.2240,1.44,2
002520,日发精机,2011-06-30,1,51.6792,0.54,27.4961,0.38,1
002098,浔兴股份,2011-06-30,4,832.2169,5.37,207.5130,4.03,3
002097,山河智能,2011-06-30,2,515.4300,1.23,303.2300,0.50,1
002093,国脉科技,2011-06-30,5,3092.2720,7.15,-479.4780,8.26,6
002099,海翔药业,2011-06-30,7,2883.1610,17.96,271.1680,16.27,5
002100,天康生物,2011-06-30,2,445.8640,1.51,-373.9760,3.62,4
601101,昊华能源,2011-06-30,5,1073.1530,2.36,170.9950,1.99,4
002104,恒宝股份,2011-06-30,1,370.5650,0.84,-965.3660,3.03,3
002108,沧州明珠,2011-06-30,5,1941.0320,6.43,650.9950,7.70,5
002109,兴化股份,2011-06-30,1,222.9820,0.62,48.4100,0.49,1
601002,晋亿实业,2011-06-30,2,1405.2240,1.90,1082.7960,0.44,2
002111,威海广泰,2011-06-30,2,379.2620,2.57,-358.5687,5.00,5
002121,科陆电子,2011-06-30,3,1913.5650,4.82,499.6280,5.35,3
002115,三维通信,2011-06-30,5,1369.5420,6.38,6.7570,6.35,5
002250,联化科技,2011-06-30,6,2860.8850,10.81,665.7330,8.95,5
601177,杭齿前进,2011-06-30,5,1262.2050,3.16,379.5961,2.21,4
002216,三全食品,2011-06-30,2,814.2030,4.35,-97.1860,4.87,2
002124,天邦股份,2011-06-30,2,415.4680,2.02,99.4680,1.54,1
601003,柳钢股份,2011-06-30,3,4294.5970,1.68,1635.1570,1.04,3
002123,荣信股份,2011-06-30,5,5102.6460,10.12,1155.1540,11.75,6
601007,金陵饭店,2011-06-30,1,230.1100,0.77,-449.8710,2.27,2
002122,天马股份,2011-06-30,2,1472.7570,1.24,-658.8030,1.79,3
002126,银轮股份,2011-06-30,1,451.2440,3.47,158.5230,2.93,1
002129,中环股份,2011-06-30,6,5457.4770,7.54,1482.3730,8.23,6
002127,新民科技,2011-06-30,1,291.7770,0.78,-109.0850,1.08,2
002131,利欧股份,2011-06-30,4,1885.3730,6.26,858.1590,3.41,2
002132,恒星科技,2011-06-30,1,210.8500,0.39,71.8500,0.51,1
002232,启明信息,2011-06-30,4,1341.2450,3.28,459.1891,3.02,4
601118,海南橡胶,2011-06-30,7,4594.2990,1.17,4289.2990,0.08,2
002136,安纳达,2011-06-30,1,29.5676,0.28,-481.3018,6.47,4
601958,金钼股份,2011-06-30,4,3114.4900,0.97,-1213.9500,1.34,5
002128,露天煤业,2011-06-30,3,1372.2790,1.03,-185.7210,1.17,3
002138,顺络电子,2011-06-30,3,479.7720,2.26,-224.1160,3.31,4
002170,芭田股份,2011-06-30,1,100.0000,0.25,-286.7716,1.27,4
002371,七星电子,2011-06-30,6,712.2957,10.96,-47.8973,11.70,7
002159,三特索道,2011-06-30,4,1701.8750,14.18,-415.3700,17.64,5
002148,北纬通信,2011-06-30,3,688.8030,6.07,39.3490,8.59,3
002152,广电运通,2011-06-30,6,4572.3130,10.28,1038.0040,10.33,6
002296,辉煌科技,2011-06-30,8,2186.2180,12.30,903.5928,12.27,7
002149,西部材料,2011-06-30,2,458.7330,2.63,-171.4151,3.61,3
002157,正邦科技,2011-06-30,5,5588.7750,12.97,4804.7850,2.91,1
002147,方圆支承,2011-06-30,1,544.8690,2.11,544.8690,0.00,0
002151,北斗星通,2011-06-30,3,412.5040,2.73,283.6236,1.28,3
002156,通富微电,2011-06-30,5,3394.2080,5.22,-30.5950,8.43,7
002155,辰州矿业,2011-06-30,4,1738.1750,3.18,-1545.3060,6.00,7
002158,汉钟精机,2011-06-30,7,1943.0490,8.91,890.5140,5.79,5
002254,泰和新材,2011-06-30,5,2229.1390,5.69,772.4310,5.58,5
002161,远望谷,2011-06-30,6,3181.7760,8.60,-216.5860,10.18,6
002162,*ST上控,2011-06-30,1,54.1000,0.13,54.1000,0.00,0
002169,智光电气,2011-06-30,3,2077.5210,7.80,527.8323,8.72,4
002164,东力传动,2011-06-30,5,2510.5230,5.63,809.1790,7.64,5
002165,红宝丽,2011-06-30,1,249.4520,0.99,-315.5430,2.24,2
002328,新朋股份,2011-06-30,5,938.5160,3.13,102.0080,2.79,4
002179,中航光电,2011-06-30,6,3759.0450,9.36,665.3630,7.70,6
002177,御银股份,2011-06-30,5,1766.4070,5.13,80.7150,6.36,4
002180,万力达,2011-06-30,1,332.4470,2.66,332.4470,0.00,0
002183,怡亚通,2011-06-30,2,1222.3640,1.47,-354.9140,2.84,5
002304,洋河股份,2011-06-30,1,431.6460,0.48,159.4230,0.60,1
002544,杰赛科技,2011-06-30,1,57.9854,0.34,28.9927,0.34,1
300161,华中数控,2011-06-30,4,363.4194,3.37,158.8036,1.90,2
002193,山东如意,2011-06-30,1,76.8187,0.48,76.8187,0.00,0
601390,中国中铁,2011-06-30,3,9233.7600,0.43,-980.6700,0.48,3
002191,劲嘉股份,2011-06-30,1,148.2510,0.23,-9.0290,0.25,1
002190,成飞集成,2011-06-30,1,100.4760,0.38,100.4760,0.00,0
002194,武汉凡谷,2011-06-30,3,987.3220,1.78,-53.6490,1.87,2
002197,证通电子,2011-06-30,1,120.0000,0.57,120.0000,0.00,0
002407,多氟多,2011-06-30,3,814.5020,5.86,268.4059,5.10,5
002436,兴森科技,2011-06-30,2,760.4170,3.40,185.8832,5.14,4
002583,海能达,2011-06-30,8,1173.6040,4.22,1173.6040,0.00,0
002210,飞马国际,2011-06-30,1,120.0000,0.39,-149.8700,0.88,1
601992,金隅股份,2011-06-30,4,3480.4090,0.81,1033.0540,0.57,4
002204,大连重工,2011-06-30,1,149.9890,0.70,-61.7260,0.99,1
002454,松芝股份,2011-06-30,5,635.7751,2.04,21.6013,2.56,7
601139,深圳燃气,2011-06-30,1,204.4030,0.17,-22.2200,0.18,2
002209,达意隆,2011-06-30,2,248.1924,1.27,0.0000,1.27,2
002391,长青股份,2011-06-30,1,43.7597,0.21,-20.6708,0.41,1
002397,梦洁家纺,2011-06-30,8,1002.0073,10.60,26.8278,10.32,9
002220,天宝股份,2011-06-30,2,155.8406,0.80,155.8406,0.00,0
002212,南洋股份,2011-06-30,1,476.1920,0.93,251.0960,0.88,1
002215,诺普信,2011-06-30,3,2380.4650,6.72,597.6510,8.06,4
300229,拓尔思,2011-06-30,1,50.0000,0.42,50.0000,0.00,0
002214,大立科技,2011-06-30,2,671.1850,6.71,66.5950,6.05,2
002226,江南化工,2011-06-30,7,1036.8114,3.93,253.5399,5.60,4
002218,拓日新能,2011-06-30,4,921.4550,1.88,426.4845,1.52,3
601766,中国南车,2011-06-30,5,24731.6900,2.09,9367.4300,1.30,4
002221,东华能源,2011-06-30,1,292.7320,1.30,292.7320,0.00,0
300140,启源装备,2011-06-30,1,95.7626,0.78,-86.4776,2.99,4
002219,独一味,2011-06-30,3,1301.0790,3.48,1301.0790,0.00,0
601186,中国铁建,2011-06-30,4,7873.8400,0.64,-5094.5500,1.05,5
002273,水晶光电,2011-06-30,3,682.9720,5.91,-238.8572,8.18,5
002297,博云新材,2011-06-30,2,523.2660,2.45,36.9997,2.27,2
002223,鱼跃医疗,2011-06-30,3,1102.1920,2.70,-95.0440,4.68,6
002225,濮耐股份,2011-06-30,1,99.9942,0.14,-151.0448,0.45,1
002550,千红制药,2011-06-30,1,44.6986,0.28,44.6986,0.00,0
002228,合兴包装,2011-06-30,4,1314.8270,3.78,363.5304,4.38,5
002244,滨江集团,2011-06-30,5,4056.0450,3.00,-1642.1700,4.21,8
002237,恒邦股份,2011-06-30,2,201.7939,1.05,62.4379,0.73,2
002235,安妮股份,2011-06-30,2,351.2994,1.80,-106.0120,2.35,2
002231,奥维通信,2011-06-30,3,214.7889,1.34,214.7889,0.00,0
002249,大洋电机,2011-06-30,3,1707.8110,3.99,-363.7900,4.84,6
002229,鸿博股份,2011-06-30,2,437.1280,3.21,-131.4530,4.18,2
002253,川大智胜,2011-06-30,2,583.7190,7.80,-459.6838,13.93,8
002233,塔牌集团,2011-06-30,3,1167.6840,1.31,232.6890,2.31,4
002243,通产丽星,2011-06-30,4,2203.1910,8.54,1.4510,8.53,3
002236,大华股份,2011-06-30,5,1743.3730,6.25,495.0250,8.95,7
002252,上海莱士,2011-06-30,1,48.9710,0.18,-236.3402,1.05,4
002238,天威视讯,2011-06-30,6,2345.9990,7.32,381.1160,7.36,7
002372,伟星新材,2011-06-30,1,184.1010,0.73,19.1100,0.65,2
002245,澳洋顺昌,2011-06-30,2,310.2730,0.85,248.2806,0.34,1
002241,歌尔声学,2011-06-30,5,4424.5830,5.89,695.5800,9.92,9
002242,九阳股份,2011-06-30,5,3330.7660,4.38,-752.2790,5.37,7
601777,力帆股份,2011-06-30,2,296.3169,0.31,-1.1804,0.31,2
002251,步步高,2011-06-30,4,1669.8590,6.18,-406.6890,7.68,5
002450,康得新,2011-06-30,6,2662.1970,8.24,1335.4464,8.21,7
002255,海陆重工,2011-06-30,2,457.4630,3.54,-39.1614,3.85,4
002262,恩华药业,2011-06-30,2,370.0250,1.58,-221.0000,2.53,3
601268,*ST二重,2011-06-30,3,430.6800,0.25,-285.2040,0.42,5
002560,通达股份,2011-06-30,1,131.0000,1.27,131.0000,0.00,0
002260,伊立浦,2011-06-30,1,24.4600,0.16,24.4600,0.00,0
002258,利尔化学,2011-06-30,2,84.1667,0.42,-71.3003,0.77,2
002264,新华都,2011-06-30,4,595.1271,3.71,107.1695,3.04,3
002419,天虹商场,2011-06-30,9,2967.3510,3.71,1756.5228,3.03,8
002322,理工监测,2011-06-30,1,80.0799,1.20,-205.7515,4.29,3
601216,内蒙君正,2011-06-30,5,794.9130,1.24,155.9030,1.00,4
300054,鼎龙股份,2011-06-30,4,448.8026,4.99,313.3718,2.26,2
300011,鼎汉技术,2011-06-30,3,250.3811,2.37,117.3023,1.30,2
601668,中国建筑,2011-06-30,3,57000.8000,1.90,1024.0000,1.87,3
002268,卫士通,2011-06-30,4,505.2337,2.93,276.1857,1.72,2
002446,盛路通信,2011-06-30,3,914.9250,6.89,-211.2413,11.02,6
002269,美邦服饰,2011-06-30,8,3367.9600,3.35,336.2960,3.02,8
300108,双龙股份,2011-06-30,1,20.0000,0.30,-101.8560,1.80,1
300115,长盈精密,2011-06-30,6,697.0748,4.05,424.3598,3.17,4
002266,浙富股份,2011-06-30,9,5224.2130,17.46,2648.5570,17.21,9
300015,爱尔眼科,2011-06-30,9,1470.2224,5.51,81.4866,5.20,9
002299,圣农发展,2011-06-30,3,1573.4680,1.73,-220.1480,2.19,4
002344,海宁皮城,2011-06-30,9,3194.4780,5.70,1983.9890,4.32,7
002289,宇顺电子,2011-06-30,2,134.5760,1.83,134.5760,0.00,0
002282,博深工具,2011-06-30,2,145.9153,0.65,145.9153,0.00,0
002284,亚太股份,2011-06-30,1,124.4550,0.43,-331.5249,2.38,4
002283,天润曲轴,2011-06-30,1,280.0000,0.58,280.0000,0.00,0
300036,超图软件,2011-06-30,4,475.3728,3.96,375.6070,1.33,1
002277,友阿股份,2011-06-30,6,3931.4320,11.26,121.6740,10.91,6
300002,神州泰岳,2011-06-30,6,2158.5145,5.69,108.9517,6.49,7
601233,桐昆股份,2011-06-30,5,535.1486,1.11,535.1486,0.00,0
002278,神开股份,2011-06-30,2,1231.5810,4.71,110.6170,5.14,4
002285,世联地产,2011-06-30,6,2004.8920,6.14,581.8360,6.54,6
002286,保龄宝,2011-06-30,2,47.0934,0.45,-75.8698,1.18,2
300070,碧水源,2011-06-30,9,2665.5220,8.24,1621.8653,7.10,9
002291,星期六,2011-06-30,4,2604.5300,7.17,302.7120,8.24,5
002292,奥飞动漫,2011-06-30,4,2238.9340,5.47,798.5040,5.63,5
002293,罗莱家纺,2011-06-30,9,1248.6227,8.90,107.1243,8.13,9
002294,信立泰,2011-06-30,5,503.6868,1.39,189.5249,1.38,7
300065,海兰信,2011-06-30,3,243.1418,4.39,-38.6870,5.09,4
601299,中国北车,2011-06-30,5,16915.9100,2.04,5896.2100,1.33,4
601117,中国化学,2011-06-30,7,24661.4100,5.00,-825.9100,5.17,8
002529,海源机械,2011-06-30,4,403.3662,2.52,-29.1891,2.70,6
300072,三聚环保,2011-06-30,1,103.2900,0.53,-108.2480,2.17,4
601618,中国中冶,2011-06-30,6,17029.7500,0.89,552.1600,0.86,6
601798,蓝科高新,2011-06-30,1,119.0000,0.37,119.0000,0.00,0
002478,常宝股份,2011-06-30,2,495.0000,1.24,-258.9741,1.88,3
002431,棕榈园林,2011-06-30,2,660.6370,1.72,57.2362,3.14,5
300075,数字政通,2011-06-30,8,721.7353,8.59,269.4914,8.08,7
300171,东富龙,2011-06-30,6,704.4364,4.40,387.9724,3.96,7
300093,金刚玻璃,2011-06-30,6,1569.4225,7.27,355.2327,10.12,9
002422,科伦药业,2011-06-30,2,2294.0000,4.78,499.0975,7.48,10
002506,*ST超日,2011-06-30,2,132.1132,0.25,132.1132,0.00,0
300058,蓝色光标,2011-06-30,3,705.9510,5.88,37.0070,5.57,3
002582,好想你,2011-06-30,6,265.1159,3.59,265.1159,0.00,0
002415,海康威视,2011-06-30,3,1367.4710,1.37,187.7360,2.36,7
601888,中国国旅,2011-06-30,6,3396.8590,3.86,588.4080,3.19,7
002489,浙江永强,2011-06-30,3,273.1206,1.14,-90.9364,1.52,4
002301,齐心文具,2011-06-30,1,345.3390,1.85,-154.6610,2.68,1
601989,中国重工,2011-06-30,6,23137.2200,2.52,-336.7900,2.56,7
002365,永安药业,2011-06-30,1,59.6138,0.32,59.6138,0.00,0
002315,焦点科技,2011-06-30,4,114.6448,0.98,-33.9682,1.26,3
002303,美盈森,2011-06-30,7,1390.7475,7.78,320.9797,5.98,6
300021,大禹节水,2011-06-30,2,569.7693,2.05,352.7637,1.56,3
300012,华测检测,2011-06-30,6,774.6842,4.21,313.2332,3.76,6
300007,汉威电子,2011-06-30,1,350.0000,2.97,47.1310,2.57,1
300044,赛为智能,2011-06-30,5,627.2626,6.27,87.7270,5.40,4
300111,向日葵,2011-06-30,3,172.1759,0.34,-844.9872,2.00,8
300047,天源迪科,2011-06-30,4,589.9356,3.76,140.3848,4.30,5
300037,新宙邦,2011-06-30,8,432.8835,4.05,85.9225,3.24,7
300091,金通灵,2011-06-30,1,383.4540,1.83,142.3477,2.88,4
300031,宝通带业,2011-06-30,2,200.3790,2.00,-9.6982,2.10,2
300101,国腾电子,2011-06-30,9,1291.0652,9.29,549.7889,10.67,9
300022,吉峰农机,2011-06-30,1,130.5130,0.37,22.0520,0.61,1
300071,华谊嘉信,2011-06-30,1,22.7030,0.22,12.7030,0.19,1
300005,探路者,2011-06-30,4,1827.4520,6.82,851.6400,7.28,5
300045,华力创通,2011-06-30,2,283.4784,2.12,91.7392,2.86,2
300027,华谊兄弟,2011-06-30,3,3133.4260,5.18,1087.2030,6.09,3
300003,乐普医疗,2011-06-30,1,217.0460,0.27,-185.9083,0.50,3
300010,立思辰,2011-06-30,4,2277.9540,9.63,800.5440,9.37,4
300117,嘉寓股份,2011-06-30,3,835.7580,3.85,415.7651,3.87,3
300006,莱美药业,2011-06-30,9,1255.3295,13.72,389.5960,9.46,7
300008,上海佳豪,2011-06-30,6,936.7388,6.43,267.1037,4.60,6
300053,欧比特,2011-06-30,2,227.2260,1.14,111.2413,1.16,2
300035,中科电气,2011-06-30,3,532.1360,4.44,236.9070,3.20,2
300018,中元华电,2011-06-30,1,30.0000,0.23,30.0000,0.00,0
300041,回天胶业,2011-06-30,2,189.3753,1.79,-61.6413,3.80,4
300142,沃森生物,2011-06-30,7,681.4272,4.54,255.0105,4.26,7
002310,东方园林,2011-06-30,7,784.7296,5.22,238.5486,3.64,6
002309,中利科技,2011-06-30,2,630.2900,2.62,542.8239,0.36,1
002311,海大集团,2011-06-30,4,3119.5480,5.36,1374.5630,5.99,4
002312,三泰电子,2011-06-30,1,90.7770,0.51,90.7770,0.00,0
002313,日海通讯,2011-06-30,6,910.7521,9.11,2.2444,9.09,7
002568,百润股份,2011-06-30,2,106.3060,1.33,106.3060,0.00,0
002324,普利特,2011-06-30,2,344.4600,1.28,219.4600,0.93,1
601799,星宇股份,2011-06-30,8,1622.7210,6.85,365.7260,5.31,8
002314,雅致股份,2011-06-30,1,37.7621,0.13,37.7621,0.00,0
601519,大智慧,2011-06-30,4,209.7391,0.30,188.2368,0.03,1
002327,富安娜,2011-06-30,7,894.0569,6.68,222.7089,5.01,6
002317,众生药业,2011-06-30,5,315.2084,1.75,131.2187,1.53,4
002474,榕基软件,2011-06-30,3,72.9951,0.70,44.9551,0.27,1
002321,华英农业,2011-06-30,5,1048.7300,7.13,-295.3490,9.14,5
002325,洪涛股份,2011-06-30,8,2753.3060,12.24,1374.9600,9.19,6
300004,南风股份,2011-06-30,3,710.5814,3.78,502.0274,2.22,1
601179,中国西电,2011-06-30,1,1397.2300,0.32,-367.8000,0.41,1
300014,亿纬锂能,2011-06-30,1,100.2760,0.51,100.2760,0.00,0
601877,正泰电器,2011-06-30,2,2275.0000,2.26,135.6820,2.13,2
300020,银江股份,2011-06-30,5,1337.5510,5.57,1010.7990,2.04,2
300025,华星创业,2011-06-30,9,1992.8170,16.61,691.6467,16.26,8
002385,大北农,2011-06-30,2,476.0560,1.19,-429.7613,2.26,7
002326,永太科技,2011-06-30,5,1649.2730,6.86,607.8530,7.80,6
002330,得利斯,2011-06-30,1,134.2860,0.54,-313.8323,1.79,3
002329,皇氏乳业,2011-06-30,3,823.7600,3.85,371.7900,4.22,3
002334,英威腾,2011-06-30,6,614.6660,5.05,76.1957,4.43,5
002336,人人乐,2011-06-30,4,554.3877,1.39,-59.9416,1.54,4
002335,科华恒盛,2011-06-30,2,102.6512,0.66,82.6512,0.26,1
002340,格林美,2011-06-30,1,114.5240,0.47,-123.4052,1.96,2
002341,新纶科技,2011-06-30,2,492.7742,3.37,150.1105,4.68,3
002345,潮宏基,2011-06-30,1,259.3630,1.44,0.0000,1.44,1
601258,庞大集团,2011-06-30,7,1064.1568,1.01,1064.1568,0.00,0
002354,科冕木业,2011-06-30,1,23.8083,0.25,23.8083,0.00,0
300029,天龙光电,2011-06-30,7,2690.3170,13.45,619.6100,10.35,5
002353,杰瑞股份,2011-06-30,4,680.8805,2.97,371.4601,2.69,4
300103,达刚路机,2011-06-30,5,809.5019,6.88,344.1955,7.12,6
002549,凯美特气,2011-06-30,7,1028.4004,8.57,831.7186,2.46,3
002455,百川股份,2011-06-30,1,220.5000,1.67,73.5000,1.67,1
002375,亚厦股份,2011-06-30,6,3822.3400,9.06,2048.8270,8.41,6
002510,天汽模,2011-06-30,1,39.1000,0.19,-58.9000,0.48,1
002369,卓翼科技,2011-06-30,4,755.6470,3.78,306.3537,4.49,4
300039,上海凯宝,2011-06-30,2,758.1320,2.88,252.7100,2.88,2
002367,康力电梯,2011-06-30,1,240.3400,1.00,-64.8500,1.27,1
002368,太极股份,2011-06-30,4,1005.5816,5.09,511.0913,5.01,3
002374,丽鹏股份,2011-06-30,1,16.2151,0.19,16.2151,0.00,0
300048,合康变频,2011-06-30,6,1091.6611,4.44,-36.0049,4.58,7
002380,科远股份,2011-06-30,1,12.5466,0.18,12.5466,0.00,0
002376,新北洋,2011-06-30,5,2299.8020,7.67,1160.8641,7.59,5
601106,中国一重,2011-06-30,4,5787.1100,0.89,2376.1600,0.52,2
300043,星辉车模,2011-06-30,5,1419.3340,8.96,-59.7736,9.34,7
300046,台基股份,2011-06-30,5,593.1505,4.17,402.9495,2.68,4
300050,世纪鼎利,2011-06-30,4,750.3600,3.47,433.8320,2.93,3
002383,合众思壮,2011-06-30,1,22.2644,0.15,-58.1824,0.67,1
002382,蓝帆股份,2011-06-30,1,15.0000,0.13,5.0000,0.13,1
002421,达实智能,2011-06-30,2,178.1581,1.76,-22.6109,2.57,2
002392,北京利尔,2011-06-30,2,161.4936,0.60,74.3228,0.65,2
002384,东山精密,2011-06-30,1,200.0000,1.04,-708.5380,5.68,5
300056,三维丝,2011-06-30,4,175.0808,3.37,-3.8889,3.44,3
300055,万邦达,2011-06-30,8,3030.8792,13.25,1586.8374,12.62,8
300057,万顺股份,2011-06-30,1,192.6150,0.46,192.6150,0.00,0
002387,黑牛食品,2011-06-30,3,345.0116,1.44,-56.2024,3.01,2
002389,南洋科技,2011-06-30,1,35.0220,0.26,17.5110,0.26,1
002398,建研集团,2011-06-30,5,720.6866,4.62,-321.0633,8.68,10
002390,信邦制药,2011-06-30,2,435.2070,2.51,33.7590,4.62,4
002399,海普瑞,2011-06-30,5,213.5757,0.27,100.3466,0.28,5
002410,广联达,2011-06-30,6,1110.2601,4.11,-306.8895,5.25,7
002408,齐翔腾达,2011-06-30,2,407.0353,0.87,233.7071,0.67,3
300185,通裕重工,2011-06-30,4,558.3866,1.55,558.3866,0.00,0
002476,宝莫股份,2011-06-30,2,247.9725,1.38,92.9575,1.29,2
002401,中海科技,2011-06-30,1,22.0100,0.41,0.0000,0.41,1
002406,远东传动,2011-06-30,1,224.9950,0.80,74.9980,0.80,1
300059,东方财富,2011-06-30,2,174.3355,0.83,174.3355,0.00,0
002411,九九久,2011-06-30,2,517.7390,2.23,99.6000,3.24,2
002439,启明星辰,2011-06-30,4,598.9927,6.07,147.9153,4.57,5
002414,高德红外,2011-06-30,5,747.8347,2.49,-207.0387,3.18,6
300098,高新兴,2011-06-30,2,234.6330,2.64,31.6100,2.97,3
002417,三元达,2011-06-30,4,530.3914,2.95,-231.4376,6.35,7
601018,宁波港,2011-06-30,2,3684.7100,0.29,1105.2100,0.20,1
002465,海格通信,2011-06-30,5,555.9790,1.67,31.5602,1.58,4
002573,国电清新,2011-06-30,2,99.7022,0.67,99.7022,0.00,0
002428,云南锗业,2011-06-30,3,507.7219,3.11,96.5694,3.27,4
002424,贵州百灵,2011-06-30,7,1466.6047,6.24,136.4128,5.66,5
002456,欧菲光,2011-06-30,6,837.5192,4.36,286.2272,5.74,5
002459,天业通联,2011-06-30,2,311.1274,1.40,311.1274,0.00,0
002434,万里扬,2011-06-30,2,211.3375,1.24,-112.2345,1.90,5
002440,闰土股份,2011-06-30,1,71.7328,0.19,71.7328,0.00,0
002437,誉衡药业,2011-06-30,4,908.5789,3.24,218.3599,2.47,3
300080,新大新材,2011-06-30,1,157.1190,1.12,-621.3947,5.56,8
300083,劲胜股份,2011-06-30,5,1237.6228,6.19,413.6829,8.24,5
300078,中瑞思创,2011-06-30,2,105.3966,0.63,75.3966,0.45,1
300074,华平股份,2011-06-30,2,139.9985,1.40,139.9985,0.00,0
002469,三维工程,2011-06-30,6,501.4899,4.45,55.4845,6.73,8
300084,海默科技,2011-06-30,3,968.6410,7.57,387.3544,9.08,5
002444,巨星科技,2011-06-30,5,1354.2015,2.67,835.1095,2.05,4
002466,天齐锂业,2011-06-30,1,19.9949,0.14,19.9949,0.00,0
002445,中南重工,2011-06-30,3,165.3022,1.34,165.3022,0.00,0
300086,康芝药业,2011-06-30,1,44.9962,0.22,-45.6336,0.91,1
002449,国星光电,2011-06-30,7,610.4412,2.84,-992.6436,7.46,9
002458,益生股份,2011-06-30,5,514.3449,3.66,243.3550,2.51,3
300088,长信科技,2011-06-30,2,222.2347,0.89,203.2683,0.15,1
300090,盛运股份,2011-06-30,4,1351.4510,5.29,394.6498,7.50,9
300096,易联众,2011-06-30,3,246.5256,2.87,-61.8491,3.59,4
601000,唐山港,2011-06-30,1,130.0000,0.13,130.0000,0.00,0
002453,天马精化,2011-06-30,7,1062.1920,8.85,-132.8611,9.96,9
002460,赣锋锂业,2011-06-30,2,39.9844,0.27,21.4744,0.19,1
002452,长高集团,2011-06-30,3,305.3560,3.05,85.4060,2.20,3
601717,郑煤机,2011-06-30,8,2917.5570,4.17,27.7810,4.13,8
300179,四方达,2011-06-30,7,959.9868,12.00,515.0192,5.56,5
300099,尤洛卡,2011-06-30,7,501.0667,4.85,54.4019,4.32,6
601718,际华集团,2011-06-30,5,10728.4730,2.78,10728.4730,0.00,0
300094,国联水产,2011-06-30,1,104.4540,0.30,9.4954,0.30,1
300124,汇川技术,2011-06-30,10,2504.0070,11.59,1310.3824,11.05,10
300152,燃控科技,2011-06-30,5,456.6236,4.23,72.9046,3.55,4
601208,东材科技,2011-06-30,8,1825.4169,5.93,1825.4169,0.00,0
300102,乾照光电,2011-06-30,4,1215.7440,4.12,738.9420,4.04,4
002484,江海股份,2011-06-30,6,681.1215,4.26,-124.3065,5.03,10
300126,锐奇股份,2011-06-30,5,394.5560,2.60,199.3647,2.32,4
300104,乐视网,2011-06-30,2,267.0210,1.21,107.0347,1.60,2
300173,松德股份,2011-06-30,2,108.4000,1.24,54.9845,0.80,2
002470,金正大,2011-06-30,5,726.0336,1.04,378.7357,0.50,3
300107,建新股份,2011-06-30,3,602.4040,4.50,372.4759,3.44,2
300113,顺网科技,2011-06-30,8,1230.8643,9.32,735.5442,8.26,8
300118,东方日升,2011-06-30,3,610.4728,1.74,-421.5166,2.95,6
300133,华策影视,2011-06-30,6,458.3983,4.06,370.1927,1.56,4
300109,新开源,2011-06-30,1,32.6800,0.45,10.0300,0.63,1
300156,天立环保,2011-06-30,2,178.3291,1.11,-34.3918,2.65,4
002527,新时达,2011-06-30,3,591.0220,2.96,393.0790,0.99,1
002530,丰东股份,2011-06-30,1,34.1956,0.26,-438.5400,3.53,3
002595,豪迈科技,2011-06-30,3,384.3459,1.92,384.3459,0.00,0
002475,立讯精密,2011-06-30,10,2803.1640,10.75,1033.7434,10.18,10
300120,经纬电材,2011-06-30,2,218.2657,1.93,33.8091,2.12,2
300128,锦富新材,2011-06-30,2,261.4748,1.31,141.5342,1.20,2
601098,中南传媒,2011-06-30,3,806.1510,0.45,-264.2540,0.60,2
002477,雏鹰农牧,2011-06-30,2,319.9190,1.20,-82.2566,3.01,4
002479,富春环保,2011-06-30,1,25.6900,0.06,25.6900,0.00,0
002480,新筑股份,2011-06-30,7,1298.2468,4.64,376.6414,6.58,9
002481,双塔食品,2011-06-30,3,534.1810,4.45,403.6640,1.09,1
300121,阳谷华泰,2011-06-30,2,283.0101,2.62,34.1499,2.30,2
300119,瑞普生物,2011-06-30,1,61.9384,0.42,61.9384,0.00,0
300125,易世达,2011-06-30,6,556.3926,4.72,326.3757,3.90,3
002486,嘉麟杰,2011-06-30,2,589.3800,2.83,35.3570,2.66,2
002482,广田股份,2011-06-30,10,2701.2840,8.44,1555.7644,7.16,10
002485,希努尔,2011-06-30,6,833.8080,4.17,98.0440,3.68,4
300138,晨光生物,2011-06-30,2,59.9261,0.67,44.9311,0.17,1
002521,齐峰新材,2011-06-30,1,50.0000,0.24,-43.4739,0.63,2
300122,智飞生物,2011-06-30,3,258.7915,0.65,1.7293,0.64,4
300123,太阳鸟,2011-06-30,3,752.1220,5.41,281.6642,5.41,4
002488,金固股份,2011-06-30,3,301.4916,1.67,23.4459,2.32,4
002518,科士达,2011-06-30,4,234.8747,2.04,52.4100,1.59,3
600998,九州通,2011-06-30,1,149.6670,0.11,149.6670,0.00,0
002493,荣盛石化,2011-06-30,6,540.2474,0.49,465.2474,0.38,1
002483,润邦股份,2011-06-30,4,302.8093,0.84,86.6154,1.08,3
002497,雅化集团,2011-06-30,5,723.1820,2.26,301.6170,2.63,4
300134,大富科技,2011-06-30,8,1050.7183,6.57,17.3659,6.46,8
300135,宝利沥青,2011-06-30,5,493.5294,3.08,46.9728,5.58,9
300130,新国都,2011-06-30,1,18.3233,0.16,-41.0252,0.93,2
300131,英唐智控,2011-06-30,1,47.6894,0.47,33.3947,0.31,1
002498,汉缆股份,2011-06-30,4,424.0697,0.60,251.4527,0.37,2
300137,先河环保,2011-06-30,5,606.3594,3.89,-124.9172,6.09,8
300132,青松股份,2011-06-30,3,625.6520,5.19,457.6640,2.51,1
300136,信维通信,2011-06-30,5,715.7431,5.37,354.7131,5.42,7
002567,唐人神,2011-06-30,1,50.0000,0.36,23.3021,0.19,2
002501,利源铝业,2011-06-30,1,129.3120,0.69,9.8218,1.28,3
300164,通源石油,2011-06-30,6,361.3191,4.56,51.3242,4.70,6
002511,中顺洁柔,2011-06-30,3,234.6580,1.47,52.7171,1.14,4
002554,惠博普,2011-06-30,8,1489.6758,7.36,906.7818,4.32,4
002508,老板电器,2011-06-30,1,90.3410,0.35,29.2554,0.38,2
300154,瑞凌股份,2011-06-30,4,421.4363,1.89,250.0617,1.53,3
002503,搜于特,2011-06-30,7,664.5747,4.15,234.3995,2.69,5
300143,星河生物,2011-06-30,4,370.5130,2.51,252.7211,0.80,2
300144,宋城股份,2011-06-30,8,2080.5150,5.63,1603.5785,2.84,6
002507,涪陵榨菜,2011-06-30,1,18.9589,0.12,0.3350,0.12,1
601567,三星电气,2011-06-30,1,65.7350,0.25,65.7350,0.00,0
300145,南方泵业,2011-06-30,4,414.8520,2.88,250.5245,2.05,3
300148,天舟文化,2011-06-30,2,74.8960,0.77,-45.1040,1.60,1
300158,振东制药,2011-06-30,2,66.9221,0.46,66.9221,0.00,0
300168,万达信息,2011-06-30,4,319.2053,2.66,170.4220,1.24,4
300157,恒泰艾普,2011-06-30,4,718.1320,4.04,527.1291,2.15,3
002522,浙江众成,2011-06-30,2,133.1467,0.78,-129.3389,2.46,4
300146,汤臣倍健,2011-06-30,8,699.2282,6.39,332.3000,6.71,8
002547,春兴精工,2011-06-30,2,95.1467,0.67,27.8901,0.47,2
300151,昌红科技,2011-06-30,2,114.0000,1.13,31.0020,1.24,2
300155,安居宝,2011-06-30,1,112.5000,0.63,112.5000,0.00,0
002528,英飞拓,2011-06-30,5,257.9551,1.75,-160.7003,2.85,6
300147,香雪制药,2011-06-30,1,154.0000,0.63,57.0000,0.79,2
002526,山东矿机,2011-06-30,6,920.2186,3.45,40.9536,3.29,5
002532,新界泵业,2011-06-30,2,93.9006,0.59,1.5842,1.15,2
002531,天顺风能,2011-06-30,2,285.0000,1.39,-463.7161,3.64,6
002540,亚太科技,2011-06-30,4,202.9089,0.98,188.5944,0.09,1
300169,天晟新材,2011-06-30,7,778.0482,5.55,262.0707,5.52,7
300162,雷曼光电,2011-06-30,1,27.7734,0.41,-171.1980,2.97,5
300208,恒顺电气,2011-06-30,2,50.0540,0.72,50.0540,0.00,0
601933,永辉超市,2011-06-30,4,2055.9190,2.68,435.8880,2.11,5
300223,北京君正,2011-06-30,2,153.4860,1.92,153.4860,0.00,0
300165,天瑞仪器,2011-06-30,1,51.4000,0.43,51.4000,0.00,0
300191,潜能恒信,2011-06-30,2,108.7263,1.36,-93.5476,2.53,6
300159,新研股份,2011-06-30,8,822.6465,9.12,605.5645,7.14,7
002535,林州重机,2011-06-30,6,1298.3020,3.17,383.1311,4.47,8
300163,先锋新材,2011-06-30,1,351.7120,4.45,351.7120,0.00,0
002557,洽洽食品,2011-06-30,1,525.5400,2.63,525.5400,0.00,0
002536,西泵股份,2011-06-30,1,80.0000,0.83,80.0000,0.00,0
300170,汉得信息,2011-06-30,4,346.1564,2.14,346.1564,0.00,0
300166,东方国信,2011-06-30,1,42.9349,1.06,42.9349,0.00,0
300174,元力股份,2011-06-30,3,302.4055,4.45,-26.0796,4.83,4
300175,朗源股份,2011-06-30,1,136.5730,1.28,136.5730,0.00,0
300194,福安药业,2011-06-30,1,39.0000,0.29,39.0000,0.00,0
002545,东方铁塔,2011-06-30,1,87.0000,0.50,87.0000,0.00,0
002541,鸿路钢构,2011-06-30,5,699.1183,5.22,186.6219,3.82,5
300177,中海达,2011-06-30,2,54.4058,1.09,2.1011,1.05,3
300178,腾邦国际,2011-06-30,2,193.9930,1.62,193.9930,0.00,0
300176,鸿特精密,2011-06-30,2,77.5775,0.87,77.5775,0.00,0
002551,尚荣医疗,2011-06-30,6,623.9280,5.07,118.0040,6.17,8
601700,风范股份,2011-06-30,1,20.0000,0.09,20.0000,0.00,0
601137,博威合金,2011-06-30,1,35.0477,0.16,35.0477,0.00,0
300193,佳士科技,2011-06-30,4,393.6700,1.78,263.4610,0.59,1
300216,千山药机,2011-06-30,8,374.3333,5.59,374.3333,0.00,0
300183,东软载波,2011-06-30,5,320.3983,3.20,43.2438,3.70,7
300197,铁汉生态,2011-06-30,5,213.4649,3.47,213.4649,0.00,0
002552,宝鼎重工,2011-06-30,2,242.3000,1.62,242.3000,0.00,0
002543,万和电气,2011-06-30,3,255.7326,1.28,213.7548,0.21,1
002546,新联电子,2011-06-30,3,123.7519,1.47,123.7519,0.00,0
300182,捷成股份,2011-06-30,6,768.0446,6.86,594.9698,3.09,4
601616,广电电气,2011-06-30,2,505.0000,0.97,-55.0250,1.08,2
300203,聚光科技,2011-06-30,3,323.1697,0.73,323.1697,0.00,0
002548,金新农,2011-06-30,1,17.1400,0.18,17.1400,0.00,0
002559,亚威股份,2011-06-30,4,140.9322,1.60,60.9578,0.91,2
002574,明牌珠宝,2011-06-30,1,29.9980,0.12,29.9980,0.00,0
300198,纳川股份,2011-06-30,2,31.6528,0.34,31.6528,0.00,0
300186,大华农,2011-06-30,3,317.9300,1.19,147.9450,0.64,1
300195,长荣股份,2011-06-30,5,426.9100,4.27,426.9100,0.00,0
300196,长海股份,2011-06-30,6,906.4991,7.55,734.4991,1.43,2
300187,永清环保,2011-06-30,8,710.5856,10.64,292.2788,6.26,7
300190,维尔利,2011-06-30,6,343.2324,6.48,45.7992,5.61,7
601011,宝泰隆,2011-06-30,2,211.5420,0.55,211.5420,0.00,0
002565,上海绿新,2011-06-30,4,245.4100,1.84,245.4100,0.00,0
300192,科斯伍德,2011-06-30,1,29.3649,0.40,29.3649,0.00,0
300214,日科化学,2011-06-30,2,152.4256,1.13,152.4256,0.00,0
300204,舒泰神,2011-06-30,1,24.6876,0.37,24.6876,0.00,0
002563,森马服饰,2011-06-30,6,638.1992,0.95,522.5695,0.17,3
300199,翰宇药业,2011-06-30,4,203.8418,2.04,203.8418,0.00,0
002562,兄弟科技,2011-06-30,3,190.8149,1.79,190.8149,0.00,0
002564,张化机,2011-06-30,8,1572.8420,5.18,1001.0968,3.01,7
300201,海伦哲,2011-06-30,1,12.5910,0.16,12.5910,0.00,0
002572,索菲亚,2011-06-30,7,208.8975,3.90,208.8975,0.00,0
300206,理邦仪器,2011-06-30,8,294.3800,2.94,294.3800,0.00,0
300202,聚龙股份,2011-06-30,4,292.1700,3.45,292.1700,0.00,0
300210,森远股份,2011-06-30,1,51.1044,0.68,51.1044,0.00,0
601566,九牧王,2011-06-30,5,850.3674,1.48,850.3674,0.00,0
300212,易华录,2011-06-30,4,88.2286,1.32,88.2286,0.00,0
300218,安利股份,2011-06-30,1,48.7557,0.46,48.7557,0.00,0
300215,电科院,2011-06-30,1,56.9918,1.27,56.9918,0.00,0
300217,东方电热,2011-06-30,2,123.5450,1.37,123.5450,0.00,0
300228,富瑞特装,2011-06-30,1,49.9992,0.75,49.9992,0.00,0
002585,双星新材,2011-06-30,1,47.2051,0.23,47.2051,0.00,0
002586,围海股份,2011-06-30,1,20.0000,0.19,20.0000,0.00,0
002589,瑞康医药,2011-06-30,4,329.6174,3.51,329.6174,0.00,0
300230,永利带业,2011-06-30,1,29.9899,0.33,29.9899,0.00,0
300236,上海新阳,2011-06-30,2,51.2614,0.60,51.2614,0.00,0
