600000,浦发银行,2012-03-31,1,18213.5000,0.98,0.0000,0.98,1
600005,武钢股份,2012-03-31,5,9629.5400,0.95,3725.2200,0.58,4
600006,东风汽车,2012-03-31,4,1709.4640,0.85,13.0410,0.85,3
600007,中国国贸,2012-03-31,3,3824.0190,3.80,489.2700,3.31,3
600008,首创股份,2012-03-31,3,1830.9930,0.83,321.6340,0.69,3
600009,上海机场,2012-03-31,7,9696.0540,5.03,-2666.2960,6.42,8
600010,包钢股份,2012-03-31,7,18256.2200,2.84,-3420.4000,3.37,7
600012,皖通高速,2012-03-31,1,286.9090,0.17,-484.7600,0.47,3
600019,宝钢股份,2012-03-31,2,10991.2900,0.63,164.7700,0.62,2
600026,中海发展,2012-03-31,4,1388.1900,0.41,-669.6090,0.60,4
600028,中国石化,2012-03-31,4,18459.3000,0.21,2691.0000,0.18,3
600033,福建高速,2012-03-31,3,999.3970,0.36,319.4490,0.25,2
600037,歌华有线,2012-03-31,2,1356.1850,1.28,-1136.1880,2.35,3
600038,哈飞股份,2012-03-31,5,2324.4020,6.89,-13.3200,6.93,5
600050,中国联通,2012-03-31,4,37183.1300,1.75,-33842.0800,3.35,6
600052,浙江广厦,2012-03-31,2,1736.5950,1.99,375.6350,1.56,1
600054,黄山旅游,2012-03-31,4,2523.5670,5.35,-268.0950,5.92,5
600055,华润万东,2012-03-31,4,1329.2040,6.14,-474.2780,8.33,4
600056,中国医药,2012-03-31,7,2677.8324,8.61,0.0000,8.61,7
600058,五矿发展,2012-03-31,5,1423.1800,1.33,-1018.5930,2.28,7
600059,古越龙山,2012-03-31,4,3349.9590,5.28,1549.5890,2.84,1
600060,海信电器,2012-03-31,7,10433.4920,12.01,3231.0330,8.29,7
600061,中纺投资,2012-03-31,1,1990.8800,4.64,-60.0000,4.78,1
600062,华润双鹤,2012-03-31,6,5110.1520,8.94,-2907.8140,14.02,8
600064,南京高科,2012-03-31,2,660.0000,1.28,-694.1280,2.62,2
600066,宇通客车,2012-03-31,7,8641.8750,12.83,886.0740,14.92,8
600067,冠城大通,2012-03-31,6,3547.4650,4.82,-2185.3150,7.79,5
600068,葛洲坝,2012-03-31,3,6530.3100,1.87,-2660.8300,2.64,4
600069,银鸽投资,2012-03-31,1,171.2880,0.21,-78.7100,0.30,1
600071,凤凰光学,2012-03-31,1,99.9955,0.42,-99.3245,0.84,1
600072,中船股份,2012-03-31,3,1245.0968,2.60,-163.0806,2.94,3
600075,新疆天业,2012-03-31,5,903.5943,2.06,-74.6820,2.23,5
600077,宋都股份,2012-03-31,6,1802.4760,3.36,1680.2880,0.23,1
600078,澄星股份,2012-03-31,3,298.3498,0.45,90.7368,0.31,2
600079,人福医药,2012-03-31,6,4523.6300,9.17,171.5900,8.82,6
600081,东风科技,2012-03-31,2,454.3967,1.45,454.3967,0.00,0
600085,同仁堂,2012-03-31,6,5583.5180,4.29,-2010.6020,5.83,8
600086,东方金钰,2012-03-31,3,2423.2710,6.88,-1306.1980,10.59,4
600087,*ST长油,2012-03-31,1,503.1500,0.15,503.1500,0.00,0
600088,中视传媒,2012-03-31,2,417.7640,1.26,-649.7440,3.22,5
600089,特变电工,2012-03-31,4,7454.8400,2.83,-130.3700,2.88,4
600096,云天化,2012-03-31,5,1883.1640,2.71,-488.9990,3.42,7
600098,广州发展,2012-03-31,7,8243.6990,4.00,1273.1750,3.39,5
600099,林海股份,2012-03-31,1,429.5650,1.96,0.0000,1.96,1
600100,同方股份,2012-03-31,2,9443.9260,4.75,-833.0700,5.17,3
600101,明星电力,2012-03-31,1,200.0000,0.62,-1089.7130,3.98,3
600103,青山纸业,2012-03-31,1,251.8460,0.24,251.8460,0.00,0
600104,上汽集团,2012-03-31,2,8891.7600,0.81,2491.7900,0.58,1
600105,永鼎股份,2012-03-31,2,890.6360,2.34,-1087.4650,5.19,3
600107,美尔雅,2012-03-31,1,200.0000,0.56,-1803.9710,5.57,5
600108,亚盛集团,2012-03-31,2,4652.7800,2.68,2369.5900,1.31,2
600109,国金证券,2012-03-31,3,1130.6030,1.13,808.3560,0.32,2
600111,包钢稀土,2012-03-31,5,2543.6750,2.10,289.8630,1.86,4
600112,长征电气,2012-03-31,3,1661.3310,3.92,1661.3310,0.00,0
600113,浙江东日,2012-03-31,1,108.3160,0.34,108.3160,0.00,0
600115,东方航空,2012-03-31,1,2555.2700,0.23,594.6300,0.17,1
600116,三峡水利,2012-03-31,1,177.4370,0.66,177.4370,0.00,0
600117,西宁特钢,2012-03-31,2,909.7050,1.23,-472.8660,1.87,3
600118,中国卫星,2012-03-31,5,4597.7010,6.52,-775.5980,7.62,6
600119,长江投资,2012-03-31,1,107.2550,0.35,-233.4759,1.11,3
600120,浙江东方,2012-03-31,1,300.0000,0.59,-383.3160,1.35,2
600121,郑州煤电,2012-03-31,2,164.4623,0.26,-40.5377,0.33,1
600123,兰花科创,2012-03-31,6,5838.0240,10.22,-441.2700,10.99,6
600125,铁龙物流,2012-03-31,5,12905.4400,9.89,-426.7000,10.21,5
600127,金健米业,2012-03-31,2,285.3140,0.52,32.1720,0.46,2
600128,弘业股份,2012-03-31,1,199.9920,0.81,199.9920,0.00,0
600129,太极集团,2012-03-31,2,562.9520,1.32,487.9520,0.18,1
600131,岷江水电,2012-03-31,1,225.0000,0.45,-161.8230,0.77,2
600132,重庆啤酒,2012-03-31,2,265.0790,0.55,-1904.7360,4.48,4
600133,东湖高新,2012-03-31,2,242.8950,0.49,-7.0870,0.50,2
600135,乐凯胶片,2012-03-31,3,2363.5550,6.91,1710.7420,1.91,2
600137,浪莎股份,2012-03-31,2,226.5780,2.33,-272.1620,5.13,3
600138,中青旅,2012-03-31,5,4477.5320,10.78,-868.9690,12.87,4
600139,西部资源,2012-03-31,3,408.5290,1.11,-22.0984,1.17,2
600141,兴发集团,2012-03-31,5,3964.5760,10.85,-364.8110,11.85,5
600149,廊坊发展,2012-03-31,2,1412.7290,3.72,649.0110,2.01,2
600150,中国船舶,2012-03-31,3,1287.2020,1.21,-131.2630,1.34,3
600151,航天机电,2012-03-31,4,957.9620,1.00,81.2140,0.92,5
600153,建发股份,2012-03-31,7,21079.1900,9.42,-627.1300,9.70,7
600157,永泰能源,2012-03-31,2,2282.3320,2.58,-2468.1330,8.37,5
600158,中体产业,2012-03-31,2,403.8500,0.48,-358.1350,0.90,1
600159,大龙地产,2012-03-31,1,277.3900,0.33,277.3900,0.00,0
600160,巨化股份,2012-03-31,2,326.0850,0.37,-332.8030,0.74,4
600161,天坛生物,2012-03-31,1,378.1590,0.73,-499.5490,1.70,3
600162,香江控股,2012-03-31,2,278.9060,0.36,9.8400,0.35,2
600163,福建南纸,2012-03-31,1,1611.8100,2.23,1611.8100,0.00,0
600166,福田汽车,2012-03-31,1,6000.0000,2.84,-3868.2800,4.68,2
600168,武汉控股,2012-03-31,5,1828.1960,4.14,-1000.3070,6.41,7
600169,太原重工,2012-03-31,1,800.0000,0.50,-400.0000,0.74,1
600170,上海建工,2012-03-31,5,627.4705,0.54,-70.3961,0.60,4
600171,上海贝岭,2012-03-31,2,1146.2160,1.70,895.6020,0.37,2
600172,黄河旋风,2012-03-31,2,689.0980,2.20,-7.3440,2.22,4
600173,卧龙地产,2012-03-31,2,2406.1380,3.32,-1626.4920,5.56,2
600176,中国玻纤,2012-03-31,7,4679.6310,8.04,599.7630,7.01,7
600177,雅戈尔,2012-03-31,2,2595.9600,1.17,-1990.2300,2.06,1
600178,东安动力,2012-03-31,2,121.0753,0.26,-263.5060,0.83,4
600183,生益科技,2012-03-31,3,1125.4130,1.03,825.9330,0.27,1
600185,格力地产,2012-03-31,1,609.1960,1.05,30.4620,1.00,1
600187,国中水务,2012-03-31,1,83.8295,0.20,-163.8710,0.58,2
600188,兖州煤业,2012-03-31,6,2530.9730,0.51,-67.1250,0.53,5
600190,锦州港,2012-03-31,1,476.9260,0.31,-133.8060,0.39,1
600195,中牧股份,2012-03-31,5,2539.9940,6.51,-663.8300,8.21,6
600196,复星医药,2012-03-31,3,3861.2870,2.03,2916.6790,0.50,1
600197,伊力特,2012-03-31,5,2134.5270,4.84,1145.0250,2.24,3
600198,大唐电信,2012-03-31,1,788.4100,1.80,-220.0000,2.30,2
600199,金种子酒,2012-03-31,8,5922.3450,10.66,3.4800,10.65,7
600208,新湖中宝,2012-03-31,7,39033.0500,6.28,2042.6700,5.96,7
600211,西藏药业,2012-03-31,1,349.2440,2.40,20.0000,2.26,1
600215,长春经开,2012-03-31,2,1005.2330,2.16,-70.0000,2.31,2
600216,浙江医药,2012-03-31,4,2333.0390,5.18,-629.8310,6.58,5
600218,全柴动力,2012-03-31,2,842.6590,2.97,174.8770,2.36,2
600219,南山铝业,2012-03-31,3,1463.4970,0.76,-488.9370,1.01,4
600220,江苏阳光,2012-03-31,3,1051.6100,0.59,747.4980,0.17,1
600221,海南航空,2012-03-31,3,4998.7620,1.21,-1452.8960,1.56,5
600223,鲁商置业,2012-03-31,2,2354.3800,2.35,-1706.6810,4.06,5
600225,天津松江,2012-03-31,1,597.3600,0.95,597.3600,0.00,0
600226,升华拜克,2012-03-31,2,1375.2260,3.39,-247.4450,4.00,2
600227,赤天化,2012-03-31,2,398.4190,0.42,38.3550,0.38,2
600230,沧州大化,2012-03-31,3,409.1100,1.58,409.1100,0.00,0
600231,凌钢股份,2012-03-31,1,3864.3200,4.81,158.0500,4.61,1
600233,大杨创世,2012-03-31,3,958.8850,5.81,375.4950,3.54,2
600236,桂冠电力,2012-03-31,3,3087.0400,1.35,-682.0840,1.65,4
600237,铜峰电子,2012-03-31,1,226.6330,0.57,26.6330,0.50,1
600238,海南椰岛,2012-03-31,4,1239.7010,2.77,765.4630,1.06,1
600239,云南城投,2012-03-31,6,7879.7150,9.57,1772.7120,7.42,6
600240,华业地产,2012-03-31,4,4311.8870,6.69,-1113.2210,8.41,4
600246,万通地产,2012-03-31,4,1575.7580,1.30,-1109.7420,2.21,5
600248,延长化建,2012-03-31,1,200.0000,0.47,100.0000,0.23,1
600252,中恒集团,2012-03-31,4,6752.6050,6.19,-7174.5130,12.76,8
600256,广汇能源,2012-03-31,6,11670.6800,5.99,-1969.5000,7.01,6
600257,大湖股份,2012-03-31,2,875.7280,2.05,-1673.3270,5.97,5
600258,首旅酒店,2012-03-31,3,1280.0901,5.53,306.5311,4.21,3
600259,广晟有色,2012-03-31,1,200.6790,0.80,200.6790,0.00,0
600260,凯乐科技,2012-03-31,3,1198.2760,2.27,28.3070,2.22,2
600261,阳光照明,2012-03-31,6,3390.7850,7.88,-474.2140,10.32,6
600262,北方股份,2012-03-31,3,937.3000,5.51,-644.4182,9.30,6
600266,北京城建,2012-03-31,9,12623.3110,14.20,-2324.9730,16.81,9
600267,海正药业,2012-03-31,4,5691.6140,10.84,-1849.9060,14.37,7
600268,国电南自,2012-03-31,1,896.1460,1.41,896.1460,0.00,0
600269,赣粤高速,2012-03-31,3,4390.2270,1.88,-2612.2260,3.00,6
600270,外运发展,2012-03-31,2,658.3220,0.73,658.3220,0.00,0
600276,恒瑞医药,2012-03-31,4,4462.3010,3.97,-814.5380,4.69,5
600277,亿利能源,2012-03-31,2,385.4451,0.43,35.4511,0.39,1
600278,东方创业,2012-03-31,1,55.4652,0.14,55.4652,0.00,0
600279,重庆港九,2012-03-31,1,68.2800,0.20,0.0000,0.20,1
600280,中央商场,2012-03-31,3,1608.4040,11.21,-30.2810,11.42,3
600282,南钢股份,2012-03-31,2,738.7340,0.19,-399.4550,0.29,3
600283,钱江水利,2012-03-31,1,134.0540,0.47,-1901.5250,7.13,5
600285,羚锐制药,2012-03-31,1,100.0000,0.50,-53.8460,0.77,1
600287,江苏舜天,2012-03-31,2,763.7280,1.75,-305.0060,2.45,3
600288,大恒科技,2012-03-31,2,269.3750,0.62,-46.6250,0.72,2
600290,华仪电气,2012-03-31,1,230.1540,0.44,-486.7188,1.36,2
600292,中电远达,2012-03-31,4,1293.4300,2.53,-1631.0370,5.71,6
600298,安琪酵母,2012-03-31,7,3332.6020,10.11,-245.2770,10.85,8
600300,维维股份,2012-03-31,1,500.0000,0.30,-1775.9680,1.36,4
600303,曙光股份,2012-03-31,7,5719.6430,9.96,421.6650,9.22,6
600305,恒顺醋业,2012-03-31,1,559.9910,4.40,9.9910,4.33,1
600307,酒钢宏兴,2012-03-31,3,1258.7700,0.31,-1370.6820,0.64,4
600308,华泰股份,2012-03-31,3,603.9020,0.52,382.5410,0.19,1
600309,万华化学,2012-03-31,5,12848.1900,5.94,-1586.0500,6.68,6
600310,桂东电力,2012-03-31,6,3624.6690,13.14,65.7620,12.90,5
600311,荣华实业,2012-03-31,3,550.1210,0.83,369.8480,0.27,1
600312,平高电气,2012-03-31,8,6394.2670,7.81,-1443.8140,9.57,8
600315,上海家化,2012-03-31,7,6416.2730,15.17,235.9430,14.61,7
600316,洪都航空,2012-03-31,3,2162.3550,3.02,-1189.2270,4.67,4
600318,巢东股份,2012-03-31,1,816.3950,3.37,-990.0280,7.46,4
600322,天房发展,2012-03-31,2,2072.7400,1.87,1026.3510,0.95,3
600323,南海发展,2012-03-31,1,160.0000,0.49,-745.9800,2.79,2
600326,西藏天路,2012-03-31,1,113.5660,0.21,9.8200,0.19,1
600327,大东方,2012-03-31,9,12109.0560,23.21,178.0600,22.87,9
600328,兰太实业,2012-03-31,1,63.8821,0.18,-1.8785,0.18,1
600329,中新药业,2012-03-31,2,1484.2620,2.01,5.7880,2.00,2
600330,天通股份,2012-03-31,1,479.9920,0.82,479.9920,0.00,0
600331,宏达股份,2012-03-31,5,3450.8460,3.34,-1175.9280,4.48,6
600332,白云山,2012-03-31,1,141.4220,0.17,-296.5680,0.54,1
600333,长春燃气,2012-03-31,3,220.9263,0.48,-1.9957,0.48,2
600335,国机汽车,2012-03-31,5,3239.1210,5.78,-171.0990,6.09,5
600337,美克股份,2012-03-31,2,2411.8680,3.81,-1360.6320,5.96,3
600339,天利高新,2012-03-31,1,119.9880,0.21,10.3800,0.19,1
600345,长江通信,2012-03-31,1,293.7290,1.48,293.7290,0.00,0
600346,大橡塑,2012-03-31,1,91.0401,0.38,10.7035,0.33,1
600350,山东高速,2012-03-31,4,1541.9140,0.32,-535.0200,0.43,4
600351,亚宝药业,2012-03-31,2,439.5620,0.69,-31.8670,0.74,2
600356,恒丰纸业,2012-03-31,1,164.8930,0.71,164.8930,0.00,0
600359,新农开发,2012-03-31,2,84.1007,0.26,-37.0716,0.38,2
600360,华微电子,2012-03-31,2,360.8230,0.53,177.0060,0.27,1
600361,华联综超,2012-03-31,2,3084.1400,4.63,0.0000,4.63,2
600362,江西铜业,2012-03-31,4,3287.9810,0.95,-897.9860,1.21,5
600363,联创光电,2012-03-31,1,361.0000,0.97,-715.4540,2.90,3
600366,宁波韵升,2012-03-31,7,5090.3190,9.89,96.0290,9.71,6
600367,红星发展,2012-03-31,1,770.0000,2.64,50.0000,2.47,1
600371,万向德农,2012-03-31,1,45.8432,0.27,-666.2634,4.18,5
600373,中文传媒,2012-03-31,2,395.0920,0.70,-664.3880,1.87,5
600376,首开股份,2012-03-31,4,7533.4500,5.04,1443.4100,4.07,4
600377,宁沪高速,2012-03-31,1,790.0000,0.16,790.0000,0.00,0
600378,天科股份,2012-03-31,3,659.9970,2.44,-294.0050,3.53,2
600380,健康元,2012-03-31,5,1073.8990,0.83,135.2000,0.73,4
600383,金地集团,2012-03-31,5,25839.6200,5.78,7533.6700,4.09,3
600386,北巴传媒,2012-03-31,3,1482.0890,3.68,371.6031,2.75,3
600388,龙净环保,2012-03-31,6,2080.5930,9.73,555.0800,7.13,5
600389,江山股份,2012-03-31,2,490.6000,2.48,413.1920,0.39,1
600391,成发科技,2012-03-31,3,385.7005,2.10,353.3705,0.18,1
600395,盘江股份,2012-03-31,3,1607.5120,1.46,194.4480,1.28,3
600396,金山股份,2012-03-31,2,432.7070,1.27,-283.7010,2.10,3
600397,安源煤业,2012-03-31,2,238.9831,0.48,137.9601,0.38,1
600399,抚顺特钢,2012-03-31,4,663.9346,1.28,568.5146,0.18,1
600415,小商品城,2012-03-31,3,4362.2530,1.60,-3241.2170,2.79,4
600416,湘电股份,2012-03-31,3,1518.5440,2.50,-517.3120,3.35,2
600418,江淮汽车,2012-03-31,3,6285.0800,4.88,-5338.3000,9.02,5
600422,昆明制药,2012-03-31,5,2946.0790,9.38,149.2380,8.90,5
600426,华鲁恒升,2012-03-31,2,4550.3500,4.77,98.5100,4.67,2
600428,中远航运,2012-03-31,7,8505.1340,5.03,-276.1060,5.19,5
600456,宝钛股份,2012-03-31,1,117.3350,0.27,-1552.3550,3.88,5
600458,时代新材,2012-03-31,2,1708.7550,3.30,-2355.0630,7.86,3
600466,迪康药业,2012-03-31,1,93.5004,0.21,-0.2500,0.21,1
600468,百利电气,2012-03-31,5,2697.2890,5.91,-168.4080,6.28,5
600486,扬农化工,2012-03-31,4,1090.8100,6.34,-186.4450,7.42,5
600488,天药股份,2012-03-31,4,1757.4549,3.24,-96.6201,3.42,4
600496,精工钢构,2012-03-31,5,3421.8470,5.83,-1396.3840,8.21,5
600498,烽火通信,2012-03-31,5,3345.7640,7.56,-1701.4140,11.41,7
600499,科达机电,2012-03-31,3,2629.9580,4.16,-1443.8680,6.45,5
600500,中化国际,2012-03-31,4,2905.5700,2.02,2186.8280,0.50,2
600501,航天晨光,2012-03-31,1,69.2446,0.18,-468.2958,1.38,2
600503,华丽家族,2012-03-31,2,1632.3010,1.43,1632.3010,0.00,0
600505,西昌电力,2012-03-31,2,1613.4590,4.43,-64.6350,4.60,2
600508,上海能源,2012-03-31,4,1279.4540,1.77,856.8550,0.58,3
600509,天富热电,2012-03-31,3,426.4540,0.65,-112.0040,0.82,3
600510,黑牡丹,2012-03-31,2,2217.3500,2.79,-528.1860,3.45,3
600511,国药股份,2012-03-31,4,3573.4020,7.46,-2365.4910,12.40,6
600516,方大炭素,2012-03-31,2,591.6230,0.46,-381.0860,0.76,3
600518,康美药业,2012-03-31,5,15093.1100,6.86,-4007.7400,8.69,5
600519,贵州茅台,2012-03-31,4,2126.3790,2.05,-484.7920,2.52,5
600522,中天科技,2012-03-31,4,2006.6300,5.13,899.0800,2.83,2
600523,贵航股份,2012-03-31,1,323.2220,1.12,323.2220,0.00,0
600525,长园集团,2012-03-31,1,604.9970,0.70,34.3010,0.66,2
600528,中铁二局,2012-03-31,6,2008.4570,1.38,596.6490,0.97,4
600529,山东药玻,2012-03-31,4,2184.0620,8.49,-1108.3830,12.79,6
600531,豫光金铅,2012-03-31,3,166.6684,0.56,53.2050,0.38,3
600533,栖霞建设,2012-03-31,3,1804.5820,1.72,277.5510,1.45,2
600535,天士力,2012-03-31,7,4876.3000,9.44,1446.9030,6.64,5
600548,深高速,2012-03-31,1,924.0200,0.42,-97.0000,0.47,1
600549,厦门钨业,2012-03-31,4,1993.1090,2.92,726.0650,1.86,2
600550,天威保变,2012-03-31,3,1229.3320,0.90,604.8500,0.45,2
600552,方兴科技,2012-03-31,3,426.6335,3.65,59.9995,3.13,2
600557,康缘药业,2012-03-31,5,5225.4220,12.35,-87.9280,12.55,6
600559,老白干酒,2012-03-31,7,2083.8800,14.88,-106.7580,15.65,7
600560,金自天正,2012-03-31,2,514.2050,3.45,-555.4100,7.17,5
600563,法拉电子,2012-03-31,3,871.2520,3.87,-501.8240,6.10,4
600565,迪马股份,2012-03-31,1,248.3020,0.34,248.3020,0.00,0
600568,中珠控股,2012-03-31,1,58.4301,0.35,58.4301,0.00,0
600569,安阳钢铁,2012-03-31,3,1032.4420,0.43,58.2640,0.41,3
600571,信雅达,2012-03-31,1,200.0000,0.99,-432.9560,3.12,3
600577,精达股份,2012-03-31,1,738.2910,2.05,0.0000,2.05,1
600578,京能电力,2012-03-31,1,1087.9100,1.38,-299.9900,1.76,1
600580,卧龙电气,2012-03-31,2,1780.5670,2.59,1356.8080,0.62,1
600581,八一钢铁,2012-03-31,3,2178.9680,2.84,-1098.5070,4.28,4
600582,天地科技,2012-03-31,6,8364.0070,8.27,-456.5750,8.72,6
600583,海油工程,2012-03-31,4,7333.2470,1.89,-4377.2470,3.01,5
600585,海螺水泥,2012-03-31,3,7461.8100,1.41,-1107.7500,1.62,3
600587,新华医疗,2012-03-31,6,2212.5040,16.46,-233.2040,18.20,6
600588,用友软件,2012-03-31,2,2521.3800,3.09,-18.7900,3.11,2
600590,泰豪科技,2012-03-31,2,477.5540,1.05,-108.8910,1.29,2
600592,龙溪股份,2012-03-31,3,2345.8070,7.82,64.9880,7.60,3
600595,中孚实业,2012-03-31,5,1449.3720,0.96,-148.7340,1.05,6
600596,新安股份,2012-03-31,3,2039.6350,3.00,-459.5660,3.68,2
600597,光明乳业,2012-03-31,5,4552.0490,4.34,288.8740,4.06,5
600598,北大荒,2012-03-31,4,6666.0850,3.75,-618.4260,4.10,5
600600,青岛啤酒,2012-03-31,3,2197.4450,1.63,774.2900,1.05,2
600601,方正科技,2012-03-31,2,1150.1620,0.52,129.6770,0.46,2
600602,仪电电子,2012-03-31,1,156.4640,0.13,13.5250,0.12,1
600606,金丰投资,2012-03-31,1,280.8500,0.57,191.3804,0.18,1
600612,老凤祥,2012-03-31,4,2345.1800,5.38,-274.2900,6.01,4
600616,金枫酒业,2012-03-31,4,1316.7040,3.00,1316.7040,0.00,0
600622,嘉宝集团,2012-03-31,4,2589.1340,5.03,392.1860,4.27,3
600626,申达股份,2012-03-31,1,149.9940,0.21,0.0000,0.21,1
600628,新世界,2012-03-31,2,826.8270,1.55,-272.8070,2.07,2
600633,浙报传媒,2012-03-31,2,263.5100,0.61,193.5164,0.16,1
600635,大众公用,2012-03-31,4,1804.0660,1.10,261.7800,0.94,3
600636,三爱富,2012-03-31,1,91.5724,0.26,-136.8686,0.66,2
600637,百视通,2012-03-31,4,2392.1080,2.15,-2491.0540,4.38,6
600639,浦东金桥,2012-03-31,2,858.8100,0.92,-1273.6650,2.30,5
600640,号百控股,2012-03-31,1,220.0000,0.55,0.0160,0.55,1
600641,万业企业,2012-03-31,1,132.4740,0.16,10.7000,0.15,1
600642,申能股份,2012-03-31,2,3047.5300,0.64,-5291.1600,1.76,2
600644,乐山电力,2012-03-31,2,119.7651,0.37,-36.4880,0.48,3
600645,中源协和,2012-03-31,1,600.0420,1.85,0.0000,1.85,1
600648,外高桥,2012-03-31,1,152.3230,0.15,-126.2100,0.28,1
600649,城投控股,2012-03-31,2,1075.1490,0.47,22.4000,0.46,2
600651,飞乐音响,2012-03-31,2,674.1300,1.09,-1656.8640,3.78,2
600653,申华控股,2012-03-31,2,915.1320,0.52,103.1770,0.46,2
600654,飞乐股份,2012-03-31,1,223.8520,0.30,19.3600,0.27,1
600655,豫园商城,2012-03-31,1,2800.0000,1.95,-344.5100,2.19,1
600657,信达地产,2012-03-31,3,2788.5540,1.83,88.5380,1.77,2
600658,电子城,2012-03-31,3,518.7230,0.89,-119.3290,1.10,3
600660,福耀玻璃,2012-03-31,3,9525.3300,4.76,-300.0000,4.91,3
600662,强生控股,2012-03-31,2,331.1870,0.31,37.3420,0.28,2
600663,陆家嘴,2012-03-31,1,460.0000,0.25,-110.7830,0.31,1
600664,哈药股份,2012-03-31,1,522.9270,0.27,-1465.6360,1.23,2
600665,天地源,2012-03-31,2,2981.0630,4.14,-426.8711,4.73,2
600673,东阳光铝,2012-03-31,4,1541.5510,1.86,-1166.3870,3.27,5
600674,川投能源,2012-03-31,1,429.9890,0.39,-914.0970,1.44,4
600675,中华企业,2012-03-31,3,6046.5100,4.27,-1861.2870,5.59,3
600676,交运股份,2012-03-31,3,501.8072,0.58,97.8152,0.55,2
600682,南京新百,2012-03-31,2,1915.0370,5.34,1161.5230,2.10,1
600683,京投银泰,2012-03-31,4,3233.4580,4.36,1334.6680,2.56,4
600684,珠江实业,2012-03-31,3,863.7570,3.55,321.7300,2.23,1
600685,广船国际,2012-03-31,3,1154.9992,1.80,-912.9118,3.22,3
600686,金龙汽车,2012-03-31,5,5420.1850,12.25,1213.6090,9.50,4
600688,上海石化,2012-03-31,5,10157.0540,1.41,-813.4110,1.52,5
600690,青岛海尔,2012-03-31,6,20408.4400,7.60,-2758.4700,8.63,6
600693,东百集团,2012-03-31,2,1355.8620,3.95,-770.4160,6.20,4
600694,大商股份,2012-03-31,6,5410.8860,18.42,553.2990,16.54,6
600695,大江股份,2012-03-31,1,246.6360,0.36,246.6360,0.00,0
600697,欧亚集团,2012-03-31,7,3465.5370,21.78,202.2160,20.51,7
600702,沱牌舍得,2012-03-31,6,3768.7230,11.17,125.6340,10.80,5
600703,三安光电,2012-03-31,2,3174.5460,2.20,22.5160,2.18,1
600704,物产中大,2012-03-31,4,3110.9980,4.72,1256.7990,2.81,3
600706,曲江文旅,2012-03-31,2,609.0830,6.97,0.0000,6.97,2
600707,*ST彩虹,2012-03-31,1,700.2180,0.95,700.2180,0.00,0
600713,南京医药,2012-03-31,1,199.9980,0.29,-619.9870,1.18,3
600716,凤凰股份,2012-03-31,2,2009.9450,2.71,0.0000,2.71,2
600717,天津港,2012-03-31,4,4443.9770,2.65,-72.5930,2.70,4
600718,东软集团,2012-03-31,2,4033.0300,3.29,2133.0500,1.55,1
600720,祁连山,2012-03-31,4,1694.6010,3.57,47.9310,3.47,3
600723,首商股份,2012-03-31,6,3931.2940,5.97,-953.5020,7.42,7
600724,宁波富达,2012-03-31,3,3448.1700,2.39,-324.3900,2.61,3
600725,云维股份,2012-03-31,2,412.8000,0.67,-710.8380,1.82,3
600729,重庆百货,2012-03-31,6,2802.0000,7.51,311.2650,6.68,6
600734,实达集团,2012-03-31,1,286.8420,0.82,286.8420,0.00,0
600736,苏州高新,2012-03-31,3,3536.1190,3.34,3067.7760,0.44,1
600737,中粮屯河,2012-03-31,5,3645.0160,3.62,1415.1130,2.22,4
600739,辽宁成大,2012-03-31,5,11202.7800,8.21,5622.4600,4.09,3
600741,华域汽车,2012-03-31,6,14900.6300,5.77,-854.8300,6.10,6
600742,一汽富维,2012-03-31,7,2363.6800,11.17,257.2300,9.96,6
600744,华银电力,2012-03-31,1,1399.9900,1.97,-218.3500,2.27,1
600748,上实发展,2012-03-31,1,264.6650,0.24,-2.6920,0.25,2
600749,西藏旅游,2012-03-31,4,1153.4710,6.10,-174.4450,7.02,4
600750,江中药业,2012-03-31,5,3098.2260,9.96,-851.2460,12.69,6
600893,航空动力,2012-03-31,2,1683.6290,1.55,-782.2480,2.26,3
600894,广日股份,2012-03-31,1,2000.0000,2.62,-59.2800,2.70,1
600895,张江高科,2012-03-31,8,11313.4740,7.31,2998.7970,5.37,8
600897,厦门空港,2012-03-31,4,375.8105,1.26,88.5492,0.96,3
600295,鄂尔多斯,2012-03-31,1,549.9890,0.53,-510.5150,1.03,2
600320,振华重工,2012-03-31,1,963.3090,0.22,-1966.3510,0.67,3
000001,平安银行,2012-03-31,4,12531.0200,2.45,2545.4100,1.95,3
000002,万科A,2012-03-31,5,49618.6200,4.51,6850.1900,3.89,4
000004,国农科技,2012-03-31,1,53.2840,0.63,-12.7100,0.79,1
000006,深振业A,2012-03-31,1,361.0470,0.37,-802.3430,1.18,1
000009,中国宝安,2012-03-31,4,4459.7200,4.09,-8227.7700,11.63,7
000012,南玻A,2012-03-31,3,4574.4500,2.20,-538.9500,2.46,3
000014,沙河股份,2012-03-31,2,330.4500,1.64,-184.1300,2.55,2
000016,深康佳A,2012-03-31,2,1661.6350,1.38,-371.1060,1.69,2
000021,长城开发,2012-03-31,5,2833.8580,2.15,-330.5750,2.40,7
000024,招商地产,2012-03-31,7,8806.4800,5.13,1896.5300,4.02,4
000026,飞亚达A,2012-03-31,6,4471.6570,11.38,291.2340,10.64,5
000027,深圳能源,2012-03-31,6,4653.2230,1.76,-1736.5080,2.42,7
000028,国药一致,2012-03-31,8,4984.3980,17.30,-50.5230,17.47,8
000029,深深房A,2012-03-31,1,79.3019,0.08,79.3019,0.00,0
000031,中粮地产,2012-03-31,6,11216.0130,6.18,-3699.4570,8.22,8
000036,华联控股,2012-03-31,1,236.9750,0.21,-63.0180,0.27,1
000039,中集集团,2012-03-31,2,2374.7780,0.89,106.7720,0.85,2
000046,泛海建设,2012-03-31,3,5503.2700,1.21,-3341.6700,1.94,3
000049,德赛电池,2012-03-31,5,578.1147,4.23,30.1968,4.00,5
000050,深天马A,2012-03-31,1,85.1280,0.15,-387.3990,0.82,2
000059,辽通化工,2012-03-31,5,3700.7250,3.08,-698.6810,3.66,6
000060,中金岭南,2012-03-31,5,5828.1810,2.83,-1150.0040,3.38,6
000061,农产品,2012-03-31,2,3618.7600,4.71,-3406.3700,9.14,3
000063,中兴通讯,2012-03-31,3,7181.0500,2.09,2274.7500,1.43,2
000065,北方国际,2012-03-31,2,183.3321,1.13,45.7251,0.85,1
000066,长城电脑,2012-03-31,3,1228.4600,0.93,85.2960,0.86,3
000069,华侨城A,2012-03-31,6,25667.6100,4.59,1974.5500,4.24,6
000078,海王生物,2012-03-31,2,273.5470,0.42,30.8480,0.37,2
000089,深圳机场,2012-03-31,2,3695.8860,2.19,189.5770,2.07,2
000090,深天健,2012-03-31,3,1524.4240,3.34,-25.5660,3.39,3
000099,中信海直,2012-03-31,3,306.7596,0.60,-1205.6032,2.94,2
000153,丰原药业,2012-03-31,1,116.9750,0.45,116.9750,0.00,0
000157,中联重科,2012-03-31,1,6848.8400,0.89,6848.8400,0.00,0
000159,国际实业,2012-03-31,2,176.4905,0.37,19.9057,0.33,2
000301,东方市场,2012-03-31,2,446.8570,0.37,-325.8140,0.63,3
000400,许继电气,2012-03-31,9,5286.1690,13.97,-346.9510,14.89,8
000401,冀东水泥,2012-03-31,6,9674.7600,7.18,1239.8080,6.96,5
000402,金融街,2012-03-31,4,10846.2800,3.58,-1914.2500,4.22,4
000404,华意压缩,2012-03-31,1,300.9850,0.93,0.0000,0.93,1
000407,胜利股份,2012-03-31,3,1937.9820,2.99,1576.8420,0.56,1
000410,沈阳机床,2012-03-31,2,569.8200,1.04,-238.0330,1.48,3
000411,英特集团,2012-03-31,1,130.9900,0.63,130.9900,0.00,0
000413,宝石A,2012-03-31,1,1340.0000,3.50,80.0000,3.29,1
000415,渤海租赁,2012-03-31,5,1994.6660,2.04,752.0920,1.27,4
000417,合肥百货,2012-03-31,7,6112.2690,11.76,-400.7610,12.53,7
000418,小天鹅A,2012-03-31,2,1332.0310,2.11,-2682.3020,6.35,3
000419,通程控股,2012-03-31,1,286.0000,0.63,0.0000,0.63,1
000420,吉林化纤,2012-03-31,1,399.9970,1.06,-500.0010,2.38,2
000422,湖北宜化,2012-03-31,6,3505.3370,5.59,-1339.7120,8.93,6
000423,东阿阿胶,2012-03-31,8,5899.9860,9.02,47.6810,8.95,8
000425,徐工机械,2012-03-31,3,4686.1700,2.27,1262.3560,1.66,3
000426,兴业矿业,2012-03-31,1,550.1780,1.38,550.1780,0.00,0
000428,华天酒店,2012-03-31,1,263.2290,0.37,263.2290,0.00,0
600754,锦江股份,2012-03-31,5,3146.6190,5.22,-371.0970,5.83,6
600755,厦门国贸,2012-03-31,3,2072.3050,1.56,1422.2310,0.49,3
600756,浪潮软件,2012-03-31,2,487.7860,2.62,487.7860,0.00,0
600758,红阳能源,2012-03-31,1,334.7400,1.61,-33.6570,1.77,1
600760,*ST黑豹,2012-03-31,2,599.9910,1.74,99.9910,1.45,1
600761,安徽合力,2012-03-31,6,3968.4220,9.26,-717.1410,10.94,6
600763,通策医疗,2012-03-31,8,3843.2000,23.97,153.6470,23.01,8
600765,中航重机,2012-03-31,5,5694.6960,7.32,726.9400,6.39,5
600770,综艺股份,2012-03-31,5,5791.6770,7.86,-3293.2360,12.34,5
600773,西藏城投,2012-03-31,1,116.1110,0.20,-10.4767,0.22,2
600776,东方通信,2012-03-31,2,3342.8540,2.66,1228.0910,1.68,2
600778,友好集团,2012-03-31,7,5896.3530,18.93,-520.6580,20.60,8
600779,水井坊,2012-03-31,3,918.7150,1.88,-712.4710,3.34,6
600780,通宝能源,2012-03-31,5,7164.3300,6.25,26.0250,6.23,5
600782,新钢股份,2012-03-31,1,348.5300,0.25,62.4280,0.21,1
600783,鲁信创投,2012-03-31,3,342.7316,0.46,-24.8360,0.49,3
600785,新华百货,2012-03-31,7,4599.4730,22.17,85.6960,21.76,7
600787,中储股份,2012-03-31,6,8460.4240,10.07,274.3980,9.74,5
600789,鲁抗医药,2012-03-31,2,213.3238,0.37,24.0440,0.33,2
600790,轻纺城,2012-03-31,3,1415.6640,2.29,1170.7230,0.40,1
600791,京能置业,2012-03-31,1,300.0000,0.66,300.0000,0.00,0
600795,国电电力,2012-03-31,2,26800.9900,1.74,175.4700,1.73,3
600797,浙大网新,2012-03-31,2,441.2240,0.52,49.7430,0.46,2
600798,宁波海运,2012-03-31,1,122.6900,0.14,-198.2160,0.37,2
600801,华新水泥,2012-03-31,2,2058.1650,2.20,-462.2590,2.69,3
600804,鹏博士,2012-03-31,2,4302.1500,3.21,-671.3200,3.72,2
600805,悦达投资,2012-03-31,7,7380.3080,10.41,85.2470,10.29,6
600808,马钢股份,2012-03-31,5,11276.1930,1.46,4606.1330,0.87,3
600809,山西汾酒,2012-03-31,8,3729.1600,8.61,-13.6310,8.65,8
600811,东方集团,2012-03-31,3,3667.2920,2.20,-1845.4000,3.31,5
600812,华北制药,2012-03-31,3,4940.5400,4.80,-207.5660,5.01,3
600814,杭州解百,2012-03-31,3,835.8770,2.69,-178.7850,3.27,4
600815,厦工股份,2012-03-31,3,3837.4350,4.80,-1736.2590,7.15,3
600816,安信信托,2012-03-31,1,500.0000,1.10,-334.8100,1.84,2
600819,耀皮玻璃,2012-03-31,1,800.0000,1.09,-608.2500,1.93,1
600820,隧道股份,2012-03-31,2,337.0600,0.46,337.0600,0.00,0
600822,上海物贸,2012-03-31,1,153.3710,0.31,153.3710,0.00,0
600823,世茂股份,2012-03-31,5,10404.7500,8.89,1944.8200,7.23,5
600824,益民集团,2012-03-31,1,151.9050,0.21,13.1310,0.19,1
600825,新华传媒,2012-03-31,1,300.0000,0.29,-1068.6250,1.31,2
600827,友谊股份,2012-03-31,2,2635.6800,1.53,-3126.7300,3.35,4
600828,成商集团,2012-03-31,7,4840.0690,11.03,-1316.9910,14.03,8
600830,香溢融通,2012-03-31,2,764.7100,1.68,-1438.3630,4.85,3
600831,广电网络,2012-03-31,7,3021.4440,5.36,-2219.9840,9.30,6
600832,东方明珠,2012-03-31,3,3159.2830,0.99,1589.5200,0.49,2
600834,申通地铁,2012-03-31,2,100.0664,0.21,11.2928,0.19,2
600835,上海机电,2012-03-31,4,1915.5000,1.87,-755.0590,2.61,4
600839,四川长虹,2012-03-31,5,11601.4400,2.51,-11476.2100,5.00,7
600844,丹化科技,2012-03-31,3,2658.5460,3.41,219.7860,3.13,3
600845,宝信软件,2012-03-31,1,841.2090,2.47,266.6420,1.69,1
600846,同济科技,2012-03-31,2,261.9120,0.42,261.9120,0.00,0
600847,万里股份,2012-03-31,1,240.0620,2.71,0.0000,2.71,1
601607,上海医药,2012-03-31,2,7189.9560,2.67,3569.9030,1.35,2
600850,华东电脑,2012-03-31,2,987.9340,5.78,436.5147,3.22,3
600858,银座股份,2012-03-31,5,3140.2440,10.87,3.0000,10.86,5
600859,王府井,2012-03-31,8,5223.5020,11.29,1632.3270,7.76,6
600861,北京城乡,2012-03-31,3,1243.4270,3.92,349.9280,2.82,2
600862,南通科技,2012-03-31,1,1584.3300,2.48,1584.3300,0.00,0
600863,内蒙华电,2012-03-31,6,6764.1010,2.62,-41.4890,3.44,5
600865,百大集团,2012-03-31,2,683.1630,1.82,-1112.8270,4.77,2
600866,星湖科技,2012-03-31,1,659.9890,1.20,-249.9940,1.65,2
600867,通化东宝,2012-03-31,2,1637.6610,2.11,-1574.7290,4.14,4
600870,厦华电子,2012-03-31,1,800.0000,2.16,0.0000,2.16,1
600871,仪征化纤,2012-03-31,2,3166.3204,0.79,-87.3696,0.81,1
600872,中炬高新,2012-03-31,2,2597.6900,3.26,747.6790,2.32,3
600874,创业环保,2012-03-31,2,321.2020,0.23,-49.1500,0.26,2
600875,东方电气,2012-03-31,2,1335.3020,0.67,-2083.7210,1.71,4
600879,航天电子,2012-03-31,3,3440.4590,4.24,-19.8860,4.27,3
600880,博瑞传播,2012-03-31,8,8101.3130,12.90,-919.6260,14.37,9
600881,亚泰集团,2012-03-31,5,6213.1900,3.28,776.5050,2.87,4
600883,博闻科技,2012-03-31,1,180.9640,0.77,180.9640,0.00,0
600884,杉杉股份,2012-03-31,3,502.0752,1.22,-326.6428,2.02,3
600886,国投电力,2012-03-31,5,15416.6200,6.57,1535.6700,5.92,5
600887,伊利股份,2012-03-31,4,11295.6000,7.07,-2654.6300,8.73,5
600888,新疆众和,2012-03-31,3,2054.9000,5.00,-849.5120,7.07,4
600889,南京化纤,2012-03-31,2,596.4870,1.94,33.2810,1.83,2
000430,张家界,2012-03-31,8,3097.0990,9.65,-1498.9130,14.33,8
000501,鄂武商A,2012-03-31,3,5210.9300,10.27,1107.8460,8.09,3
000502,绿景控股,2012-03-31,1,162.1050,0.88,162.1050,0.00,0
000503,海虹控股,2012-03-31,5,3923.3250,4.36,57.9480,4.30,5
000510,金路集团,2012-03-31,1,180.6030,0.30,15.6100,0.27,1
000511,银基发展,2012-03-31,2,484.1200,0.42,-1172.9660,1.43,4
000513,丽珠集团,2012-03-31,5,2304.5050,7.79,-370.7500,9.05,5
000514,渝开发,2012-03-31,3,2439.8100,3.50,-11.0430,3.51,3
000516,开元投资,2012-03-31,6,7330.6290,10.28,-323.1880,10.73,6
000517,荣安地产,2012-03-31,1,249.9950,0.24,249.9950,0.00,0
000518,四环生物,2012-03-31,2,539.5060,0.52,539.5060,0.00,0
000519,江南红箭,2012-03-31,1,151.2180,0.79,-395.6470,2.86,3
000523,广州浪奇,2012-03-31,1,387.8010,0.87,-62.8420,1.01,1
000525,红太阳,2012-03-31,3,1873.9240,3.69,-1409.6440,6.47,3
000528,柳工,2012-03-31,5,5880.6700,5.23,1103.6590,4.25,7
000530,大冷股份,2012-03-31,3,2504.7900,7.16,-665.6700,9.06,5
000536,华映科技,2012-03-31,2,2080.1900,2.97,-235.3200,3.31,2
000537,广宇发展,2012-03-31,5,6658.9040,12.99,1360.9540,10.33,4
000538,云南白药,2012-03-31,4,3343.9390,4.82,-674.5080,5.79,5
000539,粤电力A,2012-03-31,3,3959.2900,1.42,164.6000,1.36,3
000540,中天城投,2012-03-31,6,8816.1890,6.89,3031.6390,4.52,6
000541,佛山照明,2012-03-31,2,1511.7120,1.54,-1058.6820,2.63,4
000543,皖能电力,2012-03-31,2,769.9960,1.00,75.4170,0.90,3
000546,光华控股,2012-03-31,1,99.5800,0.59,-192.9386,1.73,3
000547,闽福发A,2012-03-31,2,3920.0300,6.34,9.9900,6.32,2
000550,江铃汽车,2012-03-31,3,3657.1410,4.24,66.0010,4.16,3
000551,创元科技,2012-03-31,1,707.0000,2.65,-809.4690,5.69,3
000554,泰山石油,2012-03-31,1,1978.8400,4.12,115.0100,3.88,1
000558,莱茵置业,2012-03-31,1,1000.0000,1.59,-1594.5080,4.12,2
000559,万向钱潮,2012-03-31,4,4641.1920,2.91,-7483.5090,7.61,5
000560,昆百大A,2012-03-31,2,653.4240,3.97,-354.9300,6.13,3
000561,烽火电子,2012-03-31,2,1172.5990,1.97,29.9900,1.92,2
000562,宏源证券,2012-03-31,7,5252.3020,3.59,1879.7910,2.31,6
000563,陕国投A,2012-03-31,4,1182.5270,3.30,642.5270,1.51,2
000566,海南海药,2012-03-31,8,5540.9060,22.38,-315.4500,23.65,8
000568,泸州老窖,2012-03-31,7,9641.1280,6.91,-1545.6850,8.02,9
000571,新大洲A,2012-03-31,2,385.7080,0.52,186.3510,0.27,1
000581,威孚高科,2012-03-31,5,5430.0920,7.98,-136.0970,9.81,5
000582,北海港,2012-03-31,2,85.4082,0.60,0.0000,0.60,2
000590,紫光古汉,2012-03-31,3,604.3900,2.98,-736.0230,6.60,5
000592,中福实业,2012-03-31,1,960.4750,1.47,-1165.7930,3.26,3
000594,*ST国恒,2012-03-31,1,442.8680,0.30,38.2900,0.27,1
000596,古井贡酒,2012-03-31,4,1058.8500,4.21,-17.8370,4.28,4
000597,东北制药,2012-03-31,2,258.6690,0.77,-1852.0890,6.32,8
000598,兴蓉投资,2012-03-31,5,3323.4210,2.88,116.3990,2.78,6
000599,青岛双星,2012-03-31,1,380.1110,0.72,-245.7450,1.19,2
000600,建投能源,2012-03-31,6,1534.8770,1.68,-234.1450,1.94,6
000601,韶能股份,2012-03-31,1,274.4050,0.30,23.7250,0.27,1
000603,盛达矿业,2012-03-31,2,257.9660,0.51,257.9660,0.00,0
000612,焦作万方,2012-03-31,5,1437.7040,2.99,238.3350,2.50,4
000616,亿城股份,2012-03-31,7,15079.9400,12.65,3554.4710,9.67,6
000617,*ST济柴,2012-03-31,2,402.9495,1.40,73.3985,1.15,1
000620,新华联,2012-03-31,1,94.7500,0.06,94.7500,0.00,0
000623,吉林敖东,2012-03-31,5,3780.6480,5.49,-2704.2320,9.43,6
000625,长安汽车,2012-03-31,4,15371.9900,3.30,542.1600,3.07,4
000626,如意集团,2012-03-31,2,722.5310,3.57,265.4930,2.26,1
000627,天茂集团,2012-03-31,4,2316.3900,1.71,214.5250,1.55,3
000629,攀钢钒钛,2012-03-31,4,14084.9300,2.46,4021.1400,1.76,3
000630,铜陵有色,2012-03-31,5,4990.8440,3.51,-418.2970,3.80,6
000631,顺发恒业,2012-03-31,3,1426.7540,1.36,1426.7540,0.00,0
000635,英力特,2012-03-31,4,704.0260,3.98,-472.6110,6.65,4
000636,风华高科,2012-03-31,1,159.1370,0.24,-558.8160,1.07,3
000639,西王食品,2012-03-31,7,1255.2450,10.00,123.4480,9.01,6
000650,仁和药业,2012-03-31,9,9288.1180,14.74,-1331.9810,16.85,9
000651,格力电器,2012-03-31,2,7723.3200,2.57,-9667.3100,6.17,5
000652,泰达股份,2012-03-31,4,3941.5420,2.67,35.6070,2.65,4
000655,金岭矿业,2012-03-31,1,88.2543,0.15,-934.3467,1.72,4
000656,金科股份,2012-03-31,8,4571.3580,3.95,-787.2060,4.63,8
000659,珠海中富,2012-03-31,2,1113.2420,0.87,-3887.5480,3.89,3
000661,长春高新,2012-03-31,4,1130.8790,8.61,-383.8530,11.53,6
000665,湖北广电,2012-03-31,5,1425.2740,8.03,-370.8050,10.12,5
000666,经纬纺机,2012-03-31,4,1441.9380,2.39,-299.0530,2.88,4
000667,名流置业,2012-03-31,1,1657.8800,0.65,-2931.6100,1.79,2
000669,金鸿能源,2012-03-31,8,1819.4570,19.67,-553.1110,25.65,10
000671,阳光城,2012-03-31,6,4279.2550,7.98,161.1100,7.68,6
000677,恒天海龙,2012-03-31,1,191.5300,0.22,-8.4700,0.23,1
000678,襄阳轴承,2012-03-31,1,59.0500,0.20,-103.9980,0.54,2
000679,大连友谊,2012-03-31,3,1534.0277,4.30,634.0277,2.53,1
000680,山推股份,2012-03-31,5,2755.9600,3.63,-4023.6060,8.93,7
000682,东方电子,2012-03-31,2,512.5750,0.52,247.6520,0.27,1
000683,远兴能源,2012-03-31,1,227.6330,0.30,-272.6800,0.65,2
000686,东北证券,2012-03-31,3,1684.8060,2.64,677.2710,1.58,2
000690,宝新能源,2012-03-31,4,2048.6010,1.19,-488.7480,1.47,5
001696,宗申动力,2012-03-31,1,365.4670,0.31,-401.0420,0.75,1
000697,炼石有色,2012-03-31,2,403.5890,0.84,-276.5420,3.64,2
000698,沈阳化工,2012-03-31,2,1580.9820,2.39,943.2140,0.96,2
000700,模塑科技,2012-03-31,1,787.2020,2.55,-30.0000,2.64,1
000705,浙江震元,2012-03-31,3,730.0100,5.82,-562.5460,10.31,7
000707,双环科技,2012-03-31,1,91.4137,0.20,91.4137,0.00,0
000708,大冶特钢,2012-03-31,4,2379.8970,5.30,-998.6550,7.52,4
000709,河北钢铁,2012-03-31,7,26485.8200,2.49,5574.7500,1.97,7
000710,天兴仪表,2012-03-31,1,49.9971,0.33,49.9971,0.00,0
000712,锦龙股份,2012-03-31,2,633.8900,2.08,45.2930,1.93,1
000713,丰乐种业,2012-03-31,1,53.1661,0.18,-290.8299,1.15,2
000715,中兴商业,2012-03-31,3,907.9270,3.25,-717.6910,5.83,3
000716,南方食品,2012-03-31,3,766.9460,4.30,-433.6090,6.73,5
000717,*ST韶钢,2012-03-31,4,2083.9110,1.25,244.4330,1.10,5
000718,苏宁环球,2012-03-31,5,17691.5700,8.66,-480.3700,8.89,5
000720,新能泰山,2012-03-31,2,1338.5290,1.55,-630.8800,2.28,3
000721,西安饮食,2012-03-31,3,1116.3670,5.60,261.5820,4.28,2
000726,鲁泰A,2012-03-31,4,2009.7670,1.99,935.1750,1.07,3
000727,华东科技,2012-03-31,1,767.7100,2.14,-1484.9550,6.27,3
000728,国元证券,2012-03-31,3,7015.7200,3.57,4104.8870,1.48,2
000729,燕京啤酒,2012-03-31,2,2555.3100,2.03,-280.9250,2.34,2
000731,四川美丰,2012-03-31,3,906.5660,1.80,316.5750,1.17,2
000732,泰禾集团,2012-03-31,3,1241.8580,1.22,1161.8527,0.08,1
000748,长城信息,2012-03-31,1,402.8470,1.07,402.8470,0.00,0
000750,国海证券,2012-03-31,2,199.9920,0.28,-911.4800,1.55,3
000751,*ST锌业,2012-03-31,2,407.2130,0.37,45.9160,0.33,2
000755,山西三维,2012-03-31,2,449.9850,0.96,82.9930,0.78,1
000758,中色股份,2012-03-31,3,1602.1560,2.09,-554.1820,2.81,5
000759,中百集团,2012-03-31,5,9114.2970,13.38,708.6070,12.34,4
000761,本钢板材,2012-03-31,1,5996.6700,1.91,-186.9000,1.97,1
000762,西藏矿业,2012-03-31,3,868.6190,2.74,-322.8180,3.75,4
000767,漳泽电力,2012-03-31,1,196.2250,0.15,52.4610,0.11,1
000768,中航飞机,2012-03-31,6,6150.6930,2.48,-2752.8220,3.59,6
000776,广发证券,2012-03-31,1,928.8450,0.31,22.0550,0.31,1
000777,中核科技,2012-03-31,2,210.8637,0.99,66.0357,0.68,1
000778,新兴铸管,2012-03-31,6,7688.7940,4.01,474.5300,3.76,6
000779,三毛派神,2012-03-31,4,1053.8140,5.65,183.8290,4.67,2
000780,平庄能源,2012-03-31,8,5668.6640,5.59,1306.2840,4.30,8
000783,长江证券,2012-03-31,1,3435.9200,1.45,189.0600,1.37,1
000785,武汉中商,2012-03-31,2,336.6810,1.34,-100.0800,1.74,3
000786,北新建材,2012-03-31,7,6682.7420,11.62,1847.1200,8.41,5
000788,北大医药,2012-03-31,4,2178.1120,3.65,-454.0200,4.42,3
000789,江西水泥,2012-03-31,1,847.0170,2.14,-427.4590,3.22,2
000792,盐湖股份,2012-03-31,2,3813.9900,2.40,187.0690,2.28,2
000793,华闻传媒,2012-03-31,3,2929.4110,2.15,32.3000,2.13,3
000797,中国武夷,2012-03-31,1,337.8000,0.87,-141.1191,1.23,2
000799,酒鬼酒,2012-03-31,6,2216.1720,6.82,76.4580,6.59,6
000800,一汽轿车,2012-03-31,6,9337.0140,5.74,2738.9810,4.05,4
000801,四川九洲,2012-03-31,1,89.2350,0.23,0.0000,0.23,1
000807,云铝股份,2012-03-31,7,3505.4080,2.28,519.8910,1.94,6
000809,铁岭新城,2012-03-31,1,179.5220,0.49,179.5220,0.00,0
000811,烟台冰轮,2012-03-31,7,6230.3070,15.79,-274.4570,16.48,7
000816,江淮动力,2012-03-31,3,5892.7180,5.41,329.0520,5.11,2
000818,方大化工,2012-03-31,1,528.4480,0.78,-271.5490,1.18,1
000822,山东海化,2012-03-31,2,1734.6100,1.94,155.3610,1.76,3
000823,超声电子,2012-03-31,2,236.5821,0.54,-243.6909,1.09,2
000825,太钢不锈,2012-03-31,4,8494.6100,1.49,21.4000,1.49,4
000826,桑德环境,2012-03-31,9,4935.6980,11.89,-92.4100,12.16,9
000829,天音控股,2012-03-31,3,2144.8850,2.27,-320.9830,2.60,4
000833,贵糖股份,2012-03-31,1,76.6810,0.26,-233.4380,1.05,1
000837,秦川发展,2012-03-31,2,1696.9100,4.87,-602.0460,6.59,2
000839,中信国安,2012-03-31,4,4268.3730,2.72,1009.1330,2.08,3
000848,承德露露,2012-03-31,8,4313.3420,11.82,-269.2860,12.56,8
000850,华茂股份,2012-03-31,2,917.8690,0.97,-110.3130,1.09,2
000858,五粮液,2012-03-31,5,10444.9200,2.75,85.6700,2.73,6
000860,顺鑫农业,2012-03-31,6,2140.3060,4.88,395.7230,3.98,5
000861,海印股份,2012-03-31,8,3723.8900,7.57,470.3940,6.61,8
000862,银星能源,2012-03-31,1,82.3388,0.35,82.3388,0.00,0
000868,安凯客车,2012-03-31,2,199.9942,0.57,-44.1033,0.69,2
000869,张裕A,2012-03-31,1,373.9930,0.71,-430.6420,1.53,2
000875,吉电股份,2012-03-31,1,360.0000,0.43,60.0000,0.36,1
000876,新希望,2012-03-31,3,3171.9550,1.83,-403.8080,2.06,4
000877,天山股份,2012-03-31,4,1975.8350,4.04,-985.6130,7.61,6
000878,云南铜业,2012-03-31,6,4313.8330,3.05,4.6230,3.04,6
000880,潍柴重机,2012-03-31,3,842.0552,3.05,-296.6640,4.12,5
000881,大连国际,2012-03-31,1,118.4090,0.38,118.4090,0.00,0
000882,华联股份,2012-03-31,2,2320.0000,2.60,1920.0000,0.45,1
000885,同力水泥,2012-03-31,1,46.0000,0.18,-49.3547,0.38,2
000886,海南高速,2012-03-31,1,234.5360,0.24,20.2850,0.22,1
000887,中鼎股份,2012-03-31,7,7741.8270,12.99,-456.9240,13.76,7
000888,峨眉山A,2012-03-31,8,3832.2320,16.29,-332.0800,17.71,8
000889,茂业物流,2012-03-31,1,364.6700,1.08,-147.9500,1.51,1
000893,东凌粮油,2012-03-31,3,621.2921,2.80,-374.6099,4.49,6
000895,双汇发展,2012-03-31,4,2598.8480,4.29,404.8210,3.62,3
001896,豫能控股,2012-03-31,1,50.4272,0.08,50.4272,0.00,0
000897,津滨发展,2012-03-31,2,677.9810,0.42,76.4490,0.37,2
000898,*ST鞍钢,2012-03-31,4,7796.4700,1.08,2111.6000,0.79,4
000899,赣能股份,2012-03-31,2,169.4299,0.26,81.8568,0.14,1
000900,现代投资,2012-03-31,3,286.0670,0.72,210.3870,0.19,1
000901,航天科技,2012-03-31,2,239.4390,0.96,-380.9480,2.48,3
000903,云内动力,2012-03-31,1,141.2760,0.21,141.2760,0.00,0
000905,厦门港务,2012-03-31,1,78.7107,0.15,78.7107,0.00,0
000906,物产中拓,2012-03-31,3,774.3630,2.34,48.5220,2.20,3
000910,大亚科技,2012-03-31,2,1949.9300,3.70,333.6540,3.06,3
000911,南宁糖业,2012-03-31,4,782.6546,2.73,-647.5516,4.99,6
000912,泸天化,2012-03-31,1,86.7203,0.15,-199.6307,0.49,2
000915,山大华特,2012-03-31,7,2820.3480,15.65,-450.0890,18.14,8
000917,电广传媒,2012-03-31,4,2238.3270,5.51,-88.4440,5.73,6
000918,嘉凯城,2012-03-31,5,4976.9420,2.76,880.3660,2.27,2
000919,金陵药业,2012-03-31,5,1812.2560,3.60,173.7260,3.25,4
000923,河北宣工,2012-03-31,3,973.6660,4.92,-39.5619,5.12,4
000925,众合机电,2012-03-31,3,779.5900,2.59,-735.6231,5.03,5
000926,福星股份,2012-03-31,9,8702.3770,12.22,-1533.5850,14.37,9
000927,一汽夏利,2012-03-31,5,6276.8220,3.93,-2387.5900,5.43,6
000928,中钢吉炭,2012-03-31,1,250.0000,0.88,-55.8050,1.08,1
000930,中粮生化,2012-03-31,4,5760.8130,5.97,-2687.1740,8.76,6
000931,中关村,2012-03-31,1,140.0500,0.21,12.1100,0.19,1
000932,华菱钢铁,2012-03-31,2,12218.1700,4.05,-1762.9300,4.64,3
000933,神火股份,2012-03-31,5,11607.6030,6.91,62.5330,6.87,5
000935,四川双马,2012-03-31,2,578.7950,0.94,578.7950,0.00,0
000936,华西股份,2012-03-31,1,1368.4900,1.83,-231.5100,2.14,1
000937,冀中能源,2012-03-31,8,11170.9540,4.83,394.8320,4.66,8
000939,凯迪电力,2012-03-31,3,5640.0620,5.98,-322.0680,6.32,2
000949,新乡化纤,2012-03-31,1,146.9100,0.18,146.9100,0.00,0
000950,建峰化工,2012-03-31,1,85.4672,0.14,-34.1228,0.20,1
000951,中国重汽,2012-03-31,6,719.6580,1.72,94.1488,1.49,4
000952,广济药业,2012-03-31,1,100.0880,0.40,0.0000,0.40,1
000960,锡业股份,2012-03-31,6,3503.4120,3.86,316.5120,3.52,5
000961,中南建设,2012-03-31,10,12506.5540,10.71,-689.7520,11.30,10
000962,东方钽业,2012-03-31,4,1807.2880,4.10,450.7180,3.08,4
000963,华东医药,2012-03-31,8,5743.3690,13.23,-26.7170,13.29,8
000966,长源电力,2012-03-31,1,660.0000,1.19,-30.0000,1.25,1
000968,煤气化,2012-03-31,4,2363.2850,4.60,-715.1010,5.99,5
000969,安泰科技,2012-03-31,6,3567.9530,4.15,-237.5840,4.43,6
000970,中科三环,2012-03-31,5,4368.9760,8.61,1072.5070,6.49,5
000973,佛塑科技,2012-03-31,5,1653.6510,2.70,-2405.0760,6.63,5
000977,浪潮信息,2012-03-31,2,1102.9410,5.13,1102.9410,0.00,0
000978,桂林旅游,2012-03-31,3,1950.8340,5.42,-737.8450,7.47,3
000979,中弘股份,2012-03-31,1,1346.3400,1.33,557.3940,0.78,1
000983,西山煤电,2012-03-31,4,9504.1000,3.02,766.3400,2.77,4
000987,广州友谊,2012-03-31,6,4489.5260,12.51,-1774.4020,17.45,8
000988,华工科技,2012-03-31,3,2141.7700,4.81,171.3760,4.42,3
000989,九芝堂,2012-03-31,6,2360.7930,7.93,1167.0210,4.01,4
000996,中国中期,2012-03-31,1,144.1790,0.63,0.0000,0.63,1
000997,新大陆,2012-03-31,2,330.8470,0.65,330.8470,0.00,0
000998,隆平高科,2012-03-31,5,2617.7130,9.44,230.4090,8.61,5
000999,华润三九,2012-03-31,7,5982.4090,6.11,863.2810,5.23,7
600537,亿晶光电,2012-03-31,2,596.3880,1.23,-697.8300,2.66,3
600408,安泰集团,2012-03-31,3,627.3760,0.62,253.2330,0.37,2
600521,华海药业,2012-03-31,5,6134.8600,11.39,-1152.5120,13.53,6
600370,三房巷,2012-03-31,1,90.5949,0.28,18.2890,0.23,1
600460,士兰微,2012-03-31,1,600.0010,1.38,-1198.9620,4.14,4
600575,芜湖港,2012-03-31,1,620.0030,0.59,119.9960,0.48,1
600375,华菱星马,2012-03-31,1,246.9440,0.61,0.0000,0.61,1
600502,安徽水利,2012-03-31,5,853.0122,2.55,-1185.8088,6.09,6
600481,双良节能,2012-03-31,1,218.1720,0.27,-1835.2830,2.53,2
600004,白云机场,2012-03-31,3,1001.8090,0.87,487.7320,0.45,2
600570,恒生电子,2012-03-31,7,13544.1800,21.71,7.7500,21.70,7
600392,盛和资源,2012-03-31,9,2094.6070,13.38,-9.6920,13.44,9
600584,长电科技,2012-03-31,6,1782.4360,2.09,565.0150,1.43,5
600251,冠农股份,2012-03-31,4,1970.1740,5.44,-73.7730,5.64,4
600436,片仔癀,2012-03-31,3,572.1110,4.09,112.6240,3.28,3
600409,三友化工,2012-03-31,2,337.5330,0.27,187.5330,0.14,1
600433,冠豪高新,2012-03-31,3,2699.3000,6.35,-219.0500,6.87,3
600031,三一重工,2012-03-31,8,31482.9900,4.15,-371.6100,4.19,8
600435,北方导航,2012-03-31,3,366.0442,0.49,-62.8228,0.58,4
600439,瑞贝卡,2012-03-31,5,3546.9210,4.51,1776.9140,2.25,3
600271,航天信息,2012-03-31,5,7613.8700,8.25,-2001.5200,10.41,5
600423,柳化股份,2012-03-31,2,2087.7580,5.23,899.9780,2.97,1
600475,华光股份,2012-03-31,3,427.9290,1.67,-1027.9360,5.69,3
600425,青松建化,2012-03-31,3,1938.1410,4.05,370.3010,3.28,4
600546,山煤国际,2012-03-31,5,1585.7930,1.60,-318.1380,1.92,6
600485,中创信测,2012-03-31,3,832.8580,6.01,-1472.6150,16.64,5
600020,中原高速,2012-03-31,1,243.5780,0.11,0.0000,0.11,1
600489,中金黄金,2012-03-31,4,3435.8090,1.75,-521.3810,2.02,4
600348,阳泉煤业,2012-03-31,7,7639.8970,3.18,695.6020,2.89,7
600487,亨通光电,2012-03-31,3,512.9250,2.48,-513.2930,4.96,5
600547,山东黄金,2012-03-31,3,2874.5250,2.02,-715.9490,2.52,4
600449,宁夏建材,2012-03-31,4,1029.2194,4.30,-75.6236,4.62,4
600432,吉恩镍业,2012-03-31,3,492.5540,0.61,34.9820,0.56,3
600429,三元股份,2012-03-31,2,398.9170,0.45,-2601.0530,3.39,1
600403,大有能源,2012-03-31,5,2671.3780,3.20,-114.2640,3.34,6
600517,置信电气,2012-03-31,4,4068.2130,6.58,108.9090,6.40,4
600406,国电南瑞,2012-03-31,8,13876.0790,13.21,-268.2860,13.47,8
600469,风神股份,2012-03-31,1,1000.4700,2.67,-1254.9130,6.02,4
600021,上海电力,2012-03-31,2,1509.2020,0.71,297.6610,0.57,3
600184,光电股份,2012-03-31,3,1195.3070,5.71,719.2550,2.27,3
600900,长江电力,2012-03-31,1,4878.1200,0.30,-5353.9500,0.62,2
600527,江南高纤,2012-03-31,5,4678.2160,11.67,933.8440,9.34,4
600545,新疆城建,2012-03-31,3,387.9181,0.57,241.4931,0.22,1
600446,金证股份,2012-03-31,2,460.8780,1.76,-315.7770,2.97,2
600340,华夏幸福,2012-03-31,3,1052.8272,1.79,-327.2728,2.35,3
600540,新赛股份,2012-03-31,2,334.3430,1.10,-1088.2230,4.70,3
600354,敦煌种业,2012-03-31,3,890.6410,4.38,-255.3760,5.63,3
600249,两面针,2012-03-31,1,150.7170,0.33,-281.7940,0.96,1
000100,TCL集团,2012-03-31,5,40743.5100,4.81,16000.9900,2.92,4
600387,海越股份,2012-03-31,2,2005.8080,5.20,-351.9730,6.11,3
600325,华发股份,2012-03-31,4,6437.9620,7.88,368.0920,7.43,5
600452,涪陵电力,2012-03-31,3,371.9880,2.32,-662.8549,6.47,6
600035,楚天高速,2012-03-31,2,2949.9800,3.17,-34.3400,3.20,2
600479,千金药业,2012-03-31,4,2737.8300,8.98,90.7320,8.68,4
600284,浦东建设,2012-03-31,4,4718.6920,11.36,3193.9470,3.68,2
600594,益佰制药,2012-03-31,5,4545.6380,12.60,-346.7950,13.87,5
600543,莫高股份,2012-03-31,1,599.9780,1.87,0.0000,1.87,1
600467,好当家,2012-03-31,9,5702.6400,7.81,2174.5830,4.83,5
002181,粤传媒,2012-03-31,3,749.4840,2.14,-229.5800,2.80,4
600969,郴电国际,2012-03-31,7,2001.6950,9.52,315.4940,8.02,5
600572,康恩贝,2012-03-31,1,182.9900,0.26,182.9900,0.00,0
600976,武汉健民,2012-03-31,6,1837.5210,11.98,-330.4060,14.13,6
600497,驰宏锌锗,2012-03-31,5,2247.9140,1.72,817.1340,1.09,4
600990,四创电子,2012-03-31,3,234.9944,2.00,-713.7946,8.07,3
600993,马应龙,2012-03-31,5,3408.7200,10.28,-1109.6770,13.63,6
600967,北方创业,2012-03-31,7,1921.7430,11.09,36.7030,10.88,7
600963,岳阳林纸,2012-03-31,4,3126.3760,3.71,-262.4440,4.02,5
600495,晋西车轴,2012-03-31,5,2303.6770,7.62,-1875.5820,13.83,6
600997,开滦股份,2012-03-31,5,3116.4540,2.52,126.8240,2.42,5
600995,文山电力,2012-03-31,5,2830.8980,5.92,295.2590,5.30,4
600420,现代制药,2012-03-31,3,1925.5850,6.69,-518.9420,8.50,5
002001,新和成,2012-03-31,7,6111.6490,8.42,-248.7580,8.76,7
002003,伟星股份,2012-03-31,4,1496.9360,5.78,-1235.0790,10.55,6
600962,国投中鲁,2012-03-31,3,769.0021,3.81,-1076.3389,9.15,6
002004,华邦颖泰,2012-03-31,5,1643.7350,9.81,-16.3040,9.91,5
002005,德豪润达,2012-03-31,2,467.6990,0.80,-1710.4400,4.51,3
600143,金发科技,2012-03-31,2,5600.0300,3.40,-5575.9900,8.00,4
002006,精功科技,2012-03-31,4,1629.3850,5.37,164.8510,4.83,3
002007,华兰生物,2012-03-31,4,3533.9480,6.13,-1077.7700,8.00,5
002008,大族激光,2012-03-31,4,4089.6910,3.92,-1329.1260,5.19,5
600022,山东钢铁,2012-03-31,2,1772.4650,0.28,-1238.9750,0.97,1
002009,天奇股份,2012-03-31,2,789.0410,3.57,-436.3170,5.54,4
002010,传化股份,2012-03-31,1,1206.6200,2.47,0.0000,2.47,1
002011,盾安环境,2012-03-31,1,399.9850,0.48,0.0000,0.48,1
002012,凯恩股份,2012-03-31,4,1148.0860,4.91,-518.3590,7.13,5
002013,中航精机,2012-03-31,7,1316.0810,6.06,-1218.3250,11.67,7
002014,永新股份,2012-03-31,3,1767.7770,9.52,253.3480,8.28,4
002016,世荣兆业,2012-03-31,1,249.9900,0.54,-340.0080,1.28,1
002017,东信和平,2012-03-31,4,1317.0568,6.03,85.6162,5.64,5
600482,风帆股份,2012-03-31,3,561.8250,1.22,-182.1370,1.61,4
002020,京新药业,2012-03-31,4,994.7580,7.87,-411.0150,11.13,5
002021,中捷股份,2012-03-31,1,360.8790,0.83,59.9000,0.69,1
002022,科华生物,2012-03-31,3,2680.4270,5.44,-223.1300,5.90,4
002023,海特高新,2012-03-31,7,4156.3570,14.08,-339.1700,15.23,7
002024,苏宁云商,2012-03-31,5,29175.3000,4.17,61.2300,4.16,5
002025,航天电器,2012-03-31,6,2301.5370,6.97,-1715.4300,12.17,8
600983,合肥三洋,2012-03-31,3,377.8660,0.71,29.5789,0.65,3
600973,宝胜股份,2012-03-31,1,352.0880,1.73,-150.7919,2.48,2
002028,思源电气,2012-03-31,6,4608.7200,10.48,-97.5370,10.70,6
002029,七匹狼,2012-03-31,8,5167.5640,18.27,-121.2560,18.70,8
002030,达安基因,2012-03-31,1,288.5280,0.83,-497.4960,2.27,3
002031,巨轮股份,2012-03-31,1,298.7120,0.72,-1.2880,0.75,1
600971,恒源煤电,2012-03-31,2,2514.6490,2.51,209.9910,2.30,2
002032,苏泊尔,2012-03-31,4,2438.5640,4.22,-447.9340,5.00,5
600978,宜华木业,2012-03-31,1,3715.9300,3.22,3715.9300,0.00,0
002033,丽江旅游,2012-03-31,6,1817.8410,11.10,-76.7080,11.57,7
600961,*ST株冶,2012-03-31,2,250.0000,0.47,250.0000,0.00,0
002035,华帝股份,2012-03-31,1,257.4720,1.15,-260.0000,2.32,2
002036,宜科科技,2012-03-31,2,650.0040,3.21,-1424.1580,10.26,6
002037,久联发展,2012-03-31,7,2536.6440,14.66,-303.8320,16.42,6
002038,双鹭药业,2012-03-31,4,1537.1400,4.04,-1751.5440,8.64,5
600027,华电国际,2012-03-31,3,13364.0800,1.97,869.5800,1.85,3
002039,黔源电力,2012-03-31,2,550.0620,2.70,282.6577,1.31,2
002040,南京港,2012-03-31,1,50.1568,0.20,-2.9352,0.22,1
600970,中材国际,2012-03-31,8,7598.2380,8.34,-1827.9140,10.35,9
002041,登海种业,2012-03-31,5,1133.8590,3.22,-1321.4590,6.98,7
002042,华孚色纺,2012-03-31,1,153.3080,0.28,153.3080,0.00,0
002043,兔宝宝,2012-03-31,2,498.4860,2.12,309.1610,0.81,1
002044,江苏三友,2012-03-31,3,797.1000,3.55,-597.1310,6.22,3
002045,国光电器,2012-03-31,4,1961.9690,4.71,-517.4130,5.95,4
002046,轴研科技,2012-03-31,1,137.0840,0.98,99.0841,0.35,1
002047,*ST成霖,2012-03-31,4,711.9350,1.57,711.9350,0.00,0
002048,宁波华翔,2012-03-31,1,464.1380,0.84,-3.7510,0.85,1
002049,同方国芯,2012-03-31,7,1843.3090,13.65,545.8810,9.61,5
601588,北辰实业,2012-03-31,1,761.6710,0.23,761.6710,0.00,0
002594,比亚迪,2012-03-31,8,1530.8930,0.65,141.7250,0.59,6
601633,长城汽车,2012-03-31,3,3275.7820,1.08,1209.4530,0.68,4
601866,中海集运,2012-03-31,6,7929.9740,0.68,5033.0120,0.25,3
601899,紫金矿业,2012-03-31,3,21659.4700,0.99,-3991.5800,1.18,4
002490,山东墨龙,2012-03-31,2,138.7490,0.35,-99.2550,0.60,2
002051,中工国际,2012-03-31,5,2977.7080,6.76,-0.4870,6.76,5
002052,同洲电子,2012-03-31,3,2368.8710,6.94,34.6030,6.84,3
002053,云南盐化,2012-03-31,2,342.2240,1.84,-118.0699,2.48,3
601555,东吴证券,2012-03-31,4,3309.0780,1.65,1988.4220,0.66,2
601901,方正证券,2012-03-31,6,8011.3920,1.31,3144.4620,0.80,3
601688,华泰证券,2012-03-31,4,9597.3700,1.71,5162.9400,0.79,1
601788,光大证券,2012-03-31,1,799.9850,0.23,51.8740,0.22,1
601988,中国银行,2012-03-31,1,5980.2100,0.02,5980.2100,0.00,0
601009,南京银行,2012-03-31,2,5860.4600,1.97,2970.5000,0.97,1
601628,中国人寿,2012-03-31,1,1763.0200,0.06,-1284.3000,0.11,1
601336,新华保险,2012-03-31,10,5286.5760,1.69,724.9770,1.46,10
600018,上港集团,2012-03-31,1,2245.8900,0.10,0.0000,0.10,1
300139,福星晓程,2012-03-31,4,249.3091,4.55,117.4799,2.41,2
300181,佐力药业,2012-03-31,1,77.1732,0.96,-61.0563,1.73,3
002110,三钢闽光,2012-03-31,2,334.4190,0.63,142.9900,0.36,1
002281,光迅科技,2012-03-31,5,870.2120,5.44,-637.3650,9.42,7
300205,天喻信息,2012-03-31,2,72.2987,0.91,-73.4954,1.83,4
601857,中国石油,2012-03-31,4,13849.8800,0.08,2769.6200,0.06,3
002298,鑫龙电器,2012-03-31,2,226.0330,1.37,-1014.1410,7.52,6
002106,莱宝高科,2012-03-31,5,5069.0930,8.44,-2258.4310,12.20,6
601600,中国铝业,2012-03-31,1,2794.4100,0.21,-130.1100,0.22,1
300077,国民技术,2012-03-31,2,460.4310,1.69,-204.5350,2.44,4
002626,金达威,2012-03-31,3,157.5554,1.75,157.5554,0.00,0
601088,中国神华,2012-03-31,6,13918.2700,0.70,-203.6900,0.71,6
002060,粤水电,2012-03-31,3,1110.4270,2.65,-867.3580,4.73,5
300105,龙源技术,2012-03-31,8,1075.6057,6.79,-284.8317,8.59,8
002306,湘鄂情,2012-03-31,3,719.7250,3.60,177.0190,2.71,2
300026,红日药业,2012-03-31,10,1450.3370,9.60,-191.6062,10.87,10
601333,广深铁路,2012-03-31,6,34721.3000,4.90,2166.5500,4.60,6
002187,广百股份,2012-03-31,1,150.0000,0.53,-409.9920,1.96,2
002230,科大讯飞,2012-03-31,5,2474.6230,9.82,-1038.0740,13.93,6
002167,东方锆业,2012-03-31,4,1801.8200,8.71,526.8850,6.16,3
601107,四川成渝,2012-03-31,1,192.3580,0.06,-355.4440,0.18,2
002088,鲁阳股份,2012-03-31,2,708.7560,3.03,46.9570,2.83,2
002643,烟台万润,2012-03-31,5,363.1295,2.63,248.0896,0.83,2
601126,四方股份,2012-03-31,3,1441.6200,3.54,558.7760,2.17,3
002267,陕天然气,2012-03-31,1,149.9820,0.29,-301.3150,0.89,2
002153,石基信息,2012-03-31,6,3961.0510,12.81,-111.3710,13.17,6
002275,桂林三金,2012-03-31,1,300.0000,0.51,-64.6840,0.62,1
002331,皖通科技,2012-03-31,1,112.8690,0.84,-2.0000,0.86,1
300269,联建光电,2012-03-31,1,72.9803,0.99,72.9803,0.00,0
002063,远光软件,2012-03-31,6,6136.5720,18.05,1593.4700,13.47,5
002205,国统股份,2012-03-31,1,330.9110,2.85,8.1330,2.78,1
002056,横店东磁,2012-03-31,8,1844.4080,4.49,-45.6940,4.44,7
002116,中国海诚,2012-03-31,1,20.0000,0.18,-23.1308,0.38,2
002457,青龙管业,2012-03-31,5,1566.1020,7.01,176.8830,6.22,4
002186,全聚德,2012-03-31,1,59.8530,0.42,59.8530,0.00,0
002338,奥普光电,2012-03-31,5,615.7103,7.70,20.8401,7.44,5
002570,贝因美,2012-03-31,4,163.6001,0.38,54.3368,0.26,3
002185,华天科技,2012-03-31,5,952.2410,2.34,-1279.8670,5.50,3
002600,江粉磁材,2012-03-31,1,486.4790,1.53,486.4790,0.00,0
002343,禾欣股份,2012-03-31,1,150.9880,0.76,40.0000,0.56,1
002320,海峡股份,2012-03-31,3,840.8930,2.57,137.5740,2.15,2
002195,海隆软件,2012-03-31,4,455.3358,4.00,-11.6181,4.17,4
002206,海利得,2012-03-31,2,1481.2500,3.31,165.5010,2.94,4
002059,云南旅游,2012-03-31,1,83.1661,0.39,-71.6529,0.72,1
002370,亚太药业,2012-03-31,1,33.7227,0.17,33.7227,0.00,0
601158,重庆水务,2012-03-31,4,1508.9850,0.31,-731.6370,0.47,5
601168,西部矿业,2012-03-31,3,6231.8800,2.62,-115.8400,2.66,3
000338,潍柴动力,2012-03-31,4,4935.0130,2.96,-1882.0970,4.09,6
002337,赛象科技,2012-03-31,1,100.0000,0.52,-47.6200,0.77,1
002261,拓维信息,2012-03-31,4,1656.1580,7.60,-634.4970,10.51,5
002140,东华科技,2012-03-31,6,3652.8730,8.19,416.1130,7.26,6
002080,中材科技,2012-03-31,4,585.6150,1.46,-574.3160,2.90,4
002061,江山化工,2012-03-31,2,160.4842,1.15,-158.4478,2.28,2
601919,*ST远洋,2012-03-31,1,6523.3300,0.64,4282.4000,0.22,1
300034,钢研高纳,2012-03-31,1,100.0100,0.47,-250.7240,1.65,2
002217,联合化工,2012-03-31,1,239.5840,1.07,239.5840,0.00,0
601808,中海油服,2012-03-31,1,519.5510,0.12,-1032.2930,0.35,3
002448,中原内配,2012-03-31,3,460.5606,4.98,152.3686,3.33,2
002534,杭锅股份,2012-03-31,4,741.4510,1.85,-319.6600,2.65,6
002358,森源电气,2012-03-31,4,1329.7151,7.73,-25.2293,7.88,5
002347,泰尔重工,2012-03-31,1,23.8000,0.23,23.8000,0.00,0
002430,杭氧股份,2012-03-31,6,4172.7390,6.94,-461.6690,7.70,6
002405,四维图新,2012-03-31,3,2360.4330,4.91,152.3810,4.60,3
002176,江特电机,2012-03-31,2,344.2930,1.62,-1188.3150,7.22,7
601001,大同煤业,2012-03-31,4,2165.0590,1.29,1034.3360,0.68,2
002316,键桥通讯,2012-03-31,1,91.0898,0.42,91.0898,0.00,0
002202,金风科技,2012-03-31,2,3772.6600,1.40,268.4700,1.30,2
002054,德美化工,2012-03-31,2,938.0540,3.01,-161.7510,3.52,2
002055,得润电子,2012-03-31,3,1361.7880,6.64,-1456.0680,13.73,7
002146,荣盛发展,2012-03-31,6,9599.5200,5.15,-2670.1700,6.58,6
002065,东华软件,2012-03-31,3,4884.5300,9.20,937.2760,7.44,3
002057,中钢天源,2012-03-31,1,180.0000,2.14,-72.0000,3.00,1
600048,保利地产,2012-03-31,3,11202.3500,1.88,-1482.5300,2.13,2
601699,潞安环能,2012-03-31,5,14075.9500,6.12,-548.7120,6.36,5
002082,栋梁新材,2012-03-31,1,733.1350,3.08,-155.0000,3.73,2
002089,新海宜,2012-03-31,5,4368.2030,12.38,576.0200,10.75,5
601010,文峰股份,2012-03-31,8,2939.4990,5.96,-1272.7950,8.55,10
002240,威华股份,2012-03-31,1,107.9390,0.22,-0.6900,0.22,1
002234,民和股份,2012-03-31,1,97.9960,0.65,97.9960,0.00,0
002078,太阳纸业,2012-03-31,3,1706.1340,1.70,-57.7440,1.76,3
002091,江苏国泰,2012-03-31,4,864.5740,2.40,-2204.9210,8.53,5
601008,连云港,2012-03-31,1,966.5120,1.55,0.0000,1.55,1
002096,南岭民爆,2012-03-31,2,521.5270,3.94,-718.3760,9.38,7
002064,华峰氨纶,2012-03-31,1,371.5110,0.50,-46.8280,0.57,1
002070,众和股份,2012-03-31,3,949.5940,2.53,56.9180,2.37,3
002073,软控股份,2012-03-31,7,8364.3460,11.27,-236.5940,11.59,7
002208,合肥城建,2012-03-31,2,289.9930,0.91,289.9930,0.00,0
002079,苏州固锝,2012-03-31,1,246.1790,0.61,-1324.3600,3.91,3
601666,平煤股份,2012-03-31,2,1644.0060,0.70,2.4520,0.70,3
002071,江苏宏宝,2012-03-31,1,94.9960,0.52,0.0000,0.52,1
002068,黑猫股份,2012-03-31,3,1369.9880,2.86,1202.1990,0.35,1
300024,机器人,2012-03-31,3,1093.2250,3.67,157.5330,3.14,2
002308,威创股份,2012-03-31,4,1498.7360,2.34,-209.9650,2.66,5
002396,星网锐捷,2012-03-31,5,1351.6720,3.85,-143.1190,4.26,4
002362,汉王科技,2012-03-31,3,116.4181,0.54,32.7198,0.39,1
601898,中煤能源,2012-03-31,2,2797.0000,0.21,-2320.9500,0.39,4
002069,獐子岛,2012-03-31,2,1162.2030,1.63,-647.2160,2.54,4
601918,国投新集,2012-03-31,2,2463.2150,1.33,-739.7350,1.73,2
002461,珠江啤酒,2012-03-31,2,71.2832,0.10,71.2832,0.00,0
002081,金螳螂,2012-03-31,7,4971.1580,9.59,159.6380,9.28,6
002084,海鸥卫浴,2012-03-31,4,1253.9740,3.74,1013.9750,0.72,1
002168,深圳惠程,2012-03-31,1,440.0000,0.70,188.2680,0.40,1
002154,报喜鸟,2012-03-31,5,5475.5670,9.22,-1590.3570,12.03,6
002086,东方海洋,2012-03-31,4,1679.5870,6.89,-1958.1540,14.92,7
600017,日照港,2012-03-31,1,6231.4600,2.37,0.0000,2.37,1
300049,福瑞股份,2012-03-31,2,363.5910,2.91,-123.5800,3.90,2
601800,中国交建,2012-03-31,5,4638.5000,0.29,4638.5000,0.00,0
002386,天原集团,2012-03-31,2,720.0890,1.50,-100.0220,1.71,3
002092,中泰化学,2012-03-31,3,3374.5040,2.92,1182.8940,1.90,2
002094,青岛金王,2012-03-31,1,140.0020,0.43,-3975.5400,12.78,4
002350,北京科锐,2012-03-31,5,616.9843,4.81,-268.8303,6.90,6
002083,孚日股份,2012-03-31,3,1669.6420,1.78,-318.4290,2.12,3
002097,山河智能,2012-03-31,1,268.7840,0.64,34.2150,0.56,1
002093,国脉科技,2012-03-31,2,3504.4400,4.05,-1814.7960,6.15,4
002099,海翔药业,2012-03-31,6,2670.8460,16.54,-42.7000,16.81,6
002100,天康生物,2012-03-31,3,608.5750,2.06,-2.7610,2.07,2
601101,昊华能源,2012-03-31,4,1294.5280,1.29,-215.5190,1.51,5
601908,京运通,2012-03-31,1,21.6307,0.05,-36.5105,0.14,2
002104,恒宝股份,2012-03-31,2,432.0530,0.98,-439.3260,1.98,3
002108,沧州明珠,2012-03-31,4,815.2420,2.70,-481.9930,4.30,4
002109,兴化股份,2012-03-31,2,640.1530,1.79,482.3830,0.44,1
601002,晋亿实业,2012-03-31,3,573.0100,0.78,-5285.4349,7.93,5
002111,威海广泰,2012-03-31,1,79.7400,0.26,-99.9905,0.58,2
002115,三维通信,2012-03-31,3,1525.9420,6.69,-336.4370,8.16,5
002250,联化科技,2012-03-31,6,5733.4700,14.44,264.7380,13.78,6
002216,三全食品,2012-03-31,2,607.8570,3.02,2.0700,3.01,1
002349,精华制药,2012-03-31,5,482.8782,4.83,-69.8868,5.53,5
002124,天邦股份,2012-03-31,1,335.4730,1.63,-170.0000,2.46,2
601003,柳钢股份,2012-03-31,2,4099.7310,1.60,75.4310,1.57,1
002123,荣信股份,2012-03-31,7,8646.1790,17.16,18.2720,17.12,7
002122,天马股份,2012-03-31,3,2696.0180,2.27,41.4410,2.23,3
002126,银轮股份,2012-03-31,1,564.5210,3.55,32.5820,3.35,2
002129,中环股份,2012-03-31,3,3210.7070,4.43,1165.4340,2.82,3
002127,新民科技,2012-03-31,1,65.6200,0.15,-234.3800,0.67,1
002131,利欧股份,2012-03-31,2,1116.8530,3.49,228.2270,2.95,3
002232,启明信息,2012-03-31,1,151.4850,0.37,-31.5120,0.45,1
601118,海南橡胶,2012-03-31,3,1848.4910,0.47,-471.5990,0.59,4
002133,广宇集团,2012-03-31,2,1531.4800,3.07,1531.4800,0.00,0
601958,金钼股份,2012-03-31,4,2366.0300,0.73,-169.1300,0.79,4
002128,露天煤业,2012-03-31,3,1285.5130,0.97,445.1590,0.63,2
300016,北陆药业,2012-03-31,2,123.5138,0.81,41.4588,0.54,1
002138,顺络电子,2012-03-31,1,320.2510,1.51,-499.7130,3.86,2
300295,三六五网,2012-03-31,1,29.9910,0.56,29.9910,0.00,0
601028,玉龙股份,2012-03-31,4,777.8359,2.45,777.8359,0.00,0
002371,七星电子,2012-03-31,6,1497.2749,9.84,587.1668,10.77,7
002159,三特索道,2012-03-31,5,2121.8290,17.68,477.0890,13.71,4
002148,北纬通信,2012-03-31,2,488.3968,4.31,-27.3932,4.55,3
002152,广电运通,2012-03-31,6,3665.5400,8.24,-1077.9140,10.66,6
002296,辉煌科技,2012-03-31,7,1295.5850,7.29,-293.5708,8.94,7
002149,西部材料,2012-03-31,2,484.3620,2.77,223.6360,1.49,1
002157,正邦科技,2012-03-31,3,4309.3300,10.00,-1625.2980,13.77,5
002151,北斗星通,2012-03-31,1,317.4150,2.10,-18.6172,2.22,3
002156,通富微电,2012-03-31,6,2917.7940,4.49,865.5180,3.16,2
002155,辰州矿业,2012-03-31,6,2400.9950,4.39,-112.1820,4.59,5
002254,泰和新材,2012-03-31,7,2885.1360,7.37,203.7030,6.85,6
002161,远望谷,2012-03-31,6,1793.9010,4.85,-1010.3180,7.58,6
002162,*ST上控,2012-03-31,1,310.0000,0.74,257.1740,0.13,1
002169,智光电气,2012-03-31,1,168.6300,0.63,-1053.0230,4.58,2
002165,红宝丽,2012-03-31,1,336.9810,1.26,-6.2230,1.28,1
002173,千足珍珠,2012-03-31,1,60.0000,0.30,0.0000,0.30,1
002328,新朋股份,2012-03-31,1,301.5380,1.01,-359.8840,2.20,2
002179,中航光电,2012-03-31,5,4114.3110,10.24,419.5010,9.20,6
002177,御银股份,2012-03-31,6,3403.7350,9.88,-1239.0020,13.48,7
002288,超华科技,2012-03-31,2,401.8310,1.52,283.0760,0.72,1
002183,怡亚通,2012-03-31,4,1104.9270,1.32,413.9050,0.83,2
002304,洋河股份,2012-03-31,3,1439.7470,1.60,269.8190,1.30,2
300161,华中数控,2012-03-31,1,147.9770,1.37,0.0000,1.37,1
601390,中国中铁,2012-03-31,3,7966.0500,0.37,160.1900,0.37,2
002191,劲嘉股份,2012-03-31,1,201.1910,0.31,-27.7730,0.36,1
002190,成飞集成,2012-03-31,1,47.4920,0.18,-54.6769,0.38,2
002194,武汉凡谷,2012-03-31,2,99.4377,0.18,-966.5778,1.92,3
300213,佳讯飞鸿,2012-03-31,1,189.4550,2.26,-41.1739,2.75,3
002197,证通电子,2012-03-31,1,226.7480,1.08,-1.6030,1.09,1
002436,兴森科技,2012-03-31,3,1103.7520,4.94,46.5730,4.73,3
002583,海能达,2012-03-31,6,1127.7860,4.06,-1590.5610,9.78,10
002210,飞马国际,2012-03-31,2,642.1794,2.10,218.1754,1.39,1
601999,出版传媒,2012-03-31,1,48.9985,0.09,4.2350,0.08,1
002454,松芝股份,2012-03-31,2,339.2990,1.09,144.4370,0.62,1
601139,深圳燃气,2012-03-31,2,397.9210,0.30,-387.5030,0.59,3
002209,达意隆,2012-03-31,2,1112.6570,5.70,29.4360,5.55,4
601238,广汽集团,2012-03-31,1,2122.6900,0.33,2122.6900,0.00,0
002391,长青股份,2012-03-31,1,41.5251,0.20,-91.9320,0.65,2
002397,梦洁家纺,2012-03-31,6,1481.8283,9.80,-742.5027,14.71,8
002213,特尔佳,2012-03-31,1,173.1230,0.84,173.1230,0.00,0
601558,华锐风电,2012-03-31,3,422.0396,0.21,202.0486,0.11,1
002212,南洋股份,2012-03-31,1,95.2699,0.19,95.2699,0.00,0
002215,诺普信,2012-03-31,2,1290.7330,3.65,-644.8920,5.47,2
300229,拓尔思,2012-03-31,5,779.3560,6.49,84.4528,5.79,5
002214,大立科技,2012-03-31,2,204.2973,2.04,-630.1790,8.34,4
002226,江南化工,2012-03-31,8,2556.9750,6.46,1058.2080,3.79,6
601766,中国南车,2012-03-31,5,44144.4400,3.20,-10461.0000,4.61,6
002221,东华能源,2012-03-31,4,1202.8190,5.35,-347.6190,6.89,4
002364,中恒电气,2012-03-31,1,120.1340,1.20,120.1340,0.00,0
002219,独一味,2012-03-31,2,1149.9950,3.08,-24.7100,3.14,2
601186,中国铁建,2012-03-31,3,6951.0800,0.56,313.0100,0.54,2
002273,水晶光电,2012-03-31,6,1228.8400,9.84,-224.1890,11.64,4
002297,博云新材,2012-03-31,1,175.1740,0.82,-370.4811,2.55,3
002223,鱼跃医疗,2012-03-31,7,2726.7230,6.67,-215.9770,7.20,7
002225,濮耐股份,2012-03-31,1,66.1175,0.09,-38.3241,0.14,2
002228,合兴包装,2012-03-31,2,811.7340,2.34,-388.2510,3.45,3
002244,滨江集团,2012-03-31,4,3489.8720,2.58,-777.5830,3.16,5
002647,宏磊股份,2012-03-31,1,80.4890,0.48,80.4890,0.00,0
002237,恒邦股份,2012-03-31,2,95.2007,0.42,-0.2787,0.42,2
002235,安妮股份,2012-03-31,4,1357.1100,6.96,251.3579,5.67,4
002249,大洋电机,2012-03-31,3,3302.2080,6.92,-1330.6140,9.71,4
002233,塔牌集团,2012-03-31,4,1445.1800,1.62,298.8390,1.28,3
002243,通产丽星,2012-03-31,3,2346.4340,9.09,-507.1380,11.06,4
002236,大华股份,2012-03-31,7,2847.1390,10.20,-631.1220,12.46,8
002252,上海莱士,2012-03-31,1,80.0143,0.29,-89.6000,0.62,2
002238,天威视讯,2012-03-31,5,1804.4070,5.63,-352.8000,6.73,5
002239,金飞达,2012-03-31,1,48.4909,0.24,48.4909,0.00,0
002372,伟星新材,2012-03-31,5,990.9104,3.91,-120.0412,4.38,7
002245,澳洋顺昌,2012-03-31,1,99.9922,0.27,99.9922,0.00,0
002241,歌尔声学,2012-03-31,6,5702.8390,7.59,228.4580,7.28,6
002242,九阳股份,2012-03-31,3,998.2600,1.31,-40.2310,1.36,3
601777,力帆股份,2012-03-31,3,340.9037,0.36,35.6827,0.32,2
002251,步步高,2012-03-31,5,1691.9120,6.26,207.2990,5.49,4
002450,康得新,2012-03-31,3,5146.0500,9.95,1716.1600,10.61,3
002255,海陆重工,2012-03-31,3,882.3840,6.83,-173.2440,8.18,4
002262,恩华药业,2012-03-31,2,672.3440,2.87,396.6720,1.18,1
601268,*ST二重,2012-03-31,5,1228.4510,0.73,-593.4330,1.08,6
002264,新华都,2012-03-31,1,460.0000,1.29,-260.0000,2.02,1
002419,天虹商场,2012-03-31,8,2511.9050,3.14,31.8840,3.10,7
300028,金亚科技,2012-03-31,1,54.6035,0.21,10.7803,0.17,1
002322,理工监测,2012-03-31,1,40.0000,0.60,-254.1706,4.41,4
601216,内蒙君正,2012-03-31,1,876.0050,1.37,805.9721,0.14,1
002342,巨力索具,2012-03-31,1,85.4000,0.09,85.4000,0.00,0
300054,鼎龙股份,2012-03-31,4,539.2173,5.99,-118.8498,7.31,5
601668,中国建筑,2012-03-31,3,62053.7000,2.07,-597.2000,2.09,3
002271,东方雨虹,2012-03-31,3,946.0000,2.75,946.0000,0.00,0
002268,卫士通,2012-03-31,1,133.0000,0.77,-72.4680,1.19,2
002269,美邦服饰,2012-03-31,6,3968.3520,3.95,-561.3420,4.51,7
300079,数码视讯,2012-03-31,5,1552.2530,6.93,-212.4360,7.88,4
002601,佰利联,2012-03-31,1,12.5000,0.13,12.5000,0.00,0
300115,长盈精密,2012-03-31,3,1000.7320,5.82,-554.7710,9.04,6
002266,浙富股份,2012-03-31,8,4581.8610,15.31,-1219.2440,19.38,9
300015,爱尔眼科,2012-03-31,7,2485.3040,5.82,-19.8630,5.86,8
002299,圣农发展,2012-03-31,6,5818.8020,6.39,-906.4220,7.38,7
002344,海宁皮城,2012-03-31,7,4391.8270,7.84,-488.5570,8.71,8
002636,金安国纪,2012-03-31,1,148.9990,0.53,148.9990,0.00,0
002284,亚太股份,2012-03-31,1,76.8655,0.27,-123.6955,0.70,1
002283,天润曲轴,2012-03-31,4,3544.6880,6.34,-1021.8000,8.16,5
300036,超图软件,2012-03-31,5,1488.4010,12.40,222.7850,10.55,4
002277,友阿股份,2012-03-31,5,3221.7090,9.23,-882.4360,11.75,7
300002,神州泰岳,2012-03-31,2,92.1718,0.24,-114.8278,0.55,2
002438,江苏神通,2012-03-31,2,58.2281,0.56,-86.1652,1.39,4
601233,桐昆股份,2012-03-31,4,527.2241,0.55,-507.8479,1.07,5
002278,神开股份,2012-03-31,1,123.2440,0.47,-1052.5570,4.50,2
002285,世联地产,2012-03-31,7,2302.6740,7.05,-504.1160,8.60,7
002286,保龄宝,2012-03-31,1,27.1413,0.26,2.9015,0.23,1
300070,碧水源,2012-03-31,10,3082.9460,9.53,-120.4540,9.91,9
002291,星期六,2012-03-31,3,1762.7500,4.85,-63.6760,5.03,3
002292,奥飞动漫,2012-03-31,5,2184.2994,5.33,1.8764,5.33,6
002293,罗莱家纺,2012-03-31,8,1333.1488,9.50,-23.7772,9.67,7
002294,信立泰,2012-03-31,6,960.6110,2.64,26.7990,2.57,6
300065,海兰信,2012-03-31,1,53.5196,0.97,-232.7406,5.17,4
601299,中国北车,2012-03-31,7,33325.7000,3.23,-7005.5100,4.86,7
601117,中国化学,2012-03-31,7,23414.0000,4.75,-760.6400,4.90,7
002642,荣之联,2012-03-31,1,56.9517,0.57,56.9517,0.00,0
300072,三聚环保,2012-03-31,3,1680.7130,8.64,286.0690,7.17,3
601618,中国中冶,2012-03-31,4,10369.6100,0.54,1689.1600,0.45,3
601798,蓝科高新,2012-03-31,2,377.2070,1.18,-465.6321,2.63,5
002556,辉隆股份,2012-03-31,2,735.0580,3.07,124.3784,2.55,4
002431,棕榈园林,2012-03-31,2,965.1000,2.51,-793.7910,4.58,4
300075,数字政通,2012-03-31,8,735.6535,8.76,-45.9530,9.30,8
002412,汉森制药,2012-03-31,1,20.0000,0.14,20.0000,0.00,0
300171,东富龙,2012-03-31,8,1329.1358,8.31,-66.3200,8.72,7
002422,科伦药业,2012-03-31,4,3529.1550,7.35,-63.1250,7.48,4
300058,蓝色光标,2012-03-31,5,1656.6930,9.20,-412.3440,11.49,6
300285,国瓷材料,2012-03-31,6,145.8871,2.34,145.8871,0.00,0
002582,好想你,2012-03-31,5,188.5099,2.55,-573.5354,10.33,8
002415,海康威视,2012-03-31,6,3761.1410,3.76,797.4110,2.96,6
601996,丰林集团,2012-03-31,3,251.5177,1.07,-270.5005,2.23,6
601888,中国国旅,2012-03-31,7,4057.8060,4.61,-938.3630,5.68,8
002301,齐心文具,2012-03-31,2,100.5456,0.52,4.5143,0.50,1
601989,中国重工,2012-03-31,3,20038.0500,1.37,-10537.1200,2.08,5
002315,焦点科技,2012-03-31,3,149.1416,1.27,0.9648,1.26,2
002303,美盈森,2012-03-31,4,881.9804,4.93,-167.4776,5.87,6
300264,佳创视讯,2012-03-31,2,154.5410,1.52,-66.4000,2.17,3
300021,大禹节水,2012-03-31,4,604.2971,2.17,-1079.7503,6.04,7
300012,华测检测,2012-03-31,6,1071.7621,5.83,-210.8519,6.97,7
300007,汉威电子,2012-03-31,1,139.0000,1.18,-167.1760,2.59,2
300023,宝德股份,2012-03-31,1,20.0000,0.22,0.0000,0.22,1
300044,赛为智能,2012-03-31,3,697.1592,6.97,-33.9667,7.31,4
300047,天源迪科,2012-03-31,2,249.9902,1.59,99.9822,0.96,1
300032,金龙机电,2012-03-31,1,44.9991,0.32,9.0512,0.25,1
300033,同花顺,2012-03-31,1,50.0000,0.37,-28.2388,0.58,1
300037,新宙邦,2012-03-31,5,203.0368,1.90,-257.1987,4.30,7
300031,宝通带业,2012-03-31,3,256.1900,2.56,-391.4738,6.48,6
300071,华谊嘉信,2012-03-31,1,23.9990,0.23,0.0000,0.23,1
300005,探路者,2012-03-31,7,3634.7960,13.56,117.0670,13.13,7
300027,华谊兄弟,2012-03-31,7,5729.2140,9.47,-324.5240,10.01,8
300003,乐普医疗,2012-03-31,1,170.1510,0.21,-99.8420,0.33,1
300010,立思辰,2012-03-31,5,2653.9310,11.22,-286.4530,12.43,5
300117,嘉寓股份,2012-03-31,3,1049.1530,4.83,-271.9560,6.08,3
300006,莱美药业,2012-03-31,7,2083.0480,11.38,-380.9850,13.46,9
300053,欧比特,2012-03-31,2,307.4020,1.54,-154.5720,2.31,3
300035,中科电气,2012-03-31,1,340.7150,2.84,-1.4540,2.85,2
300041,回天胶业,2012-03-31,5,755.5130,7.15,-18.3488,7.33,5
002591,恒大高新,2012-03-31,1,33.3056,0.42,-66.2539,1.24,2
300087,荃银高科,2012-03-31,2,159.4667,1.51,-816.3764,9.24,6
300142,沃森生物,2012-03-31,2,329.0426,2.19,-62.0099,2.61,2
002310,东方园林,2012-03-31,10,1477.2291,9.83,8.4811,9.78,9
002309,中利科技,2012-03-31,2,1044.5010,4.35,-498.3200,6.42,5
002311,海大集团,2012-03-31,6,4846.2420,8.32,-257.7930,8.76,5
002312,三泰电子,2012-03-31,1,240.7080,1.36,103.9210,0.77,1
002313,日海通讯,2012-03-31,6,647.6261,6.48,-278.3882,9.26,7
002400,省广股份,2012-03-31,8,2158.9370,14.56,-286.2912,16.49,9
601799,星宇股份,2012-03-31,9,1774.2640,7.41,5.5830,7.47,9
002327,富安娜,2012-03-31,4,942.6610,7.04,-324.8995,9.47,7
002318,久立特材,2012-03-31,1,79.9764,0.38,-74.4634,0.74,2
002317,众生药业,2012-03-31,6,863.0579,4.79,151.9566,3.95,6
002474,榕基软件,2012-03-31,8,893.9416,8.62,-373.6395,12.22,10
002325,洪涛股份,2012-03-31,8,2950.1830,12.81,-321.4010,14.21,9
300004,南风股份,2012-03-31,5,1554.4910,8.27,-91.9640,8.76,6
601179,中国西电,2012-03-31,2,4359.3800,1.00,2252.5600,0.48,1
300013,新宁物流,2012-03-31,1,217.9940,2.42,217.9940,0.00,0
300014,亿纬锂能,2012-03-31,2,101.5977,0.51,-8.3937,0.56,2
601801,皖新传媒,2012-03-31,1,88.8429,0.10,-453.0981,0.60,1
601877,正泰电器,2012-03-31,2,2864.2370,2.85,401.6970,2.45,2
300017,网宿科技,2012-03-31,3,674.8940,4.38,336.6410,2.19,2
300020,银江股份,2012-03-31,6,1748.9090,7.29,-1364.6950,12.97,9
300025,华星创业,2012-03-31,9,1495.6209,12.46,-618.6361,17.62,9
002385,大北农,2012-03-31,6,2051.0310,5.12,-125.1790,5.43,6
002326,永太科技,2012-03-31,3,199.8573,0.83,-795.6167,4.14,4
002329,皇氏乳业,2012-03-31,2,453.8100,2.12,-228.7470,3.19,3
002334,英威腾,2012-03-31,6,263.2866,2.17,-185.6353,3.69,6
002335,科华恒盛,2012-03-31,2,210.3267,1.31,-26.6409,1.48,2
002340,格林美,2012-03-31,3,379.5118,1.31,-134.4152,1.77,3
002341,新纶科技,2012-03-31,4,876.6608,5.99,-929.8700,12.34,8
002538,司尔特,2012-03-31,1,47.9387,0.32,-58.1830,0.72,2
002345,潮宏基,2012-03-31,6,1355.4570,7.53,362.7100,5.52,4
601258,庞大集团,2012-03-31,4,1453.7790,0.55,196.8890,0.48,2
002492,恒基达鑫,2012-03-31,1,100.0000,0.83,100.0000,0.00,0
300029,天龙光电,2012-03-31,4,1262.0010,6.31,-458.3940,8.60,6
002353,杰瑞股份,2012-03-31,5,810.6803,3.53,-165.9977,4.25,5
300103,达刚路机,2012-03-31,3,251.0063,2.13,-153.6886,3.44,3
002549,凯美特气,2012-03-31,4,915.1465,7.63,-220.7811,9.47,5
002375,亚厦股份,2012-03-31,9,5750.1770,13.63,738.9320,11.87,7
002369,卓翼科技,2012-03-31,5,1002.6850,5.01,-605.0200,8.04,6
300039,上海凯宝,2012-03-31,3,1145.9270,4.36,361.2460,2.98,2
002367,康力电梯,2012-03-31,1,300.0000,0.79,300.0000,0.00,0
002368,太极股份,2012-03-31,4,826.6230,4.18,-313.6400,5.77,5
002374,丽鹏股份,2012-03-31,1,65.6677,0.77,25.5550,0.47,1
300048,合康变频,2012-03-31,3,352.9685,1.43,-1443.8795,7.30,8
002376,新北洋,2012-03-31,5,2620.1630,8.73,-188.3980,9.36,6
601106,中国一重,2012-03-31,4,5286.4200,0.81,852.0700,0.68,3
300043,星辉车模,2012-03-31,7,2155.5300,13.61,102.5340,12.96,6
300046,台基股份,2012-03-31,3,324.6809,2.29,-363.4001,4.84,5
300050,世纪鼎利,2012-03-31,4,1167.1990,5.40,-53.0670,5.65,4
002378,章源钨业,2012-03-31,4,217.2759,0.51,57.4337,0.37,3
002383,合众思壮,2012-03-31,1,12.8067,0.09,-181.3410,1.35,2
002382,蓝帆股份,2012-03-31,1,60.0000,0.50,5.9894,0.45,1
002421,达实智能,2012-03-31,1,200.0000,1.97,-290.4467,4.84,3
002630,华西能源,2012-03-31,1,94.9059,0.57,-303.3901,2.39,3
002384,东山精密,2012-03-31,4,380.9056,1.98,272.9077,0.56,2
002394,联发股份,2012-03-31,1,115.4650,0.54,31.3678,0.39,1
300056,三维丝,2012-03-31,1,43.5999,0.83,-167.0979,4.01,4
300055,万邦达,2012-03-31,3,601.7000,2.63,-1782.0420,10.42,9
300057,万顺股份,2012-03-31,1,192.6150,0.46,0.0000,0.46,1
002387,黑牛食品,2012-03-31,4,676.3094,2.79,433.0124,1.01,1
002389,南洋科技,2012-03-31,4,270.8649,1.35,114.7314,1.17,4
002398,建研集团,2012-03-31,6,926.8316,5.94,-256.9204,8.83,6
002390,信邦制药,2012-03-31,1,150.0000,0.86,-20.0000,0.98,1
601669,中国水电,2012-03-31,2,9624.3600,1.00,-10506.4400,2.10,7
002399,海普瑞,2012-03-31,5,333.1561,0.42,97.5943,0.29,4
002410,广联达,2012-03-31,8,1745.9740,6.47,-93.9930,6.81,8
002408,齐翔腾达,2012-03-31,1,131.5580,0.28,-24.2130,0.33,1
002604,龙力生物,2012-03-31,2,529.4120,2.84,232.7798,1.59,3
002476,宝莫股份,2012-03-31,1,285.8640,1.59,0.0000,1.59,1
601518,吉林高速,2012-03-31,1,115.6200,0.10,115.6200,0.00,0
300059,东方财富,2012-03-31,2,299.9778,1.43,-149.8062,2.14,2
002439,启明星辰,2012-03-31,4,1516.2600,7.68,-159.1110,8.48,4
002414,高德红外,2012-03-31,5,555.9282,1.85,168.7979,1.29,4
300098,高新兴,2012-03-31,2,73.9000,0.83,-29.2376,1.16,2
300062,中能电气,2012-03-31,4,303.0721,1.97,138.5021,1.07,1
002417,三元达,2012-03-31,3,450.1700,2.50,-383.6660,4.63,6
002465,海格通信,2012-03-31,7,935.9048,2.81,35.4489,2.71,5
300068,南都电源,2012-03-31,3,1045.4690,3.51,-1016.1040,6.93,6
601369,陕鼓动力,2012-03-31,3,2271.7040,1.39,666.5820,0.98,3
002573,国电清新,2012-03-31,3,299.5509,1.01,-198.2210,1.68,3
002428,云南锗业,2012-03-31,2,460.3020,2.82,60.3020,2.45,2
002424,贵州百灵,2012-03-31,2,1371.6060,2.92,138.6040,2.62,2
002456,欧菲光,2012-03-31,5,1265.0360,6.59,260.2234,5.23,6
300073,当升科技,2012-03-31,1,71.9267,0.45,71.9267,0.00,0
002429,兆驰股份,2012-03-31,3,2306.0130,3.25,2306.0130,0.00,0
300069,金利华电,2012-03-31,1,26.7240,0.34,5.7464,0.27,1
002440,闰土股份,2012-03-31,1,254.7140,0.66,-95.2860,0.91,1
002437,誉衡药业,2012-03-31,1,1289.9900,4.61,1.5700,4.60,1
300080,新大新材,2012-03-31,2,348.3910,1.24,196.4170,0.54,1
300083,劲胜股份,2012-03-31,4,547.1220,2.74,-137.6240,3.42,3
002613,北玻股份,2012-03-31,1,114.5510,0.43,-260.4490,1.40,3
300078,中瑞思创,2012-03-31,1,105.1030,0.63,29.1030,0.45,1
300074,华平股份,2012-03-31,3,741.0450,7.41,-123.2269,8.64,6
002441,众业达,2012-03-31,4,1249.3748,5.39,488.9053,3.28,4
002469,三维工程,2012-03-31,1,66.2205,0.39,-155.6465,1.97,3
300084,海默科技,2012-03-31,1,132.2050,1.03,-73.7505,1.61,2
002444,巨星科技,2012-03-31,5,1132.9360,2.23,644.6737,0.96,3
002466,天齐锂业,2012-03-31,2,82.6508,0.56,-104.9024,1.28,4
002445,中南重工,2012-03-31,3,1096.8408,4.35,1005.4170,0.36,1
300086,康芝药业,2012-03-31,2,313.0890,1.57,-8.9128,1.61,3
300081,恒信移动,2012-03-31,1,20.0000,0.30,20.0000,0.00,0
002458,益生股份,2012-03-31,4,326.9295,2.33,-275.7543,4.29,5
300088,长信科技,2012-03-31,2,616.7670,2.46,-742.3660,5.41,4
300090,盛运股份,2012-03-31,6,1838.9150,7.20,-396.2090,8.76,7
300096,易联众,2012-03-31,7,1015.8620,5.91,-165.9590,6.87,5
601000,唐山港,2012-03-31,3,1944.4090,1.72,204.8010,1.54,4
002453,天马精化,2012-03-31,1,370.0000,3.08,-692.5920,8.85,3
002460,赣锋锂业,2012-03-31,1,57.0000,0.38,57.0000,0.00,0
002452,长高集团,2012-03-31,1,78.3938,0.78,-195.3962,2.74,2
601717,郑煤机,2012-03-31,2,2125.8300,1.52,-529.3170,3.79,3
300179,四方达,2012-03-31,3,555.8450,6.95,-259.1297,10.19,5
300097,智云股份,2012-03-31,1,12.6800,0.21,-176.8450,3.16,1
300099,尤洛卡,2012-03-31,6,630.7868,6.10,-70.3572,6.78,6
601718,际华集团,2012-03-31,6,13976.2100,3.62,-2192.9430,4.19,7
300253,卫宁软件,2012-03-31,8,517.9783,9.68,-10.2508,9.87,9
300124,汇川技术,2012-03-31,10,2379.0690,11.01,-105.2920,11.50,10
300089,长城集团,2012-03-31,3,811.6200,8.12,-68.2371,8.80,4
002663,普邦园林,2012-03-31,1,22.9914,0.13,22.9914,0.00,0
300245,天玑科技,2012-03-31,3,208.1705,3.11,-544.7778,11.24,9
601208,东材科技,2012-03-31,6,1210.0931,3.93,-1701.6065,9.46,8
002655,共达电声,2012-03-31,1,193.9990,1.62,193.9990,0.00,0
300100,双林股份,2012-03-31,1,99.4806,0.71,99.4806,0.00,0
300092,科新机电,2012-03-31,2,100.0085,1.10,50.0181,0.55,2
300102,乾照光电,2012-03-31,4,973.7670,3.30,-591.9310,5.31,3
002484,江海股份,2012-03-31,5,502.3802,3.14,-194.5074,4.36,8
300126,锐奇股份,2012-03-31,4,946.1128,6.24,-75.5840,6.74,6
300104,乐视网,2012-03-31,1,117.6620,0.53,-313.9300,1.96,2
300173,松德股份,2012-03-31,1,30.0000,0.34,-237.1149,3.07,3
002470,金正大,2012-03-31,5,917.6327,1.31,273.0027,0.92,4
300305,裕兴股份,2012-03-31,3,38.7101,0.48,38.7101,0.00,0
300107,建新股份,2012-03-31,1,44.8568,0.34,-253.9576,2.23,2
300113,顺网科技,2012-03-31,6,918.2538,6.96,-660.9102,11.96,8
300133,华策影视,2012-03-31,6,807.8711,4.21,54.0961,3.93,5
300156,天立环保,2012-03-31,3,672.3170,4.19,-316.8685,6.17,7
002619,巨龙管业,2012-03-31,3,208.6907,2.23,208.6907,0.00,0
002595,豪迈科技,2012-03-31,6,1530.6950,7.65,-294.7780,9.13,7
002475,立讯精密,2012-03-31,7,1569.0700,6.02,-672.4290,8.60,9
601886,江河创建,2012-03-31,1,399.9960,0.71,359.9960,0.07,1
300120,经纬电材,2012-03-31,1,50.6307,0.45,-505.9463,4.92,1
300128,锦富新材,2012-03-31,2,249.9570,1.25,81.7819,0.84,2
601098,中南传媒,2012-03-31,7,5245.2220,2.92,1763.5140,1.94,8
002477,雏鹰农牧,2012-03-31,5,2071.3390,7.76,507.4660,5.86,4
002479,富春环保,2012-03-31,1,50.7595,0.12,15.9795,0.08,1
002480,新筑股份,2012-03-31,1,243.9440,0.87,-174.4480,1.49,1
002481,双塔食品,2012-03-31,3,532.7200,4.44,-153.7840,5.72,4
300121,阳谷华泰,2012-03-31,1,134.9900,1.25,-336.9537,4.37,4
300119,瑞普生物,2012-03-31,1,137.9920,0.93,74.9819,0.42,1
300125,易世达,2012-03-31,3,239.7700,2.03,-21.6744,2.22,4
002486,嘉麟杰,2012-03-31,2,243.4330,1.17,123.4330,0.58,1
002482,广田股份,2012-03-31,9,3113.0330,9.73,-394.1940,10.96,9
002485,希努尔,2012-03-31,8,2385.4651,11.93,-226.0629,13.06,8
300138,晨光生物,2012-03-31,3,387.1647,4.31,31.6096,3.96,5
002521,齐峰新材,2012-03-31,1,274.1530,1.33,-333.7950,2.95,2
300122,智飞生物,2012-03-31,6,729.1843,1.82,-80.7206,2.02,6
300123,太阳鸟,2012-03-31,4,536.0986,3.85,-130.3474,4.79,3
600998,九州通,2012-03-31,7,4627.0440,3.26,2489.8910,1.50,5
002491,通鼎光电,2012-03-31,1,390.3020,1.46,390.3020,0.00,0
002493,荣盛石化,2012-03-31,5,377.9435,0.34,-78.3249,0.41,5
002483,润邦股份,2012-03-31,1,71.0650,0.20,-5.8950,0.21,1
002497,雅化集团,2012-03-31,6,912.4516,2.85,114.6856,2.49,5
300134,大富科技,2012-03-31,3,268.5859,0.84,-966.7577,3.86,6
300135,宝利沥青,2012-03-31,1,235.4100,1.47,-294.2760,3.31,4
300130,新国都,2012-03-31,1,87.4932,0.77,-364.9088,3.96,3
002498,汉缆股份,2012-03-31,3,315.8426,0.45,-319.7970,0.90,3
300132,青松股份,2012-03-31,3,664.3340,5.51,-26.1190,5.73,3
300136,信维通信,2012-03-31,5,642.0525,4.82,10.1125,4.74,4
601928,凤凰传媒,2012-03-31,5,3720.4000,1.46,3570.4000,0.06,1
002501,利源铝业,2012-03-31,1,111.1270,0.59,-659.4910,4.12,4
300141,和顺电气,2012-03-31,1,400.0000,3.62,132.4990,4.85,1
300164,通源石油,2012-03-31,2,105.2589,1.33,-124.7778,2.90,4
002505,大康牧业,2012-03-31,1,248.1500,1.51,248.1500,0.00,0
002511,中顺洁柔,2012-03-31,1,116.4250,0.73,-151.0630,1.67,2
002554,惠博普,2012-03-31,1,440.3570,2.17,-799.3005,6.12,8
002508,老板电器,2012-03-31,3,356.0850,1.39,356.0850,0.00,0
300154,瑞凌股份,2012-03-31,1,161.8600,0.72,-362.2609,2.35,5
002503,搜于特,2012-03-31,9,1301.8845,8.14,74.6842,7.67,9
002509,天广消防,2012-03-31,2,84.5288,0.85,84.5288,0.00,0
300144,宋城股份,2012-03-31,8,4090.2020,11.07,554.9360,9.57,7
002507,涪陵榨菜,2012-03-31,2,299.0750,1.93,124.9600,1.12,2
002512,达华智能,2012-03-31,1,276.6280,1.30,276.6280,0.00,0
300145,南方泵业,2012-03-31,2,612.4980,4.25,12.6977,4.17,4
300158,振东制药,2012-03-31,2,247.1756,1.72,-198.6430,3.10,3
300168,万达信息,2012-03-31,3,688.8950,5.74,-602.7925,10.76,10
300157,恒泰艾普,2012-03-31,4,1081.5210,6.08,547.6090,3.00,2
002522,浙江众成,2012-03-31,3,222.3830,1.30,73.8497,0.87,2
300146,汤臣倍健,2012-03-31,4,702.0890,3.21,144.2707,5.10,5
002547,春兴精工,2012-03-31,2,132.0657,0.93,-1184.2612,9.27,6
002606,大连电瓷,2012-03-31,2,95.0625,0.95,-4.9350,1.00,2
002528,英飞拓,2012-03-31,1,34.2497,0.15,-1578.8144,6.83,8
002526,山东矿机,2012-03-31,3,846.0030,3.17,354.4700,1.84,2
002532,新界泵业,2012-03-31,2,136.9924,0.86,-300.1164,2.73,4
300162,雷曼光电,2012-03-31,1,19.9952,0.15,19.9952,0.00,0
601933,永辉超市,2012-03-31,1,2605.7400,3.39,405.7300,2.86,1
300223,北京君正,2012-03-31,1,41.4071,0.52,-313.9320,4.44,7
300165,天瑞仪器,2012-03-31,2,99.3618,0.84,99.3618,0.00,0
300191,潜能恒信,2012-03-31,1,63.7263,0.80,-31.8327,1.19,2
300159,新研股份,2012-03-31,9,540.9536,6.00,-326.9862,9.62,10
002535,林州重机,2012-03-31,4,1438.7140,3.47,-426.0890,4.50,8
300163,先锋新材,2012-03-31,1,392.6350,4.97,0.0000,4.97,1
002557,洽洽食品,2012-03-31,7,2040.9590,7.85,326.4400,6.59,6
300170,汉得信息,2012-03-31,3,953.8730,5.68,-165.1220,6.66,5
300174,元力股份,2012-03-31,2,140.9567,2.07,-206.3324,5.11,4
300175,朗源股份,2012-03-31,2,370.8100,1.58,-178.2830,2.33,2
002541,鸿路钢构,2012-03-31,4,335.6797,2.51,-401.4893,5.50,5
300177,中海达,2012-03-31,1,50.0000,0.50,-107.0351,1.57,3
300178,腾邦国际,2012-03-31,1,109.0300,0.91,-43.8886,1.28,2
002551,尚荣医疗,2012-03-31,5,584.3267,4.75,-1.4198,4.76,7
300216,千山药机,2012-03-31,5,288.7407,4.31,-518.1830,12.04,10
300183,东软载波,2012-03-31,1,104.4910,1.04,-31.6774,1.36,3
300197,铁汉生态,2012-03-31,1,62.2106,0.53,1.2136,0.52,1
002543,万和电气,2012-03-31,1,71.2960,0.36,-28.7040,0.50,1
002546,新联电子,2012-03-31,4,412.0497,2.45,-91.6194,3.00,5
300182,捷成股份,2012-03-31,9,1718.6323,10.23,449.3832,11.33,8
601616,广电电气,2012-03-31,1,799.9840,1.54,152.0590,1.25,3
300203,聚光科技,2012-03-31,4,1063.5022,2.39,-537.5750,3.60,7
002574,明牌珠宝,2012-03-31,2,369.6490,1.54,-289.0310,2.74,3
300198,纳川股份,2012-03-31,8,760.7614,5.51,-45.5846,5.84,6
300186,大华农,2012-03-31,1,46.2638,0.17,46.2638,0.00,0
300195,长荣股份,2012-03-31,6,631.5811,4.51,-533.0808,8.32,8
300196,长海股份,2012-03-31,3,608.3741,5.07,-169.9719,6.49,5
300187,永清环保,2012-03-31,6,518.1466,7.76,-298.2590,12.23,9
002565,上海绿新,2012-03-31,3,669.2000,3.13,-539.2620,5.66,5
002577,雷柏科技,2012-03-31,1,17.3050,0.14,-3.8185,0.17,2
300214,日科化学,2012-03-31,5,742.6437,5.50,-201.7806,7.00,7
002563,森马服饰,2012-03-31,4,860.6222,1.28,-52.9510,1.36,5
300199,翰宇药业,2012-03-31,5,521.0661,5.21,203.6422,3.17,3
002571,德力股份,2012-03-31,1,54.9774,0.65,-331.2505,4.54,7
002562,兄弟科技,2012-03-31,3,258.5521,2.42,118.0821,1.32,1
002564,张化机,2012-03-31,1,223.5860,0.74,-1529.2660,5.77,7
300226,上海钢联,2012-03-31,2,40.0099,1.00,27.9350,0.30,1
300201,海伦哲,2012-03-31,1,37.9522,0.47,-96.6318,1.68,1
002572,索菲亚,2012-03-31,8,1013.9426,9.48,-12.1623,9.59,8
002581,万昌科技,2012-03-31,1,76.3473,0.71,76.3473,0.00,0
002576,通达动力,2012-03-31,1,13.5000,0.11,13.5000,0.00,0
300202,聚龙股份,2012-03-31,1,366.7480,4.32,-101.5568,5.52,3
300210,森远股份,2012-03-31,3,476.9621,6.37,36.6448,5.88,3
300209,天泽信息,2012-03-31,1,74.5252,0.93,53.1391,0.27,1
601566,九牧王,2012-03-31,9,4536.0310,7.92,-409.7130,8.63,9
601113,华鼎锦纶,2012-03-31,1,60.6980,0.19,-303.1176,1.14,6
300207,欣旺达,2012-03-31,7,1353.3265,7.20,-341.3955,9.01,8
300212,易华录,2012-03-31,1,30.0000,0.45,-128.1859,2.36,3
002584,西陇化工,2012-03-31,1,91.5992,0.46,-34.6008,0.63,1
300219,鸿利光电,2012-03-31,8,730.0701,5.95,68.5357,5.39,8
300257,开山股份,2012-03-31,9,1381.4520,9.66,465.8698,6.40,8
300215,电科院,2012-03-31,1,24.9971,0.28,0.0000,0.28,1
300217,东方电热,2012-03-31,1,262.8870,2.92,-156.3221,4.66,5
300222,科大智能,2012-03-31,3,403.2568,3.73,81.9063,5.36,4
300228,富瑞特装,2012-03-31,8,345.6573,5.16,-110.4983,6.81,8
300224,正海磁材,2012-03-31,1,125.2080,0.78,125.2080,0.00,0
300240,飞力达,2012-03-31,3,361.8034,3.38,-157.7943,4.86,6
601311,骆驼股份,2012-03-31,2,278.4400,0.66,-1327.7067,3.82,8
002585,双星新材,2012-03-31,2,120.4894,0.58,94.6622,0.12,1
002586,围海股份,2012-03-31,2,70.7790,0.66,-189.5647,2.43,3
002589,瑞康医药,2012-03-31,8,1074.2700,11.45,-2.5662,11.48,7
002587,奥拓电子,2012-03-31,1,29.9920,0.36,-352.5811,4.55,4
300232,洲明科技,2012-03-31,5,258.7387,3.33,258.7387,0.00,0
300230,永利带业,2012-03-31,3,264.0507,2.94,-116.5732,4.24,4
300236,上海新阳,2012-03-31,1,34.4943,0.40,0.0000,0.40,1
002588,史丹利,2012-03-31,4,250.7756,1.93,199.7518,0.39,3
002597,金禾实业,2012-03-31,4,118.6920,0.89,118.6920,0.00,0
002598,山东章鼓,2012-03-31,1,15.9808,0.10,-36.4496,0.34,1
300241,瑞丰光电,2012-03-31,7,816.7425,7.63,524.7967,2.73,6
300258,精锻科技,2012-03-31,4,206.0647,2.06,-67.0976,2.73,6
002607,亚夏汽车,2012-03-31,4,473.1994,5.38,-80.3305,6.29,4
300244,迪安诊断,2012-03-31,2,108.4602,2.12,-116.2768,4.40,2
002603,以岭药业,2012-03-31,6,1915.5410,4.51,-626.7490,5.98,7
002620,瑞和股份,2012-03-31,9,496.3202,6.20,40.3823,5.70,8
300251,光线传媒,2012-03-31,10,815.2673,7.44,-195.7192,9.22,9
300256,星星科技,2012-03-31,4,698.8720,6.99,348.4218,3.50,4
300255,常山药业,2012-03-31,1,101.5100,0.94,-126.6818,2.12,3
601636,旗滨集团,2012-03-31,5,3435.4040,5.14,3435.4040,0.00,0
300260,新莱应材,2012-03-31,2,160.8848,2.41,-318.0859,7.18,8
300267,尔康制药,2012-03-31,5,592.0871,3.22,60.4481,2.89,4
002618,丹邦科技,2012-03-31,1,287.4360,1.80,287.4360,0.00,0
002629,仁智油服,2012-03-31,5,319.8564,2.80,184.2834,1.18,1
300273,和佳股份,2012-03-31,7,611.3771,4.58,562.6972,0.37,1
300261,雅本化学,2012-03-31,5,183.5986,2.02,-421.1010,6.67,7
002611,东方精工,2012-03-31,5,600.6531,4.42,-84.3529,5.04,5
002612,朗姿股份,2012-03-31,8,1655.1970,8.28,660.6504,4.97,4
300274,阳光电源,2012-03-31,1,70.8224,0.40,-734.3226,4.49,7
601100,恒立油缸,2012-03-31,9,3370.4220,8.02,1520.3910,4.40,9
300275,梅安森,2012-03-31,6,240.6936,4.10,12.0216,3.90,6
002623,亚玛顿,2012-03-31,1,35.5900,0.22,0.5971,0.22,1
002634,棒杰股份,2012-03-31,1,149.9760,2.25,149.9760,0.00,0
002640,百圆裤业,2012-03-31,4,265.8571,3.99,249.8604,0.24,1
300276,三丰智能,2012-03-31,1,23.4792,0.39,0.0000,0.39,1
300293,蓝英装备,2012-03-31,1,9.9990,0.17,9.9990,0.00,0
002635,安洁科技,2012-03-31,6,443.0926,3.69,96.3594,2.89,5
002648,卫星石化,2012-03-31,2,90.0000,0.45,90.0000,0.00,0
002632,道明光学,2012-03-31,1,23.5862,0.22,23.5862,0.00,0
002645,华宏科技,2012-03-31,2,132.0000,1.98,92.0000,0.60,3
002639,雪人股份,2012-03-31,4,400.0000,2.50,400.0000,0.00,0
002646,青青稞酒,2012-03-31,3,190.2244,0.42,130.5694,0.13,1
300281,金明精机,2012-03-31,2,158.5993,2.64,0.0000,2.64,2
002638,勤上光电,2012-03-31,8,1254.7362,6.70,661.3712,3.17,4
300288,朗玛信息,2012-03-31,2,105.5288,1.98,105.5288,0.00,0
002651,利君股份,2012-03-31,1,116.7700,0.29,116.7700,0.00,0
002664,信质电机,2012-03-31,1,125.0330,0.94,125.0330,0.00,0
300287,飞利信,2012-03-31,1,63.6605,0.76,63.6605,0.00,0
300298,三诺生物,2012-03-31,3,100.0700,1.14,100.0700,0.00,0
002656,卡奴迪路,2012-03-31,5,244.6992,2.45,244.6992,0.00,0
002662,京威股份,2012-03-31,1,53.2691,0.18,53.2691,0.00,0
300291,华录百纳,2012-03-31,8,378.5665,6.31,378.5665,0.00,0
002650,加加食品,2012-03-31,1,83.7801,0.52,83.7801,0.00,0
002653,海思科,2012-03-31,2,103.9603,0.26,103.9603,0.00,0
300301,长方照明,2012-03-31,8,272.7419,2.53,272.7419,0.00,0
300306,远方光电,2012-03-31,4,77.0704,1.28,77.0704,0.00,0
601515,东风股份,2012-03-31,2,206.6627,0.37,206.6627,0.00,0
002660,茂硕电源,2012-03-31,2,75.9997,0.78,75.9997,0.00,0
002661,克明面业,2012-03-31,2,115.6973,1.39,115.6973,0.00,0
