600005,武钢股份,2012-12-31,3,6361.5700,0.63,-65.2000,0.64,4
600006,东风汽车,2012-12-31,1,198.0920,0.10,-1016.7460,0.61,3
600007,中国国贸,2012-12-31,3,3480.4050,3.46,-450.8300,3.90,3
600009,上海机场,2012-12-31,4,5927.0700,3.08,1195.0200,2.46,3
600010,包钢股份,2012-12-31,3,6724.4500,1.05,-3351.6900,1.57,5
600019,宝钢股份,2012-12-31,1,4223.7500,0.25,-287.8900,0.26,1
600026,中海发展,2012-12-31,1,680.0000,0.20,-747.1170,0.42,3
600028,中国石化,2012-12-31,2,9865.4300,0.11,-1701.6400,0.13,3
600030,中信证券,2012-12-31,1,5904.0300,0.54,5904.0300,0.00,0
600033,福建高速,2012-12-31,2,570.7050,0.21,-419.7420,0.36,3
600037,歌华有线,2012-12-31,1,504.2530,0.48,-192.2930,0.66,1
600050,中国联通,2012-12-31,4,39372.5400,1.86,-371.2000,1.88,4
600052,浙江广厦,2012-12-31,1,1000.9800,1.15,0.0000,1.15,1
600054,黄山旅游,2012-12-31,3,1647.7860,3.50,50.1870,3.39,3
600056,中国医药,2012-12-31,5,1667.2700,5.36,211.9120,4.68,7
600058,五矿发展,2012-12-31,8,1995.9230,1.86,158.9260,1.71,7
600059,古越龙山,2012-12-31,5,4398.1840,6.93,-251.6510,7.32,6
600060,海信电器,2012-12-31,6,13749.0200,10.52,3017.8740,8.21,6
600062,华润双鹤,2012-12-31,6,6054.9670,10.59,-512.9700,11.49,7
600063,皖维高新,2012-12-31,1,332.8630,0.22,10.2100,0.22,1
600066,宇通客车,2012-12-31,7,8869.3480,12.58,2081.1540,9.62,6
600067,冠城大通,2012-12-31,5,5576.6680,4.74,-1315.6470,5.86,4
600068,葛洲坝,2012-12-31,2,2628.0270,0.75,-1555.0430,1.20,3
600069,银鸽投资,2012-12-31,1,183.4200,0.22,5.6190,0.22,1
600070,浙江富润,2012-12-31,1,114.0290,0.62,114.0290,0.00,0
600071,凤凰光学,2012-12-31,1,100.0220,0.42,-100.0000,0.84,1
600072,中船股份,2012-12-31,5,1553.3623,3.25,145.3456,2.94,4
600075,新疆天业,2012-12-31,2,149.0888,0.34,68.1089,0.18,1
600078,澄星股份,2012-12-31,3,371.4873,0.56,371.4873,0.00,0
600079,人福医药,2012-12-31,8,7225.8380,14.64,1472.4930,11.66,7
600080,金花股份,2012-12-31,1,141.0000,0.46,141.0000,0.00,0
600081,东风科技,2012-12-31,1,98.5382,0.31,98.5382,0.00,0
600085,同仁堂,2012-12-31,5,5783.4650,4.44,-329.7690,4.70,5
600086,东方金钰,2012-12-31,6,3111.8610,8.83,592.7830,7.15,6
600088,中视传媒,2012-12-31,1,78.5505,0.24,-477.5205,1.68,3
600089,特变电工,2012-12-31,3,4697.5800,1.78,901.1500,1.44,3
600097,开创国际,2012-12-31,2,337.0870,1.66,105.8110,1.14,1
600098,广州发展,2012-12-31,7,5693.1630,2.08,610.6940,1.85,5
600099,林海股份,2012-12-31,1,319.5650,1.46,-110.0000,1.96,1
600100,同方股份,2012-12-31,3,10029.9280,5.05,-74.9310,5.08,3
600101,明星电力,2012-12-31,4,1409.7350,4.35,-1158.6830,7.92,5
600104,上汽集团,2012-12-31,2,8220.5000,0.75,-1576.9300,0.89,2
600105,永鼎股份,2012-12-31,1,786.6360,2.06,0.0000,2.06,1
600106,重庆路桥,2012-12-31,2,392.9920,0.43,-160.8660,0.61,3
600107,美尔雅,2012-12-31,1,533.5010,1.48,-307.3930,2.34,2
600108,亚盛集团,2012-12-31,5,13148.5600,6.75,3826.7900,4.79,3
600109,国金证券,2012-12-31,1,169.9930,0.13,-1996.1410,2.17,3
600111,包钢稀土,2012-12-31,4,3989.2760,1.65,211.3390,1.56,4
600112,长征电气,2012-12-31,2,1266.2100,2.49,-1232.2170,4.91,3
600115,东方航空,2012-12-31,3,9445.1000,0.84,-856.9400,0.91,3
600117,西宁特钢,2012-12-31,3,987.5850,1.33,187.5850,1.08,1
600118,中国卫星,2012-12-31,3,2820.5020,3.08,488.6380,2.54,3
600121,郑州煤电,2012-12-31,4,801.9562,0.85,492.3734,0.49,3
600123,兰花科创,2012-12-31,7,4236.5130,3.71,-2063.4370,5.51,5
600125,铁龙物流,2012-12-31,5,13685.5400,10.48,-1691.5500,11.78,5
600127,金健米业,2012-12-31,3,494.1530,0.91,213.6110,0.52,2
600128,弘业股份,2012-12-31,2,785.4610,3.18,71.5130,2.89,2
600129,太极集团,2012-12-31,1,118.5630,0.28,-81.9020,0.47,1
600132,重庆啤酒,2012-12-31,3,454.7600,0.94,182.2140,0.56,2
600133,东湖高新,2012-12-31,1,99.9908,0.17,99.9908,0.00,0
600137,浪莎股份,2012-12-31,2,220.1300,2.26,-6.4480,2.33,2
600138,中青旅,2012-12-31,5,5122.1200,12.33,389.0560,11.40,5
600139,西部资源,2012-12-31,2,572.3640,0.86,66.3680,0.76,2
600141,兴发集团,2012-12-31,4,2644.2400,6.07,-1691.6310,11.86,5
600149,廊坊发展,2012-12-31,5,2306.3940,6.07,374.9970,5.08,2
600150,中国船舶,2012-12-31,4,2213.3600,1.61,237.7740,1.43,4
600151,航天机电,2012-12-31,2,332.8520,0.27,-139.4840,0.38,3
600153,建发股份,2012-12-31,4,12519.1700,5.59,-4029.5500,7.40,6
600157,永泰能源,2012-12-31,5,5237.2790,2.96,-1383.3060,3.75,4
600158,中体产业,2012-12-31,2,478.8840,0.57,478.8840,0.00,0
600160,巨化股份,2012-12-31,1,561.4600,0.40,561.4600,0.00,0
600162,香江控股,2012-12-31,1,293.9100,0.38,147.8540,0.19,1
600163,福建南纸,2012-12-31,1,790.6240,1.10,635.2260,0.22,1
600166,福田汽车,2012-12-31,1,1899.9600,0.68,-900.0400,1.00,1
600167,联美控股,2012-12-31,1,185.2040,0.88,185.2040,0.00,0
600168,武汉控股,2012-12-31,1,340.8040,0.77,-82.6050,0.96,1
600169,太原重工,2012-12-31,2,2124.2580,0.88,546.5480,0.65,2
600170,上海建工,2012-12-31,4,1305.9770,0.56,400.0730,0.39,3
600171,上海贝岭,2012-12-31,3,447.0650,0.66,-3506.7110,5.87,4
600172,黄河旋风,2012-12-31,2,927.5120,1.74,498.0660,0.81,1
600173,卧龙地产,2012-12-31,2,3626.5900,5.00,-1631.8600,7.25,2
600176,中国玻纤,2012-12-31,6,5965.1860,6.84,936.1830,5.76,6
600177,雅戈尔,2012-12-31,1,1241.7500,0.56,-173.9100,0.64,1
600178,东安动力,2012-12-31,1,51.6822,0.11,-289.0450,0.74,4
600182,S佳通,2012-12-31,1,123.8740,0.36,53.8802,0.21,1
600183,生益科技,2012-12-31,1,2738.1200,1.92,2738.1200,0.00,0
600187,国中水务,2012-12-31,2,378.4640,0.89,278.4640,0.23,1
600188,兖州煤业,2012-12-31,3,1222.8730,0.25,-1268.2250,0.51,7
600195,中牧股份,2012-12-31,1,169.7750,0.44,-488.7560,1.69,3
600196,复星医药,2012-12-31,6,11904.1600,5.31,2532.1600,4.92,5
600197,伊力特,2012-12-31,5,2261.8830,5.13,947.1050,2.98,2
600198,大唐电信,2012-12-31,1,160.8810,0.22,160.8810,0.00,0
600199,金种子酒,2012-12-31,6,6218.8840,11.19,-737.2490,12.52,8
600200,江苏吴中,2012-12-31,3,539.8270,0.87,347.8980,0.31,1
600208,新湖中宝,2012-12-31,5,29497.5100,4.71,-3684.4800,5.30,6
600215,长春经开,2012-12-31,1,131.5000,0.28,-64.4900,0.42,1
600216,浙江医药,2012-12-31,4,1670.2690,3.21,-591.1080,4.35,5
600219,南山铝业,2012-12-31,5,4584.8330,2.37,1564.1880,1.56,4
600220,江苏阳光,2012-12-31,2,772.0720,0.43,36.9260,0.41,2
600221,海南航空,2012-12-31,3,2745.3650,0.45,1098.1050,0.27,1
600223,鲁商置业,2012-12-31,3,4324.0200,4.32,2539.5870,1.78,2
600227,赤天化,2012-12-31,3,783.4340,0.82,348.4400,0.46,2
600230,沧州大化,2012-12-31,2,272.2821,1.05,-290.7209,2.17,2
600231,凌钢股份,2012-12-31,4,4409.3380,5.48,1309.3380,3.86,1
600236,桂冠电力,2012-12-31,4,3579.2790,1.57,1264.3030,1.02,3
600237,铜峰电子,2012-12-31,4,1718.5480,4.30,1718.5480,0.00,0
600239,云南城投,2012-12-31,5,6081.0460,7.39,-2438.2310,10.35,6
600240,华业地产,2012-12-31,5,11157.2700,7.86,3508.1700,5.39,3
600246,万通地产,2012-12-31,2,811.6650,0.67,576.2400,0.19,1
600252,中恒集团,2012-12-31,6,7804.0790,7.15,1152.4710,6.09,3
600256,广汇能源,2012-12-31,3,7865.9000,2.24,-4318.5900,3.48,4
600258,首旅酒店,2012-12-31,3,204.2563,0.88,14.8411,0.82,2
600260,凯乐科技,2012-12-31,1,260.4080,0.49,-846.5520,2.10,2
600261,阳光照明,2012-12-31,7,5202.6040,8.06,364.5400,7.50,7
600262,北方股份,2012-12-31,2,313.8260,1.85,-446.0856,4.47,3
600266,北京城建,2012-12-31,8,14142.1030,15.90,-398.8940,16.35,8
600267,海正药业,2012-12-31,3,6730.4500,8.02,125.5300,7.87,3
600268,国电南自,2012-12-31,2,2954.5700,4.65,-459.6500,5.37,2
600269,赣粤高速,2012-12-31,2,3060.2270,1.31,-747.5990,1.63,3
600270,外运发展,2012-12-31,3,888.0530,0.98,-673.6110,1.72,4
600276,恒瑞医药,2012-12-31,4,5113.6240,4.14,458.8440,3.76,4
600280,中央商场,2012-12-31,6,1798.8600,12.53,-19.4050,12.67,6
600283,钱江水利,2012-12-31,2,237.0980,0.83,-674.1293,3.19,3
600285,羚锐制药,2012-12-31,2,1432.2570,7.14,276.0520,5.76,2
600287,江苏舜天,2012-12-31,3,2561.6610,5.86,-2.1000,5.87,3
600289,亿阳信通,2012-12-31,1,160.9540,0.28,160.9540,0.00,0
600292,中电远达,2012-12-31,4,1210.3730,2.36,237.0620,1.90,3
600298,安琪酵母,2012-12-31,4,1316.3820,3.99,-840.1330,6.54,4
600300,维维股份,2012-12-31,2,452.4180,0.27,195.1530,0.15,1
600303,曙光股份,2012-12-31,1,200.0000,0.35,106.8350,0.16,1
600305,恒顺醋业,2012-12-31,2,619.9750,4.88,-394.2760,7.98,4
600307,酒钢宏兴,2012-12-31,2,765.6300,0.19,-578.3170,0.33,4
600308,华泰股份,2012-12-31,2,631.2040,0.54,-87.5250,0.62,3
600309,万华化学,2012-12-31,5,13631.4300,6.30,123.5400,6.25,5
600310,桂东电力,2012-12-31,2,1326.6290,4.81,-524.1370,6.71,3
600311,荣华实业,2012-12-31,4,740.9380,1.11,536.1140,0.31,1
600312,平高电气,2012-12-31,4,3077.9730,3.76,599.9040,3.03,3
600315,上海家化,2012-12-31,7,7906.6250,17.63,1821.4700,13.57,6
600316,洪都航空,2012-12-31,4,1865.5780,2.60,1502.4370,0.51,1
600318,巢东股份,2012-12-31,5,2196.7520,9.08,1133.7500,4.39,4
600322,天房发展,2012-12-31,2,518.2210,0.47,518.2210,0.00,0
600323,南海发展,2012-12-31,1,573.8820,0.99,98.9300,0.82,1
600326,西藏天路,2012-12-31,1,163.7370,0.30,45.8620,0.22,1
600327,大东方,2012-12-31,6,5598.7350,10.73,-1753.2780,14.09,7
600328,兰太实业,2012-12-31,1,71.8185,0.20,5.5062,0.18,1
600331,宏达股份,2012-12-31,3,1604.4740,1.55,-13.4660,1.57,4
600332,白云山,2012-12-31,7,1590.5990,1.96,-449.2080,2.52,6
600333,长春燃气,2012-12-31,4,478.1520,1.04,-41.3280,1.13,2
600335,国机汽车,2012-12-31,5,3955.6050,7.06,596.6310,6.00,5
600339,天利高新,2012-12-31,1,128.4780,0.22,3.9370,0.22,1
600346,大橡塑,2012-12-31,1,125.2240,0.52,0.0000,0.52,1
600350,山东高速,2012-12-31,3,1476.0700,0.31,1053.4970,0.09,1
600351,亚宝药业,2012-12-31,2,1773.2970,2.56,-1432.6460,5.07,5
600356,恒丰纸业,2012-12-31,1,160.0000,0.69,-83.5930,1.05,1
600360,华微电子,2012-12-31,1,515.5340,0.76,348.5990,0.25,1
600361,华联综超,2012-12-31,2,2978.3900,4.47,-1221.2100,6.31,3
600362,江西铜业,2012-12-31,6,3822.7480,1.10,-359.3540,1.21,6
600366,宁波韵升,2012-12-31,4,976.1660,1.90,-3039.8320,7.81,6
600372,中航电子,2012-12-31,1,214.4740,0.16,214.4740,0.00,0
600373,中文传媒,2012-12-31,6,2637.7060,4.65,77.9730,4.51,7
600376,首开股份,2012-12-31,5,10917.0100,7.30,1050.5900,6.60,5
600378,天科股份,2012-12-31,1,105.6990,0.36,0.0000,0.36,1
600380,健康元,2012-12-31,3,1153.3300,0.75,723.0570,0.28,2
600383,金地集团,2012-12-31,4,27593.6500,6.17,-3985.8600,7.06,5
600386,北巴传媒,2012-12-31,1,94.8487,0.24,-125.0000,0.55,2
600388,龙净环保,2012-12-31,4,2051.7980,9.60,-987.9590,14.22,5
600389,江山股份,2012-12-31,3,396.9520,2.00,260.2050,0.69,1
600395,盘江股份,2012-12-31,2,2226.7830,1.35,-968.2090,1.93,3
600396,金山股份,2012-12-31,3,491.7390,1.44,-616.7140,3.25,5
600397,安源煤业,2012-12-31,1,251.9260,0.51,-91.2664,0.69,2
600400,红豆股份,2012-12-31,2,583.0589,1.04,-381.6491,1.72,2
600415,小商品城,2012-12-31,2,1701.7690,0.63,1042.9000,0.24,1
600418,江淮汽车,2012-12-31,6,8584.2600,6.67,4276.1650,3.34,3
600422,昆明制药,2012-12-31,7,4973.2960,15.83,494.4730,14.26,7
600426,华鲁恒升,2012-12-31,2,1619.5440,1.70,-484.3860,2.21,2
600428,中远航运,2012-12-31,7,9648.9770,5.71,-577.7800,6.05,7
600456,宝钛股份,2012-12-31,4,723.3281,1.68,126.0409,1.39,4
600458,时代新材,2012-12-31,2,2068.5490,4.00,-11.5040,4.02,2
600468,百利电气,2012-12-31,2,1027.2250,2.25,-1207.0770,4.90,4
600486,扬农化工,2012-12-31,7,2618.9220,15.21,410.4850,12.83,6
600488,天药股份,2012-12-31,2,412.0950,0.76,-539.5970,1.75,5
600496,精工钢构,2012-12-31,4,5209.8110,8.88,-520.4620,9.77,5
600498,烽火通信,2012-12-31,2,1300.4750,2.70,-593.8450,3.93,3
600499,科达机电,2012-12-31,4,2623.5050,4.03,244.2600,3.65,3
600500,中化国际,2012-12-31,2,1984.5980,1.38,93.9970,1.32,3
600501,航天晨光,2012-12-31,1,74.1546,0.19,-132.3040,0.53,2
600505,西昌电力,2012-12-31,1,1800.5200,4.94,0.0000,4.94,1
600508,上海能源,2012-12-31,3,828.5090,1.15,-1715.6640,3.52,5
600509,天富热电,2012-12-31,6,3033.1500,4.63,1424.5910,2.45,5
600510,黑牡丹,2012-12-31,2,2316.6140,2.91,-1092.4860,4.29,3
600511,国药股份,2012-12-31,8,6947.8800,14.51,2200.2320,9.92,6
600516,方大炭素,2012-12-31,1,506.8820,0.40,-90.1370,0.47,2
600518,康美药业,2012-12-31,5,10860.5600,4.94,-1032.7100,5.41,5
600519,贵州茅台,2012-12-31,2,1298.2600,1.25,156.0840,1.10,2
600522,中天科技,2012-12-31,2,1328.7860,1.89,-239.1930,2.23,3
600523,贵航股份,2012-12-31,2,216.4721,0.75,154.9785,0.21,1
600525,长园集团,2012-12-31,3,3630.1780,4.20,3398.4540,0.27,1
600528,中铁二局,2012-12-31,3,2190.9570,1.50,-584.4500,1.90,4
600529,山东药玻,2012-12-31,3,1595.9270,6.20,-98.6110,6.58,4
600531,豫光金铅,2012-12-31,2,143.2744,0.49,-39.1841,0.62,2
600533,栖霞建设,2012-12-31,1,2644.4700,2.52,-5334.9110,7.60,5
600535,天士力,2012-12-31,7,4828.5360,9.35,465.9300,8.45,6
600538,*ST国发,2012-12-31,3,1533.2080,5.49,633.2180,3.22,1
600548,深高速,2012-12-31,1,395.1080,0.18,0.0000,0.18,1
600549,厦门钨业,2012-12-31,4,1668.3410,2.45,137.0630,2.25,3
600550,天威保变,2012-12-31,2,858.3920,0.63,-39.0740,0.65,3
600552,方兴科技,2012-12-31,5,1229.1060,10.51,533.7590,5.94,4
600557,康缘药业,2012-12-31,8,6772.4940,16.29,910.3580,14.10,8
600559,老白干酒,2012-12-31,6,2030.7540,14.51,44.3240,14.19,7
600560,金自天正,2012-12-31,2,961.2900,4.30,508.3810,2.03,1
600563,法拉电子,2012-12-31,2,467.2270,2.08,-91.4810,2.48,3
600569,安阳钢铁,2012-12-31,2,1268.6900,0.53,-1145.5840,1.01,4
600571,信雅达,2012-12-31,3,1689.8800,8.33,-358.4900,10.10,5
600578,京能电力,2012-12-31,2,2283.4520,1.17,1587.2750,0.88,1
600581,八一钢铁,2012-12-31,4,1923.8280,2.51,1215.4090,0.92,1
600582,天地科技,2012-12-31,6,9901.2700,8.16,2175.4400,6.36,6
600583,海油工程,2012-12-31,6,12578.0400,3.23,3454.9300,2.35,4
600585,海螺水泥,2012-12-31,2,4908.0300,0.93,-3520.7900,1.59,3
600586,金晶科技,2012-12-31,1,1623.7500,1.14,-267.5300,1.33,1
600587,新华医疗,2012-12-31,7,3560.0110,20.45,332.6840,18.54,7
600588,用友软件,2012-12-31,1,2543.9600,2.60,632.1900,1.95,1
600590,泰豪科技,2012-12-31,1,293.8950,0.59,0.0000,0.59,1
600592,龙溪股份,2012-12-31,1,100.0000,0.33,100.0000,0.00,0
600595,中孚实业,2012-12-31,2,879.9640,0.58,-340.3600,0.81,4
600596,新安股份,2012-12-31,2,1557.8710,2.29,1032.4810,0.77,1
600597,光明乳业,2012-12-31,4,5692.3900,4.65,1120.7520,3.73,4
600598,北大荒,2012-12-31,5,8143.3440,4.58,2098.7540,3.40,4
600600,青岛啤酒,2012-12-31,2,1856.6220,1.37,806.9020,0.78,1
600601,方正科技,2012-12-31,2,1187.8060,0.54,57.5270,0.51,2
600606,金丰投资,2012-12-31,1,89.0600,0.17,89.0600,0.00,0
600611,大众交通,2012-12-31,2,538.8410,0.34,316.5190,0.14,1
600612,老凤祥,2012-12-31,5,1622.8790,3.10,-85.8330,3.27,5
600616,金枫酒业,2012-12-31,2,1000.3330,2.28,-2043.9540,6.94,4
600622,嘉宝集团,2012-12-31,1,457.2050,0.89,-305.0060,1.48,2
600628,新世界,2012-12-31,3,993.1920,1.87,213.5650,1.47,2
600633,浙报传媒,2012-12-31,3,734.1030,1.71,-495.0870,2.86,4
600635,大众公用,2012-12-31,2,865.0570,0.53,-733.8950,0.97,3
600636,三爱富,2012-12-31,2,308.9016,0.81,55.2935,0.66,2
600637,百视通,2012-12-31,2,1821.9790,1.64,-82.3290,1.71,3
600639,浦东金桥,2012-12-31,1,299.9910,0.32,-141.8950,0.48,1
600640,号百控股,2012-12-31,1,114.3090,0.21,114.3090,0.00,0
600642,申能股份,2012-12-31,2,4520.3100,0.96,2248.7400,0.48,1
600643,爱建股份,2012-12-31,2,1708.0940,1.55,-668.1150,2.15,3
600644,乐山电力,2012-12-31,1,72.5524,0.22,72.5524,0.00,0
600645,中源协和,2012-12-31,1,320.1560,0.98,-250.4880,1.76,1
600649,城投控股,2012-12-31,1,1183.9400,0.40,460.5220,0.24,1
600651,飞乐音响,2012-12-31,1,234.6350,0.32,234.6350,0.00,0
600653,申华控股,2012-12-31,1,390.6630,0.22,-508.3110,0.51,2
600654,飞乐股份,2012-12-31,1,301.9300,0.40,-125.6210,0.57,2
600657,信达地产,2012-12-31,3,2905.7710,1.91,173.4900,1.79,3
600658,电子城,2012-12-31,3,2447.7810,4.22,1100.8240,2.32,2
600660,福耀玻璃,2012-12-31,3,9341.6300,4.66,-517.1000,4.92,3
600662,强生控股,2012-12-31,3,462.8420,0.44,37.1030,0.40,3
600664,哈药股份,2012-12-31,1,759.8220,0.40,759.8220,0.00,0
600665,天地源,2012-12-31,2,4306.9700,4.98,-778.9870,5.89,3
600668,尖峰集团,2012-12-31,1,79.9937,0.23,-120.0063,0.58,1
600673,东阳光铝,2012-12-31,2,752.2130,0.91,-158.4850,1.10,2
600674,川投能源,2012-12-31,3,4978.8100,2.52,-240.9100,2.65,3
600675,中华企业,2012-12-31,3,4526.6310,2.91,-843.3690,3.45,2
600676,交运股份,2012-12-31,1,275.8620,0.32,-288.8380,0.65,3
600686,金龙汽车,2012-12-31,5,2156.0150,4.87,527.1270,3.68,3
600688,上海石化,2012-12-31,6,9204.5770,1.28,-412.1180,1.34,4
600690,青岛海尔,2012-12-31,3,9061.5200,3.37,-595.6500,3.60,3
600693,东百集团,2012-12-31,1,525.3240,1.53,-31.7440,1.62,1
600694,大商股份,2012-12-31,5,5111.3070,17.40,-148.8940,17.91,6
600697,欧亚集团,2012-12-31,7,3477.5610,21.86,432.3900,19.14,6
600699,均胜电子,2012-12-31,2,559.9680,0.97,0.0000,1.43,2
600702,沱牌舍得,2012-12-31,7,4175.3380,12.38,-798.6850,14.75,6
600703,三安光电,2012-12-31,4,7499.8370,5.19,2267.0440,3.62,3
600704,物产中大,2012-12-31,2,1343.2420,1.70,591.0560,0.95,1
600705,中航投资,2012-12-31,1,169.9970,0.11,169.9970,0.00,0
600707,*ST彩虹,2012-12-31,2,1459.9680,1.98,327.7600,1.54,2
600712,南宁百货,2012-12-31,1,1300.4600,2.39,522.2010,1.43,1
600713,南京医药,2012-12-31,1,563.5630,0.81,-1039.0270,2.31,1
600716,凤凰股份,2012-12-31,1,500.0000,0.68,0.0000,0.68,1
600717,天津港,2012-12-31,3,1492.7610,0.89,-1778.1740,1.95,3
600718,东软集团,2012-12-31,2,4407.2300,3.59,-244.8100,3.79,2
600720,祁连山,2012-12-31,5,5040.0970,8.44,595.3680,9.36,6
600723,首商股份,2012-12-31,3,1063.7690,1.62,-206.3050,1.93,4
600724,宁波富达,2012-12-31,4,6153.9500,4.26,890.4700,3.64,4
600725,云维股份,2012-12-31,2,300.2575,0.49,3.5454,0.48,2
600728,佳都新太,2012-12-31,1,150.0000,0.41,-50.2660,0.55,1
600729,重庆百货,2012-12-31,6,2779.8600,7.45,692.5700,5.59,4
600731,湖南海利,2012-12-31,6,1772.9790,6.92,1387.0580,1.51,2
600736,苏州高新,2012-12-31,2,1302.8540,1.23,1302.8540,0.00,0
600737,中粮屯河,2012-12-31,1,289.2370,0.29,-652.3300,0.94,1
600739,辽宁成大,2012-12-31,5,7501.5500,5.50,1368.5800,4.49,2
600740,山西焦化,2012-12-31,1,180.5250,0.32,-241.3210,0.75,2
600741,华域汽车,2012-12-31,8,17909.6500,6.93,3364.7100,5.63,5
600742,一汽富维,2012-12-31,3,933.3900,4.41,-33.8130,4.57,3
600743,华远地产,2012-12-31,1,282.5360,0.18,13.7940,0.17,1
600750,江中药业,2012-12-31,8,3926.3130,12.62,283.9080,11.71,6
600893,航空动力,2012-12-31,3,2006.2670,1.84,598.7990,1.29,2
600895,张江高科,2012-12-31,4,4148.0590,2.68,-4711.8150,5.72,6
600897,厦门空港,2012-12-31,2,250.7800,0.84,35.7731,0.72,2
600898,三联商社,2012-12-31,1,110.9920,0.44,0.0000,0.44,1
000001,平安银行,2012-12-31,4,12705.2300,2.48,5273.0200,1.45,2
000002,万科A,2012-12-31,4,41983.6400,3.82,-8267.1600,4.57,5
000006,深振业A,2012-12-31,2,2642.8500,2.06,1221.9700,1.11,1
000009,中国宝安,2012-12-31,4,4489.5370,4.12,787.7170,3.39,3
000012,南玻A,2012-12-31,6,9886.8400,4.76,4179.2800,2.75,4
000014,沙河股份,2012-12-31,1,94.4900,0.47,94.4900,0.00,0
000021,长城开发,2012-12-31,5,3420.2290,2.59,-815.2840,3.21,7
000024,招商地产,2012-12-31,8,9226.9700,5.37,-1209.0400,6.08,8
000026,飞亚达A,2012-12-31,6,3331.3660,8.48,-887.6680,10.74,6
000027,深圳能源,2012-12-31,5,4825.9850,1.83,-2117.1330,2.63,7
000028,国药一致,2012-12-31,7,4280.5530,14.86,263.3960,13.94,7
000031,中粮地产,2012-12-31,3,4945.9360,2.73,-6391.8750,6.25,7
000039,中集集团,2012-12-31,4,3863.6040,1.45,2481.9840,0.52,1
000042,深长城,2012-12-31,1,111.0490,0.46,111.0490,0.00,0
000046,泛海建设,2012-12-31,1,2350.0000,0.52,-2741.9500,1.12,2
000049,德赛电池,2012-12-31,7,1852.7580,13.54,-211.1630,15.08,7
000050,深天马A,2012-12-31,7,3711.2360,6.46,1214.2920,4.35,5
000059,辽通化工,2012-12-31,6,4304.9990,3.59,1314.1540,2.49,4
000060,中金岭南,2012-12-31,7,10092.6900,4.89,3160.9510,3.36,5
000061,农产品,2012-12-31,1,1648.3300,1.19,-5538.1600,5.20,3
000063,中兴通讯,2012-12-31,3,12554.4100,3.65,2662.8300,2.88,3
000066,长城电脑,2012-12-31,4,649.2570,0.49,-468.2630,0.84,4
000069,华侨城A,2012-12-31,6,31795.8200,4.37,255.5100,4.34,6
000078,海王生物,2012-12-31,4,506.9860,0.78,109.3880,0.61,3
000088,盐田港,2012-12-31,4,5644.7200,2.91,1279.6010,2.25,4
000089,深圳机场,2012-12-31,1,372.6960,0.22,-2242.5000,1.55,2
000090,深天健,2012-12-31,3,821.6550,1.64,821.6550,0.00,0
000099,中信海直,2012-12-31,2,250.5816,0.49,-324.4323,1.12,3
000157,中联重科,2012-12-31,1,6645.7200,0.86,-222.5300,0.89,1
000159,国际实业,2012-12-31,1,106.9220,0.22,3.2800,0.22,1
000301,东方市场,2012-12-31,4,1009.2650,0.83,430.2580,0.48,2
000400,许继电气,2012-12-31,7,4574.4950,12.09,-707.1620,13.96,8
000401,冀东水泥,2012-12-31,4,3380.2660,2.51,-833.4660,3.13,4
000402,金融街,2012-12-31,4,11423.3700,3.77,-347.2200,3.89,4
000404,华意压缩,2012-12-31,2,254.5651,0.78,-102.4349,1.10,2
000413,宝石A,2012-12-31,1,1599.9900,4.18,99.9900,3.92,1
000415,渤海租赁,2012-12-31,2,651.8310,0.51,-223.2440,0.69,2
000417,合肥百货,2012-12-31,5,6344.4400,8.14,117.1330,7.98,6
000418,小天鹅A,2012-12-31,2,1313.7450,2.08,-18.2000,2.11,2
000421,南京中北,2012-12-31,1,116.6700,0.33,-34.2050,0.43,1
000422,湖北宜化,2012-12-31,5,3905.0790,4.35,64.4710,4.28,5
000423,东阿阿胶,2012-12-31,8,5711.0630,8.73,-1291.4940,10.71,9
000425,徐工机械,2012-12-31,4,5133.5730,2.49,-265.7370,2.62,4
000426,兴业矿业,2012-12-31,2,380.4700,0.87,-629.5120,2.31,2
600754,锦江股份,2012-12-31,4,2672.3700,4.43,-532.6070,5.31,5
600755,厦门国贸,2012-12-31,4,1370.2380,1.03,-83.1180,1.09,4
600761,安徽合力,2012-12-31,6,4511.4790,8.78,1661.7730,5.54,4
600763,通策医疗,2012-12-31,7,2680.8110,16.72,-482.0910,19.73,8
600765,中航重机,2012-12-31,6,2921.8920,3.76,-1558.8610,5.76,5
600770,综艺股份,2012-12-31,1,612.7510,0.55,612.7510,0.00,0
600771,广誉远,2012-12-31,2,635.8130,2.61,635.8130,0.00,0
600773,西藏城投,2012-12-31,1,336.6820,0.58,-953.1450,2.24,3
600776,东方通信,2012-12-31,2,3165.9110,2.52,-1195.4490,3.47,2
600778,友好集团,2012-12-31,4,2926.5850,9.40,-392.7030,10.66,4
600779,水井坊,2012-12-31,2,441.1100,0.90,-252.0540,1.42,4
600780,通宝能源,2012-12-31,5,7164.3300,6.25,0.0000,6.25,5
600783,鲁信创投,2012-12-31,5,1011.5130,1.36,-141.0790,1.55,4
600784,鲁银投资,2012-12-31,1,380.0000,0.77,0.0000,0.77,1
600785,新华百货,2012-12-31,4,2251.0930,10.85,-1686.0990,18.98,6
600787,中储股份,2012-12-31,6,7279.9660,8.67,4072.9420,3.82,4
600789,鲁抗医药,2012-12-31,1,91.0693,0.16,-118.7067,0.36,2
600790,轻纺城,2012-12-31,1,618.3860,0.77,-251.0300,1.08,2
600792,云煤能源,2012-12-31,1,29.0000,0.07,29.0000,0.00,0
600795,国电电力,2012-12-31,2,33073.5000,2.15,-13585.2600,3.03,3
600797,浙大网新,2012-12-31,3,694.5170,0.82,347.4210,0.41,2
600801,华新水泥,2012-12-31,2,1902.7300,2.03,667.9840,1.32,2
600804,鹏博士,2012-12-31,2,4386.9500,3.28,1427.1700,2.21,1
600805,悦达投资,2012-12-31,6,7292.3360,10.28,2841.5540,6.28,4
600808,马钢股份,2012-12-31,2,5633.6160,0.73,370.7780,0.68,2
600809,山西汾酒,2012-12-31,8,6021.9110,6.95,-524.5870,7.56,8
600811,东方集团,2012-12-31,3,3625.2380,2.17,870.7150,1.65,3
600812,华北制药,2012-12-31,1,4314.9600,3.13,-165.3900,4.36,1
600814,杭州解百,2012-12-31,2,265.0000,0.85,0.0000,0.85,2
600815,厦工股份,2012-12-31,7,7822.3530,8.16,7699.4230,0.15,1
600816,安信信托,2012-12-31,2,1221.7860,2.69,40.8290,2.60,2
600820,隧道股份,2012-12-31,1,204.5300,0.16,-95.4700,0.23,1
600823,世茂股份,2012-12-31,4,6523.6870,5.57,-2723.7830,7.90,4
600824,益民集团,2012-12-31,2,299.6950,0.41,142.0210,0.22,1
600827,友谊股份,2012-12-31,2,2218.0000,1.29,-365.7500,1.50,2
600828,成商集团,2012-12-31,3,4601.2800,8.07,800.4650,6.66,3
600830,香溢融通,2012-12-31,1,200.0000,0.44,-701.3110,1.98,2
600831,广电网络,2012-12-31,3,1238.4220,2.20,-992.2260,3.96,4
600832,东方明珠,2012-12-31,2,1992.2400,0.63,501.4530,0.47,2
600835,上海机电,2012-12-31,1,409.7460,0.40,11.7520,0.39,1
600838,上海九百,2012-12-31,1,176.2190,0.44,176.2190,0.00,0
600839,四川长虹,2012-12-31,4,6789.6790,1.47,-1189.0700,1.73,6
600844,丹化科技,2012-12-31,1,508.9070,0.65,-520.0030,1.32,1
600845,宝信软件,2012-12-31,1,163.1130,0.48,-708.4030,2.56,1
600847,万里股份,2012-12-31,2,768.8110,8.67,402.2590,4.13,1
601607,上海医药,2012-12-31,3,6410.0700,2.38,715.3800,2.12,3
600850,华东电脑,2012-12-31,1,324.4670,1.01,-1278.8680,4.98,2
600858,银座股份,2012-12-31,5,6986.4330,13.43,837.7210,11.82,4
600859,王府井,2012-12-31,6,3244.3140,7.01,-154.0260,7.34,5
600861,北京城乡,2012-12-31,2,954.8423,3.01,-178.6457,3.58,3
600863,内蒙华电,2012-12-31,5,6611.5090,2.56,873.3900,2.22,4
600867,通化东宝,2012-12-31,9,9744.0340,12.55,2469.2720,9.37,8
600871,仪征化纤,2012-12-31,1,2822.0000,0.71,-374.7204,0.80,2
600872,中炬高新,2012-12-31,2,956.8690,1.20,311.7190,0.81,2
600874,创业环保,2012-12-31,1,138.0640,0.10,4.2300,0.09,1
600875,东方电气,2012-12-31,3,1862.3600,0.93,1132.3600,0.36,1
600879,航天电子,2012-12-31,1,1730.0000,2.13,-988.8480,3.35,3
600880,博瑞传播,2012-12-31,5,3430.5400,5.46,-3793.1350,11.50,6
600881,亚泰集团,2012-12-31,4,5854.0200,3.09,-145.4350,3.17,4
600886,国投电力,2012-12-31,5,23956.0300,6.81,-2388.2500,7.49,6
600887,伊利股份,2012-12-31,4,10274.0300,6.43,1696.4800,5.37,3
600889,南京化纤,2012-12-31,2,392.0930,1.28,392.0930,0.00,0
000430,张家界,2012-12-31,7,3372.7890,10.51,-41.7350,10.64,8
000488,晨鸣纸业,2012-12-31,2,3042.1900,1.48,3042.1900,0.00,0
000501,鄂武商A,2012-12-31,3,5287.1200,10.42,-1264.0000,12.92,4
000503,海虹控股,2012-12-31,3,3153.3500,3.51,-190.4800,3.72,4
000506,中润资源,2012-12-31,1,539.8590,0.70,228.2150,0.40,1
000507,珠海港,2012-12-31,1,343.6290,0.55,30.8280,0.50,1
000510,金路集团,2012-12-31,1,193.4010,0.32,5.9400,0.31,1
000511,银基发展,2012-12-31,1,1511.4600,1.31,-1224.5700,2.37,1
000513,丽珠集团,2012-12-31,5,3134.1830,10.60,474.1830,8.99,5
000514,渝开发,2012-12-31,2,2151.8700,2.81,-229.8440,3.10,3
000516,开元投资,2012-12-31,5,4123.4020,5.78,-363.9620,6.29,5
000518,四环生物,2012-12-31,2,557.1540,0.54,26.6310,0.52,2
000519,江南红箭,2012-12-31,1,155.8950,0.82,19.6770,0.71,1
000525,红太阳,2012-12-31,4,2279.8920,4.49,309.8290,3.88,4
000528,柳工,2012-12-31,6,6857.4850,6.09,1442.7630,4.81,5
000529,广弘控股,2012-12-31,2,1146.6480,1.96,-64.8800,2.08,2
000531,穗恒运A,2012-12-31,3,752.5410,2.20,-102.1240,2.50,4
000534,万泽股份,2012-12-31,1,299.9930,0.60,299.9930,0.00,0
000536,华映科技,2012-12-31,3,1519.6220,2.17,317.4920,1.72,1
000537,广宇发展,2012-12-31,3,2399.9830,4.68,-1949.1330,8.48,5
000538,云南白药,2012-12-31,5,3225.6670,4.65,381.5190,4.10,5
000539,粤电力A,2012-12-31,2,3818.0500,0.87,-1227.6300,1.80,3
000540,中天城投,2012-12-31,5,5184.6390,4.05,-4051.6990,7.22,6
000543,皖能电力,2012-12-31,4,2505.6320,3.24,57.9120,3.17,5
000547,闽福发A,2012-12-31,2,2905.5740,3.48,-2130.8160,6.03,2
000550,江铃汽车,2012-12-31,2,2782.5980,3.22,-248.4680,3.51,2
000552,靖远煤电,2012-12-31,2,171.5751,0.96,-460.7320,3.55,4
000553,沙隆达A,2012-12-31,1,99.9901,0.17,99.9901,0.00,0
000558,莱茵置业,2012-12-31,1,233.8530,0.37,-663.7200,1.42,3
000559,万向钱潮,2012-12-31,4,3704.4330,2.33,-32.7150,2.35,4
000560,昆百大A,2012-12-31,2,362.8640,2.21,-216.9100,3.52,2
000562,宏源证券,2012-12-31,5,3662.7160,1.84,413.0810,1.64,4
000563,陕国投A,2012-12-31,1,121.3460,0.21,-578.7350,1.21,4
000566,海南海药,2012-12-31,4,7924.7900,16.00,4090.3130,15.49,4
000568,泸州老窖,2012-12-31,7,10337.7530,7.39,-372.1310,7.66,7
000570,苏常柴A,2012-12-31,1,333.2080,0.59,333.2080,0.00,0
000571,新大洲A,2012-12-31,1,164.6520,0.22,-382.6450,0.74,3
000572,海马汽车,2012-12-31,1,313.2710,0.19,313.2710,0.00,0
000573,粤宏远A,2012-12-31,1,553.6800,0.89,-19.5000,0.92,1
000581,威孚高科,2012-12-31,5,5618.0120,8.26,-249.4990,8.63,5
000584,友利控股,2012-12-31,1,670.0150,1.64,-1270.0770,4.74,2
000586,汇源通信,2012-12-31,1,119.5400,0.62,0.0000,0.62,1
000589,黔轮胎A,2012-12-31,2,319.1560,0.65,182.6150,0.28,1
000590,紫光古汉,2012-12-31,2,558.0200,2.50,-2.2800,2.51,2
000591,桐君阁,2012-12-31,1,110.0000,0.40,-291.9300,1.46,1
000592,中福实业,2012-12-31,2,2460.5890,2.90,-2545.8310,5.91,3
000593,大通燃气,2012-12-31,1,69.8581,0.31,3.8502,0.30,1
000596,古井贡酒,2012-12-31,3,1595.4970,3.17,597.9400,1.98,2
000598,兴蓉投资,2012-12-31,3,4499.0100,3.90,1884.4600,2.27,2
000599,青岛双星,2012-12-31,1,578.3430,1.10,0.0000,1.10,1
000600,建投能源,2012-12-31,5,2786.4840,3.05,-483.2800,3.58,6
000601,韶能股份,2012-12-31,2,661.2150,0.71,-233.6070,0.97,2
000603,盛达矿业,2012-12-31,5,536.2914,1.06,194.6215,0.68,4
000608,阳光股份,2012-12-31,2,1776.8630,2.37,649.9730,1.50,1
000612,焦作万方,2012-12-31,2,520.0610,1.08,-1125.1830,3.43,5
000616,亿城股份,2012-12-31,2,5973.1100,5.01,-1286.7200,6.09,3
000617,*ST济柴,2012-12-31,1,344.5440,1.20,0.0000,1.20,1
000619,海螺型材,2012-12-31,2,405.0590,1.13,152.5480,0.70,1
000620,新华联,2012-12-31,1,229.9540,0.14,229.9540,0.00,0
000623,吉林敖东,2012-12-31,5,5656.0640,6.32,-823.5710,7.24,6
000625,长安汽车,2012-12-31,4,12631.7900,2.71,-2715.0600,3.29,5
000627,天茂集团,2012-12-31,4,1560.0920,1.15,210.6420,1.00,4
000629,攀钢钒钛,2012-12-31,3,14172.4700,1.65,-739.7900,1.74,3
000630,铜陵有色,2012-12-31,8,6092.6270,4.29,-581.2330,4.69,8
000631,顺发恒业,2012-12-31,1,188.7000,0.18,-82.0730,0.26,1
000635,英力特,2012-12-31,3,1307.5350,4.31,137.4530,3.86,4
000636,风华高科,2012-12-31,1,170.4080,0.25,170.4080,0.00,0
000639,西王食品,2012-12-31,4,723.7360,3.84,147.6860,3.06,3
000650,仁和药业,2012-12-31,4,8000.5300,8.08,-2476.5770,10.58,6
000651,格力电器,2012-12-31,2,7576.2000,2.52,-340.7000,2.63,2
000655,金岭矿业,2012-12-31,2,407.1940,0.68,407.1940,0.00,0
000656,金科股份,2012-12-31,5,2818.6840,2.43,-832.5190,3.15,6
000659,珠海中富,2012-12-31,1,3126.7700,2.43,-999.9990,3.21,2
000661,长春高新,2012-12-31,5,1508.7980,11.49,-78.1840,12.08,6
000665,湖北广电,2012-12-31,6,1228.4060,3.16,-3.1820,6.94,5
000666,经纬纺机,2012-12-31,2,499.6199,0.71,-741.9281,2.06,4
000669,金鸿能源,2012-12-31,9,1865.4300,6.93,20.6700,19.94,9
000671,阳光城,2012-12-31,7,6178.1160,11.53,1187.6120,9.31,7
000679,大连友谊,2012-12-31,5,1463.5860,4.11,212.7290,3.51,4
000680,山推股份,2012-12-31,3,1709.9860,1.50,-4145.3630,5.14,7
000682,东方电子,2012-12-31,3,914.6070,0.94,410.9300,0.51,2
000683,远兴能源,2012-12-31,2,964.6350,1.26,728.3550,0.31,1
000686,东北证券,2012-12-31,2,1113.5670,1.14,-404.7710,1.55,3
000690,宝新能源,2012-12-31,6,8070.2870,4.67,-514.8730,4.97,6
000697,炼石有色,2012-12-31,2,296.2110,0.62,-120.6124,0.87,3
000698,沈阳化工,2012-12-31,1,147.9460,0.22,5.5700,0.22,1
000700,模塑科技,2012-12-31,1,253.8550,0.82,-523.3470,2.51,1
000703,恒逸石化,2012-12-31,2,712.4860,0.62,712.4860,0.00,0
000705,浙江震元,2012-12-31,3,695.5540,4.16,228.1360,3.73,3
000708,大冶特钢,2012-12-31,2,518.4590,1.15,-684.2590,2.68,3
000709,河北钢铁,2012-12-31,6,23712.4400,2.23,356.9700,2.20,6
000710,天兴仪表,2012-12-31,1,49.9971,0.33,0.0000,0.33,1
000712,锦龙股份,2012-12-31,2,803.9980,1.79,-62.7920,1.93,2
000713,丰乐种业,2012-12-31,1,110.5460,0.37,46.1670,0.22,1
000715,中兴商业,2012-12-31,3,1485.6500,5.32,1485.6500,0.00,0
000716,南方食品,2012-12-31,2,534.3320,3.00,-464.6930,5.60,4
000717,*ST韶钢,2012-12-31,1,261.4300,0.16,-340.1280,0.36,2
000718,苏宁环球,2012-12-31,4,15663.7400,7.67,-2681.4900,8.98,5
000721,西安饮食,2012-12-31,1,664.6300,3.33,11.1700,3.28,1
000725,京东方A,2012-12-31,1,34281.0000,2.54,3350.1000,2.29,1
000726,鲁泰A,2012-12-31,2,679.2600,0.67,0.0000,0.67,2
000728,国元证券,2012-12-31,1,2147.1300,1.09,-1152.9400,1.68,2
000729,燕京啤酒,2012-12-31,1,1723.5800,0.68,-1382.1300,1.23,2
000731,四川美丰,2012-12-31,4,2431.2240,4.84,1768.2830,1.32,1
000732,泰禾集团,2012-12-31,2,1319.8400,1.30,-433.4460,1.72,4
000735,罗牛山,2012-12-31,1,279.4160,0.32,8.5700,0.31,1
000738,中航动控,2012-12-31,1,60.2008,0.06,-279.9212,0.36,2
000739,普洛药业,2012-12-31,6,2614.6450,10.18,1394.9900,4.75,4
000748,长城信息,2012-12-31,1,124.0400,0.33,0.0000,0.33,1
000750,国海证券,2012-12-31,3,925.7980,0.52,925.7980,0.00,0
000758,中色股份,2012-12-31,5,2560.9120,3.34,59.2850,3.26,5
000759,中百集团,2012-12-31,2,4264.0200,6.26,-2731.2210,10.27,4
000761,本钢板材,2012-12-31,1,2835.7200,0.90,-2162.7300,1.59,1
000762,西藏矿业,2012-12-31,3,1508.0910,3.17,361.0920,2.41,2
000767,漳泽电力,2012-12-31,1,499.9930,0.38,-296.0000,0.60,2
000768,中航飞机,2012-12-31,6,6921.7330,2.61,416.6480,2.63,6
000777,中核科技,2012-12-31,3,149.0224,0.70,149.0224,0.00,0
000778,新兴铸管,2012-12-31,8,9428.1960,4.92,1359.2980,4.21,6
000779,三毛派神,2012-12-31,2,550.9140,2.95,-187.8650,3.96,2
000780,平庄能源,2012-12-31,6,3941.9730,3.89,-1548.1320,5.41,8
000783,长江证券,2012-12-31,1,3405.9600,1.44,-150.6000,1.50,1
000785,武汉中商,2012-12-31,1,80.7148,0.32,80.7148,0.00,0
000786,北新建材,2012-12-31,7,4362.6050,7.59,-2117.6310,11.27,7
000788,北大医药,2012-12-31,3,1278.5280,2.15,-1214.9960,4.18,4
000789,江西水泥,2012-12-31,7,3904.0740,9.55,1338.5680,6.48,6
000792,盐湖股份,2012-12-31,2,1653.8040,1.04,-172.3360,1.15,2
000793,华闻传媒,2012-12-31,3,3431.3100,2.52,-39.7870,2.55,3
000797,中国武夷,2012-12-31,1,430.0000,1.10,-221.0540,1.67,1
000798,中水渔业,2012-12-31,1,244.7840,0.77,-128.7570,1.17,1
000799,酒鬼酒,2012-12-31,3,1103.9070,3.40,-955.0900,6.34,5
000800,一汽轿车,2012-12-31,5,6853.0200,4.21,-1519.6000,5.14,5
000807,云铝股份,2012-12-31,6,4079.9270,2.65,2097.6380,1.29,5
000809,铁岭新城,2012-12-31,3,449.7750,0.82,449.7750,0.00,0
000811,烟台冰轮,2012-12-31,4,956.3898,2.42,-3170.7482,10.46,6
000813,天山纺织,2012-12-31,1,97.2868,0.27,97.2868,0.00,0
000816,江淮动力,2012-12-31,2,5152.8200,4.73,132.3500,4.61,1
000818,方大化工,2012-12-31,1,528.4480,0.78,0.0000,0.78,1
000822,山东海化,2012-12-31,1,982.3240,1.10,757.0230,0.25,1
000823,超声电子,2012-12-31,1,97.8745,0.22,-600.8985,1.59,3
000825,太钢不锈,2012-12-31,5,11721.4400,2.06,3161.0500,1.50,3
000826,桑德环境,2012-12-31,9,5239.4420,10.52,250.8200,10.01,9
000828,东莞控股,2012-12-31,1,132.0050,0.13,132.0050,0.00,0
000837,秦川发展,2012-12-31,3,1237.8220,3.55,-377.5680,4.63,2
000839,中信国安,2012-12-31,5,5171.2450,3.30,711.8910,2.84,4
000848,承德露露,2012-12-31,8,5502.0100,13.70,-240.4380,14.30,8
000850,华茂股份,2012-12-31,1,219.6530,0.23,-530.3470,0.79,1
000852,江钻股份,2012-12-31,2,99.3427,0.25,-56.0463,0.39,3
000858,五粮液,2012-12-31,5,9881.4700,2.60,-4139.4300,3.69,8
000860,顺鑫农业,2012-12-31,4,2399.5700,5.47,781.6980,3.69,4
000861,海印股份,2012-12-31,8,2958.6580,6.01,-772.7210,7.58,7
000869,张裕A,2012-12-31,1,652.9780,0.95,194.4560,0.67,1
000875,吉电股份,2012-12-31,1,257.1500,0.31,-482.4480,0.88,2
000877,天山股份,2012-12-31,6,3561.2110,4.05,536.9980,3.44,5
000878,云南铜业,2012-12-31,3,2580.3820,1.82,865.8410,1.21,2
000880,潍柴重机,2012-12-31,3,367.6894,1.33,58.6612,1.12,2
000883,湖北能源,2012-12-31,3,613.7400,0.23,460.7700,0.06,1
000885,同力水泥,2012-12-31,2,943.3960,2.87,623.5880,0.97,2
000886,海南高速,2012-12-31,1,251.1390,0.25,7.7000,0.25,1
000887,中鼎股份,2012-12-31,7,5951.3570,9.99,-1377.6250,12.30,7
000888,峨眉山A,2012-12-31,8,3915.8260,16.65,594.8850,14.12,6
000893,东凌粮油,2012-12-31,2,273.2135,1.23,-232.2465,2.28,2
000895,双汇发展,2012-12-31,4,2785.3870,2.53,140.4840,2.40,4
000897,津滨发展,2012-12-31,3,1256.8220,0.78,291.2420,0.60,3
000898,*ST鞍钢,2012-12-31,2,3161.9800,0.44,-3452.4800,0.91,4
000900,现代投资,2012-12-31,1,133.0600,0.22,4.0780,0.22,1
000901,航天科技,2012-12-31,1,120.2760,0.48,-119.1630,0.96,2
000903,云内动力,2012-12-31,1,277.5020,0.41,-29.6370,0.45,2
000906,物产中拓,2012-12-31,3,456.5350,1.38,37.9960,1.27,2
000910,大亚科技,2012-12-31,2,996.2100,1.89,-1012.4670,3.81,2
000911,南宁糖业,2012-12-31,4,789.5141,2.75,-54.6237,2.94,3
000912,泸天化,2012-12-31,3,282.4373,0.48,192.4206,0.15,1
000915,山大华特,2012-12-31,8,3019.0570,16.75,-70.2140,17.14,8
000917,电广传媒,2012-12-31,5,5160.6120,5.08,-715.5510,5.78,5
000918,嘉凯城,2012-12-31,1,2379.3100,1.32,-2555.6190,2.74,3
000919,金陵药业,2012-12-31,4,1815.7420,3.60,319.8550,2.97,3
000921,海信科龙,2012-12-31,4,1526.3960,1.13,1526.3960,0.00,0
000923,河北宣工,2012-12-31,1,83.3925,0.42,-172.4005,1.29,2
000926,福星股份,2012-12-31,9,10661.6890,14.97,140.1430,14.77,9
000927,一汽夏利,2012-12-31,6,5639.1190,3.54,-431.5200,3.81,6
000931,中关村,2012-12-31,2,310.4050,0.46,165.0350,0.22,1
000932,华菱钢铁,2012-12-31,5,11205.1820,3.72,1674.6820,3.16,3
000933,神火股份,2012-12-31,4,5507.1450,2.90,-2330.4750,4.12,4
000935,四川双马,2012-12-31,3,216.4831,0.35,89.6282,0.21,2
000936,华西股份,2012-12-31,1,233.9620,0.31,-64.1840,0.40,2
000937,冀中能源,2012-12-31,6,4278.7230,1.85,-1643.1460,2.56,7
000939,凯迪电力,2012-12-31,2,3069.9700,3.25,-2258.7100,5.65,2
000951,中国重汽,2012-12-31,8,2621.9050,6.25,1321.4548,3.10,6
000960,锡业股份,2012-12-31,5,3432.4880,3.79,-90.1040,3.89,5
000961,中南建设,2012-12-31,9,10602.2190,9.08,-820.2930,9.78,10
000962,东方钽业,2012-12-31,3,243.1343,0.55,-679.9177,2.09,3
000963,华东医药,2012-12-31,7,4877.0560,11.24,-35.5980,11.32,7
000966,长源电力,2012-12-31,2,1454.1940,2.62,15.6900,2.60,2
000967,上风高科,2012-12-31,1,97.0387,0.47,0.0000,0.47,1
000968,煤气化,2012-12-31,4,1240.0910,2.41,-806.3090,3.98,6
000969,安泰科技,2012-12-31,4,2445.4110,2.83,-22.5310,2.86,4
000970,中科三环,2012-12-31,5,2257.7600,4.24,379.1220,3.53,4
000973,佛塑科技,2012-12-31,3,859.2290,0.94,-872.9440,1.89,4
000978,桂林旅游,2012-12-31,1,367.5480,1.02,-532.4400,2.50,2
000979,中弘股份,2012-12-31,3,5032.3790,4.97,-317.4910,5.29,2
000982,中银绒业,2012-12-31,3,1953.6520,2.72,-1148.9820,4.32,4
000983,西山煤电,2012-12-31,4,8545.4200,2.71,-781.0100,2.96,4
000987,广州友谊,2012-12-31,4,3273.7620,9.12,-459.1830,10.40,6
000988,华工科技,2012-12-31,2,3448.2200,3.87,-810.4800,4.78,2
000989,九芝堂,2012-12-31,6,2448.7660,8.23,-2023.3360,15.03,7
000993,闽东电力,2012-12-31,1,538.3320,1.44,-27.7620,1.52,1
000996,中国中期,2012-12-31,2,266.2000,1.16,-25.0000,1.27,2
000997,新大陆,2012-12-31,2,292.7860,0.57,182.8640,0.22,1
000998,隆平高科,2012-12-31,6,3447.7760,8.29,-266.0860,8.93,5
000999,华润三九,2012-12-31,7,8731.8400,8.92,2294.2090,6.58,6
600537,亿晶光电,2012-12-31,1,199.9920,0.41,199.9920,0.00,0
600408,安泰集团,2012-12-31,4,1042.8620,1.04,-60.3660,1.10,5
600521,华海药业,2012-12-31,6,6141.4310,11.22,-1411.7870,13.80,6
600460,士兰微,2012-12-31,1,1000.0000,1.15,0.0000,1.15,1
600575,芜湖港,2012-12-31,1,725.1820,0.60,25.0000,0.58,1
600375,华菱星马,2012-12-31,1,189.9900,0.47,24.9000,0.41,1
600502,安徽水利,2012-12-31,3,769.2770,2.30,557.3020,0.63,2
600481,双良节能,2012-12-31,2,339.9740,0.42,339.9740,0.00,0
600004,白云机场,2012-12-31,2,657.4330,0.57,-1125.4400,1.55,4
600570,恒生电子,2012-12-31,6,11289.2600,18.10,-873.0700,19.50,7
600392,盛和资源,2012-12-31,1,100.0000,0.27,0.0000,0.64,1
600584,长电科技,2012-12-31,3,661.6880,0.78,222.0720,0.52,2
600251,冠农股份,2012-12-31,3,1198.5980,3.31,32.7410,3.22,3
600436,片仔癀,2012-12-31,3,387.5680,2.77,-43.2640,3.08,3
600409,三友化工,2012-12-31,1,234.9820,0.13,-783.5140,0.55,2
600031,三一重工,2012-12-31,5,12361.8300,1.63,2311.2700,1.32,4
600435,北方导航,2012-12-31,3,292.5704,0.39,93.3014,0.27,2
600439,瑞贝卡,2012-12-31,2,1540.0310,1.63,6.2160,1.63,2
600271,航天信息,2012-12-31,2,2131.2300,2.31,-5922.2170,8.72,4
600423,柳化股份,2012-12-31,1,1290.4500,3.23,-17.8600,3.28,1
600475,华光股份,2012-12-31,1,145.4090,0.57,0.0000,0.57,1
600425,青松建化,2012-12-31,4,1730.7930,2.51,403.4250,1.93,3
600029,南方航空,2012-12-31,1,3630.1400,0.37,3630.1400,0.00,0
600352,浙江龙盛,2012-12-31,1,1801.2300,1.23,647.5200,0.79,1
600485,中创信测,2012-12-31,1,100.0000,0.72,-433.7410,3.85,2
600020,中原高速,2012-12-31,1,241.6080,0.11,-18.0990,0.12,1
600489,中金黄金,2012-12-31,1,1856.2400,0.63,-1277.0100,1.06,2
600480,凌云股份,2012-12-31,1,179.9330,0.50,179.9330,0.00,0
600348,阳泉煤业,2012-12-31,7,5802.7600,2.41,-1049.1670,2.85,8
600487,亨通光电,2012-12-31,3,447.6411,2.16,331.7301,0.56,1
600547,山东黄金,2012-12-31,5,3422.4030,2.40,-135.2300,2.50,5
600449,宁夏建材,2012-12-31,3,737.9000,1.54,-275.4978,2.12,5
600432,吉恩镍业,2012-12-31,3,640.4240,0.79,-9.1250,0.80,4
600015,华夏银行,2012-12-31,1,5110.6000,0.75,5110.6000,0.00,0
600507,方大特钢,2012-12-31,4,2800.9400,2.15,1541.8870,0.97,3
600403,大有能源,2012-12-31,1,253.3300,0.21,-1475.0180,2.07,5
600517,置信电气,2012-12-31,3,3123.3610,5.05,-619.8920,6.05,3
600406,国电南瑞,2012-12-31,6,12582.7300,7.99,-2373.7300,9.49,8
600469,风神股份,2012-12-31,4,2426.7380,6.47,1006.4885,3.79,3
600021,上海电力,2012-12-31,5,9046.8300,4.23,-1141.4110,4.76,6
600184,光电股份,2012-12-31,5,878.4750,4.20,878.4750,0.00,0
600527,江南高纤,2012-12-31,5,9910.4800,12.36,-561.6500,13.06,5
600545,新疆城建,2012-12-31,2,292.5770,0.43,14.0050,0.41,2
600446,金证股份,2012-12-31,3,1440.3750,5.52,-42.2150,5.68,3
600340,华夏幸福,2012-12-31,5,5045.1520,5.72,-72.0690,5.80,5
600540,新赛股份,2012-12-31,1,199.9840,0.66,199.9840,0.00,0
600354,敦煌种业,2012-12-31,1,199.9970,0.45,39.9970,0.36,1
600249,两面针,2012-12-31,1,150.7170,0.33,0.0000,0.33,1
000100,TCL集团,2012-12-31,6,48425.3200,5.71,9191.3900,4.63,5
600387,海越股份,2012-12-31,2,1387.8830,3.59,272.9920,2.89,2
600325,华发股份,2012-12-31,4,6368.1400,7.79,-1844.3870,10.05,5
600438,通威股份,2012-12-31,5,5190.4420,7.55,-620.5000,8.45,7
600470,六国化工,2012-12-31,1,132.4600,0.25,33.6710,0.19,1
600035,楚天高速,2012-12-31,1,2749.9800,2.95,0.0000,2.95,1
600479,千金药业,2012-12-31,6,3944.6160,12.94,1290.0670,8.71,5
600284,浦东建设,2012-12-31,6,3759.3110,7.55,1046.9600,5.44,4
600594,益佰制药,2012-12-31,6,7211.1180,19.99,656.4050,18.17,6
600543,莫高股份,2012-12-31,1,1021.0700,3.18,0.0000,3.18,1
600467,好当家,2012-12-31,3,2643.4070,3.62,-1014.6850,5.01,6
002181,粤传媒,2012-12-31,3,532.2770,0.77,165.7430,0.53,2
600969,郴电国际,2012-12-31,6,1702.0100,8.09,-529.3110,10.61,6
600572,康恩贝,2012-12-31,8,6625.6300,8.18,976.5610,8.03,8
600976,武汉健民,2012-12-31,6,2131.6080,13.90,477.5480,10.78,5
600497,驰宏锌锗,2012-12-31,4,3173.5030,2.42,650.1140,1.93,5
600990,四创电子,2012-12-31,5,1115.2608,9.48,622.1310,4.19,2
600993,马应龙,2012-12-31,5,2744.7940,8.28,-615.8300,10.14,6
600967,北方创业,2012-12-31,6,2237.4260,9.79,417.1110,10.51,6
600963,岳阳林纸,2012-12-31,4,4509.7840,4.32,2448.1190,2.45,2
600495,晋西车轴,2012-12-31,5,1317.6070,4.36,492.0500,2.73,4
600461,洪城水业,2012-12-31,1,247.5960,0.75,-100.0000,1.05,1
600997,开滦股份,2012-12-31,3,2270.2800,1.84,-214.1560,2.01,4
600975,新五丰,2012-12-31,1,84.5417,0.36,19.8500,0.28,1
600995,文山电力,2012-12-31,5,1770.8480,3.70,-714.1530,5.19,4
600420,现代制药,2012-12-31,3,1743.1000,6.06,-153.1360,6.59,4
002001,新和成,2012-12-31,7,6781.4540,9.34,-726.8260,10.34,8
002003,伟星股份,2012-12-31,3,930.0260,3.59,75.3610,3.30,2
600962,国投中鲁,2012-12-31,1,330.8810,1.26,-523.9410,3.26,2
002004,华邦颖泰,2012-12-31,4,3397.3700,6.76,166.2530,6.43,4
002005,德豪润达,2012-12-31,2,783.6860,0.67,-1946.9320,2.34,4
600143,金发科技,2012-12-31,2,10230.3500,3.88,-646.6200,4.13,2
002006,精功科技,2012-12-31,3,749.8220,1.65,-2242.7000,6.57,5
002007,华兰生物,2012-12-31,4,3193.7900,5.54,149.1140,5.28,4
002008,大族激光,2012-12-31,6,7520.7320,7.20,2612.4070,4.70,5
600022,山东钢铁,2012-12-31,3,3048.1500,0.47,-68.7670,0.48,4
002010,传化股份,2012-12-31,1,1519.9100,3.11,273.3000,2.55,1
002013,中航精机,2012-12-31,3,701.6700,0.98,366.9330,1.19,2
002014,永新股份,2012-12-31,5,3885.5870,11.93,196.0880,11.33,5
002016,世荣兆业,2012-12-31,1,240.5020,0.52,-400.7110,1.39,3
002017,东信和平,2012-12-31,1,355.8060,1.63,-392.0440,3.42,4
600482,风帆股份,2012-12-31,3,363.4090,0.79,-237.5877,1.30,3
002020,京新药业,2012-12-31,2,750.1590,5.94,85.0090,5.27,2
002022,科华生物,2012-12-31,4,4468.3090,9.08,-145.5350,9.37,4
002023,海特高新,2012-12-31,7,3846.0950,13.03,-136.3510,13.49,7
002024,苏宁云商,2012-12-31,4,21655.5800,2.93,-1118.1700,3.08,4
002025,航天电器,2012-12-31,4,2824.1770,8.56,-211.8080,9.20,5
002026,山东威达,2012-12-31,1,70.4665,0.40,70.4665,0.00,0
600983,合肥三洋,2012-12-31,3,1130.7720,2.12,-139.8268,2.38,6
600973,宝胜股份,2012-12-31,1,272.0570,0.89,-175.1190,1.47,1
002027,七喜控股,2012-12-31,1,97.0311,0.32,0.0000,0.32,1
002028,思源电气,2012-12-31,5,3499.4500,7.96,107.4710,7.71,5
002029,七匹狼,2012-12-31,8,8226.4720,16.33,-60.3680,16.45,8
002030,达安基因,2012-12-31,1,242.4470,0.58,10.4300,0.56,1
002031,巨轮股份,2012-12-31,2,632.2340,1.52,217.1740,1.01,3
600971,恒源煤电,2012-12-31,4,1286.4160,1.29,-1325.7930,2.61,6
002032,苏泊尔,2012-12-31,4,2088.6670,3.29,-516.1060,4.10,5
600978,宜华木业,2012-12-31,1,4187.5000,3.63,0.0000,3.63,1
002033,丽江旅游,2012-12-31,4,1302.8570,7.95,-727.5790,12.40,7
002035,华帝股份,2012-12-31,4,956.4710,3.33,826.4710,0.53,1
002037,久联发展,2012-12-31,6,2349.7570,11.48,-351.8320,13.20,7
002038,双鹭药业,2012-12-31,5,2335.8140,6.14,386.4160,5.12,4
600027,华电国际,2012-12-31,3,16335.1000,2.22,-181.9400,2.24,3
002039,黔源电力,2012-12-31,2,555.4880,2.73,255.4880,1.47,1
600970,中材国际,2012-12-31,5,2041.8020,1.87,974.7450,0.98,2
002041,登海种业,2012-12-31,6,1335.8780,3.80,632.0040,2.00,4
002042,华孚色纺,2012-12-31,1,961.6360,1.15,0.0000,1.15,1
002043,兔宝宝,2012-12-31,1,279.8590,0.60,-156.6310,0.93,1
002044,江苏三友,2012-12-31,2,649.9750,2.90,89.0030,2.50,2
002046,轴研科技,2012-12-31,1,90.0000,0.32,-280.2800,1.33,2
002048,宁波华翔,2012-12-31,1,381.6930,0.72,4.5900,0.71,1
002049,同方国芯,2012-12-31,7,2113.4260,7.12,491.0030,6.71,6
002050,三花股份,2012-12-31,1,520.0020,0.87,520.0020,0.00,0
601588,北辰实业,2012-12-31,2,2017.0050,0.60,117.2360,0.56,2
002594,比亚迪,2012-12-31,1,1493.4300,0.63,-8.3000,0.64,1
601633,长城汽车,2012-12-31,8,8492.5400,2.79,16.5350,2.79,8
601866,中海集运,2012-12-31,7,11739.5400,1.00,1453.0200,0.88,7
601899,紫金矿业,2012-12-31,3,18358.3600,0.84,-3609.1300,1.01,4
002672,东江环保,2012-12-31,9,934.7686,6.21,6.0131,6.17,9
002051,中工国际,2012-12-31,5,2850.4020,4.47,-407.0750,5.69,5
002052,同洲电子,2012-12-31,2,1823.1780,5.34,9.1900,5.31,2
002053,云南盐化,2012-12-31,1,142.2240,0.77,0.0000,0.77,1
601688,华泰证券,2012-12-31,2,8701.6200,1.55,5142.2000,0.64,1
002500,山西证券,2012-12-31,1,1164.3100,0.49,1164.3100,0.00,0
002673,西部证券,2012-12-31,4,694.9800,0.58,260.8659,0.36,3
601988,中国银行,2012-12-31,1,6295.0200,0.02,6295.0200,0.00,0
601998,中信银行,2012-12-31,1,6082.8300,0.13,2582.8300,0.07,1
601628,中国人寿,2012-12-31,3,7810.2900,0.28,-154.7700,0.28,3
600018,上港集团,2012-12-31,1,2207.7700,0.10,0.0000,0.10,1
300139,福星晓程,2012-12-31,3,215.3046,1.96,215.3046,0.00,0
002110,三钢闽光,2012-12-31,2,432.3300,0.81,-53.2640,0.91,2
002281,光迅科技,2012-12-31,1,97.1107,0.61,-84.8981,1.14,2
300205,天喻信息,2012-12-31,1,130.8350,0.91,-178.6540,2.16,3
601857,中国石油,2012-12-31,3,9930.3000,0.05,-5985.1400,0.09,5
002302,西部建设,2012-12-31,1,159.3630,0.76,159.3630,0.00,0
002298,鑫龙电器,2012-12-31,1,204.2760,0.50,0.0000,0.50,1
002462,嘉事堂,2012-12-31,1,552.1640,2.30,-362.3170,3.81,1
002106,莱宝高科,2012-12-31,5,5248.2300,8.74,597.3480,7.75,5
300077,国民技术,2012-12-31,1,344.3710,1.27,0.0000,1.27,1
601088,中国神华,2012-12-31,4,10575.0400,0.53,1011.7900,0.48,4
300105,龙源技术,2012-12-31,8,1508.6030,5.29,-123.5510,5.72,8
002306,湘鄂情,2012-12-31,1,1318.7100,3.30,-241.2000,3.90,3
300026,红日药业,2012-12-31,7,1754.1770,7.04,-147.1700,8.39,9
002139,拓邦股份,2012-12-31,1,85.9947,0.39,-89.7627,0.80,2
601333,广深铁路,2012-12-31,4,17230.0500,2.43,-646.5000,2.52,5
002187,广百股份,2012-12-31,1,128.0820,0.37,0.0000,0.37,1
002230,科大讯飞,2012-12-31,6,4790.4930,12.67,1067.9390,9.85,5
002167,东方锆业,2012-12-31,2,2994.6900,7.23,235.2140,6.67,2
002088,鲁阳股份,2012-12-31,2,447.5500,1.91,-684.8809,4.84,3
002643,烟台万润,2012-12-31,3,497.2340,3.61,175.2668,2.34,4
601126,四方股份,2012-12-31,2,693.1270,1.70,-245.8520,2.31,3
002267,陕天然气,2012-12-31,1,208.0440,0.20,15.8000,0.19,1
002153,石基信息,2012-12-31,6,3760.9720,12.17,-163.4740,12.70,6
601608,中信重工,2012-12-31,2,1240.0000,0.45,1240.0000,0.00,0
002331,皖通科技,2012-12-31,2,604.7929,4.52,-106.1044,5.31,4
002063,远光软件,2012-12-31,6,7440.0820,16.79,-797.6740,18.64,7
002056,横店东磁,2012-12-31,4,889.6210,2.17,-168.6930,2.58,5
002116,中国海诚,2012-12-31,5,1126.3331,5.49,179.3041,4.62,5
002457,青龙管业,2012-12-31,4,1249.1970,3.73,-1111.7350,7.05,4
002186,全聚德,2012-12-31,1,52.1195,0.37,52.1195,0.00,0
002338,奥普光电,2012-12-31,5,852.0550,7.10,-38.3520,7.42,5
002320,海峡股份,2012-12-31,1,150.6960,0.35,-749.0990,2.11,2
002195,海隆软件,2012-12-31,3,371.0762,3.26,-19.3566,3.43,3
300167,迪威视讯,2012-12-31,4,1119.6436,11.19,670.2456,4.49,2
601158,重庆水务,2012-12-31,4,1829.1470,0.38,-315.6410,0.45,6
601168,西部矿业,2012-12-31,2,2657.6200,1.12,334.5820,0.97,2
000338,潍柴动力,2012-12-31,6,6666.7170,3.33,1318.7750,2.67,4
002261,拓维信息,2012-12-31,1,142.5950,0.50,14.6780,0.45,1
002140,东华科技,2012-12-31,6,3585.4920,8.04,70.9130,7.88,6
002393,力生制药,2012-12-31,3,399.3695,2.19,399.3695,0.00,0
002061,江山化工,2012-12-31,2,149.5929,1.07,149.5929,0.00,0
601919,*ST远洋,2012-12-31,2,9846.7500,0.96,643.2800,0.90,2
002117,东港股份,2012-12-31,1,55.5518,0.22,-5.8775,0.24,1
300034,钢研高纳,2012-12-31,1,120.0000,0.57,-22.9960,0.67,1
601808,中海油服,2012-12-31,3,2642.8600,0.59,1377.4400,0.28,1
002534,杭锅股份,2012-12-31,2,90.2490,0.23,-35.7733,0.31,2
002358,森源电气,2012-12-31,4,2826.8250,8.22,58.9630,8.05,4
002182,云海金属,2012-12-31,1,169.9930,0.59,0.0000,0.59,1
002430,杭氧股份,2012-12-31,4,2103.2870,2.59,-2658.7900,5.86,6
002405,四维图新,2012-12-31,3,2808.6820,4.87,-3311.1060,10.62,5
002176,江特电机,2012-12-31,1,200.0000,0.47,-60.0000,0.61,1
601001,大同煤业,2012-12-31,2,837.4380,0.50,-628.6340,0.88,3
002202,金风科技,2012-12-31,3,5746.0600,2.13,-1772.1800,2.79,4
601965,中国汽研,2012-12-31,6,2749.3910,4.29,783.3550,3.07,6
002690,美亚光电,2012-12-31,7,1834.7968,9.17,367.4888,7.34,6
002425,凯撒股份,2012-12-31,1,25.9080,0.12,25.9080,0.00,0
002054,德美化工,2012-12-31,1,405.9100,1.26,0.0000,1.26,1
002055,得润电子,2012-12-31,3,1205.2580,2.91,-577.3890,4.34,4
002146,荣盛发展,2012-12-31,5,8244.3300,4.40,838.0600,3.96,5
002065,东华软件,2012-12-31,2,2872.7920,4.16,-2020.1050,7.09,3
600048,保利地产,2012-12-31,1,4076.4500,0.57,-5347.6000,1.32,2
601006,大秦铁路,2012-12-31,1,8302.7000,0.56,8302.7000,0.00,0
601699,潞安环能,2012-12-31,4,8142.0100,3.54,-406.0800,3.71,4
002082,栋梁新材,2012-12-31,1,64.2534,0.27,64.2534,0.00,0
002089,新海宜,2012-12-31,4,3315.7080,7.83,-1661.5160,11.75,6
601010,文峰股份,2012-12-31,4,1485.8210,3.02,-375.5160,3.78,5
002078,太阳纸业,2012-12-31,2,799.9870,0.80,529.9870,0.27,1
002091,江苏国泰,2012-12-31,1,160.9040,0.45,-196.2660,0.99,2
002096,南岭民爆,2012-12-31,2,337.7344,0.91,-516.6056,3.23,3
002077,大港股份,2012-12-31,1,90.9667,0.36,90.9667,0.00,0
002118,紫鑫药业,2012-12-31,1,81.4207,0.16,81.4207,0.00,0
002064,华峰氨纶,2012-12-31,1,330.7110,0.45,-364.6140,0.94,2
002073,软控股份,2012-12-31,5,5319.8260,7.17,5.6460,7.16,5
601666,平煤股份,2012-12-31,1,935.6430,0.40,-169.1480,0.47,2
002071,江苏宏宝,2012-12-31,1,94.9960,0.52,0.0000,0.52,1
002068,黑猫股份,2012-12-31,2,680.0550,1.42,-91.8680,1.61,2
300180,华峰超纤,2012-12-31,1,316.4860,2.00,-22.7700,2.15,1
300024,机器人,2012-12-31,3,1090.2260,3.66,246.8650,2.83,2
002308,威创股份,2012-12-31,3,1103.8320,1.72,-243.6910,2.10,4
002396,星网锐捷,2012-12-31,5,1325.1550,3.77,-517.7140,5.25,5
002362,汉王科技,2012-12-31,1,70.0000,0.33,0.0000,0.33,1
601898,中煤能源,2012-12-31,3,4548.0800,0.34,465.6010,0.31,3
601678,滨化股份,2012-12-31,3,699.7690,1.06,-50.0000,1.14,3
601918,国投新集,2012-12-31,2,2157.7140,1.17,-1871.7530,2.18,4
002461,珠江啤酒,2012-12-31,2,134.9438,0.20,42.8330,0.14,2
002081,金螳螂,2012-12-31,6,5457.5350,6.98,155.9690,6.82,7
002084,海鸥卫浴,2012-12-31,1,199.9910,0.54,199.9910,0.00,0
002168,深圳惠程,2012-12-31,1,261.0150,0.34,261.0150,0.00,0
002154,报喜鸟,2012-12-31,4,3556.0690,5.94,-2124.6130,9.57,5
002086,东方海洋,2012-12-31,1,179.4400,0.74,-896.5950,4.41,2
600017,日照港,2012-12-31,1,4896.8000,1.59,-196.6100,1.66,1
300049,福瑞股份,2012-12-31,1,250.0000,2.00,-120.5230,2.96,2
601800,中国交建,2012-12-31,2,5580.1800,0.34,5580.1800,0.00,0
002386,天原集团,2012-12-31,2,502.9810,1.05,2.9810,1.04,1
002092,中泰化学,2012-12-31,4,4362.7810,3.78,-103.0020,3.87,4
002350,北京科锐,2012-12-31,4,1000.5569,4.58,15.8104,4.51,5
002083,孚日股份,2012-12-31,1,530.5640,0.57,13.6900,0.55,1
002097,山河智能,2012-12-31,2,394.6940,0.96,2.1300,0.95,2
002093,国脉科技,2012-12-31,1,344.3030,0.40,12.4800,0.38,1
002099,海翔药业,2012-12-31,3,2327.3090,7.17,71.7560,6.95,5
601101,昊华能源,2012-12-31,4,1395.8000,1.16,-256.4890,1.38,3
002104,恒宝股份,2012-12-31,5,2281.2010,5.18,-1019.4690,7.49,5
002108,沧州明珠,2012-12-31,4,873.9779,2.57,270.7079,1.77,3
601002,晋亿实业,2012-12-31,6,1634.7136,2.21,831.3266,1.09,4
002115,三维通信,2012-12-31,3,1121.2230,3.28,-305.8670,4.17,2
002250,联化科技,2012-12-31,7,8244.9550,15.98,990.3400,14.06,6
002216,三全食品,2012-12-31,1,720.6210,3.58,409.6610,1.55,1
601003,柳钢股份,2012-12-31,2,1193.9730,0.47,-1156.1620,0.92,2
002123,荣信股份,2012-12-31,3,3468.9420,6.88,47.5700,6.79,3
002122,天马股份,2012-12-31,3,2064.3700,1.74,-135.9800,1.85,3
002126,银轮股份,2012-12-31,1,199.0380,0.63,199.0380,0.00,0
002129,中环股份,2012-12-31,4,6485.7940,7.38,1463.3640,6.93,3
002127,新民科技,2012-12-31,1,219.9950,0.49,219.9950,0.00,0
002131,利欧股份,2012-12-31,4,794.0930,2.48,651.7150,0.45,1
300303,聚飞光电,2012-12-31,2,157.0106,1.15,76.0151,0.60,3
002232,启明信息,2012-12-31,1,156.3140,0.38,-16.5710,0.42,1
601118,海南橡胶,2012-12-31,1,934.6710,0.24,86.1850,0.22,1
601958,金钼股份,2012-12-31,2,1209.3800,0.37,-568.4300,0.55,3
002128,露天煤业,2012-12-31,2,866.9160,0.65,-396.4780,0.95,3
300016,北陆药业,2012-12-31,5,1737.0450,11.37,407.1020,8.71,6
300318,博晖创新,2012-12-31,1,101.6500,0.99,-320.9227,4.13,3
002138,顺络电子,2012-12-31,2,786.8820,2.50,429.9940,1.14,1
300295,三六五网,2012-12-31,7,294.4603,5.52,-206.7768,9.40,7
002170,芭田股份,2012-12-31,1,58.3327,0.12,58.3327,0.00,0
002144,宏达高科,2012-12-31,2,311.4170,2.06,7.3720,2.01,2
002371,七星电子,2012-12-31,4,1527.0806,8.67,-60.3365,9.01,5
002159,三特索道,2012-12-31,4,1583.9870,13.20,-11.1860,13.29,4
002152,广电运通,2012-12-31,4,4403.1510,7.07,-1080.9340,8.81,6
002150,通润装备,2012-12-31,1,109.5240,0.44,11.1804,0.39,1
002296,辉煌科技,2012-12-31,2,262.0330,1.47,-406.2180,3.76,2
002149,西部材料,2012-12-31,1,41.8673,0.24,-58.1327,0.57,1
002157,正邦科技,2012-12-31,4,2863.1410,6.64,540.5050,5.39,3
002151,北斗星通,2012-12-31,1,64.9858,0.36,0.0000,0.36,1
002156,通富微电,2012-12-31,4,782.9270,1.20,20.3110,1.17,3
002155,辰州矿业,2012-12-31,5,3209.6770,4.19,-810.8370,5.25,6
002254,泰和新材,2012-12-31,7,2304.4210,5.89,669.2800,4.18,5
002163,中航三鑫,2012-12-31,1,554.0380,0.69,554.0380,0.00,0
002192,路翔股份,2012-12-31,1,388.3600,3.20,28.3000,2.97,1
002174,梅花伞,2012-12-31,1,49.1691,0.59,0.0000,0.59,1
002179,中航光电,2012-12-31,5,3686.9990,9.18,-531.7660,10.50,5
002183,怡亚通,2012-12-31,2,553.3670,0.66,-341.7160,1.07,2
002304,洋河股份,2012-12-31,2,1072.9010,0.99,177.1190,0.83,2
601390,中国中铁,2012-12-31,3,10106.4900,0.47,3550.2100,0.31,3
002191,劲嘉股份,2012-12-31,2,453.6000,0.71,228.5380,0.35,1
002190,成飞集成,2012-12-31,1,209.9850,0.61,0.0000,0.61,1
002194,武汉凡谷,2012-12-31,1,70.9913,0.13,2.5655,0.12,1
300213,佳讯飞鸿,2012-12-31,1,302.1600,2.40,-4.6050,2.43,1
002197,证通电子,2012-12-31,1,151.3880,0.72,-1396.5880,7.38,2
300284,苏交科,2012-12-31,8,1390.7963,5.79,484.3516,3.78,6
002407,多氟多,2012-12-31,1,273.8980,1.23,136.3620,0.62,1
002436,兴森科技,2012-12-31,2,512.1500,2.29,300.0160,0.95,1
002583,海能达,2012-12-31,4,862.4480,3.10,-460.1380,4.76,5
601999,出版传媒,2012-12-31,2,132.2435,0.24,64.4294,0.12,1
601992,金隅股份,2012-12-31,1,2681.5300,0.63,2681.5300,0.00,0
002204,大连重工,2012-12-31,1,188.7500,0.29,188.7500,0.00,0
601139,深圳燃气,2012-12-31,1,800.4840,0.40,-77.9840,0.44,2
002209,达意隆,2012-12-31,3,1021.1740,5.23,-400.0200,7.28,3
601238,广汽集团,2012-12-31,3,661.2200,0.10,251.0790,0.06,2
002391,长青股份,2012-12-31,2,159.4751,0.78,-139.8665,1.45,4
002397,梦洁家纺,2012-12-31,3,821.6830,5.43,-55.5357,5.80,4
601558,华锐风电,2012-12-31,4,1449.4890,0.36,-1.7320,0.36,5
002212,南洋股份,2012-12-31,1,99.8822,0.20,0.0000,0.20,1
002215,诺普信,2012-12-31,1,1021.3800,2.82,280.9420,2.04,1
300229,拓尔思,2012-12-31,4,1288.7980,6.32,199.3980,5.34,4
002214,大立科技,2012-12-31,1,54.3613,0.54,54.3613,0.00,0
002226,江南化工,2012-12-31,7,2726.0540,6.89,17.4270,6.85,7
002218,拓日新能,2012-12-31,2,353.2360,0.72,172.3000,0.37,1
601766,中国南车,2012-12-31,4,27435.1500,1.99,4887.0100,1.63,3
002221,东华能源,2012-12-31,4,789.5370,2.69,486.9180,1.35,2
002364,中恒电气,2012-12-31,5,557.7252,4.40,-12.0962,5.52,5
002219,独一味,2012-12-31,3,1548.2120,3.60,-6.8760,3.62,3
601186,中国铁建,2012-12-31,2,9278.4600,0.75,494.6100,0.71,2
002273,水晶光电,2012-12-31,6,2701.7120,10.82,-731.1450,13.75,6
002443,金洲管道,2012-12-31,1,290.8890,0.99,87.2165,0.69,2
002223,鱼跃医疗,2012-12-31,5,3478.5870,6.54,-685.8890,7.83,7
002228,合兴包装,2012-12-31,1,354.6510,1.02,-455.4760,2.33,2
002244,滨江集团,2012-12-31,4,3357.5490,2.48,-2466.4010,4.31,4
002237,恒邦股份,2012-12-31,1,155.1560,0.34,19.6200,0.30,1
002235,安妮股份,2012-12-31,1,209.4660,1.07,-38.0730,1.27,1
002231,奥维通信,2012-12-31,1,200.0000,0.56,200.0000,0.00,0
002249,大洋电机,2012-12-31,3,3274.7400,4.57,244.5630,4.23,2
002233,塔牌集团,2012-12-31,2,502.1220,0.56,-1297.2580,2.01,5
002243,通产丽星,2012-12-31,2,1410.2880,5.46,64.2040,5.22,4
002236,大华股份,2012-12-31,7,5383.8490,9.65,98.7250,9.47,7
002252,上海莱士,2012-12-31,2,247.5850,0.51,125.8210,0.25,1
002238,天威视讯,2012-12-31,3,612.1690,1.91,-246.4130,2.68,4
002247,帝龙新材,2012-12-31,2,82.9172,0.83,54.4469,0.28,1
002372,伟星新材,2012-12-31,2,59.7489,0.24,-16.0816,0.30,2
002241,歌尔声学,2012-12-31,7,6797.2340,8.02,1700.4120,6.01,5
002242,九阳股份,2012-12-31,1,263.0270,0.35,-149.6150,0.54,2
601777,力帆股份,2012-12-31,3,406.6275,0.43,157.8815,0.26,2
002251,步步高,2012-12-31,5,1811.5010,6.70,423.8220,5.13,3
002450,康得新,2012-12-31,8,8031.1730,12.92,882.2250,11.54,7
002255,海陆重工,2012-12-31,1,680.0000,2.63,-786.1700,5.68,3
002262,恩华药业,2012-12-31,2,592.1950,2.53,25.5950,2.42,2
601268,*ST二重,2012-12-31,1,391.0140,0.17,-352.2390,0.44,5
002419,天虹商场,2012-12-31,7,2508.5670,3.13,884.9390,2.03,6
300028,金亚科技,2012-12-31,1,93.3381,0.35,0.0000,0.35,1
002342,巨力索具,2012-12-31,1,158.1160,0.16,-771.7420,0.97,1
300054,鼎龙股份,2012-12-31,5,822.1040,6.04,47.5812,5.69,4
601668,中国建筑,2012-12-31,2,40500.0000,1.35,-1600.0000,1.40,2
002271,东方雨虹,2012-12-31,4,2499.9370,7.28,164.4110,6.80,4
002268,卫士通,2012-12-31,2,348.6210,2.02,111.6270,1.37,1
002446,盛路通信,2012-12-31,1,16.4247,0.12,-11.9126,0.21,1
002269,美邦服饰,2012-12-31,4,2632.7900,2.62,-2412.1230,5.02,7
002270,法因数控,2012-12-31,1,92.7052,0.49,19.4220,0.39,1
300079,数码视讯,2012-12-31,6,3099.6330,9.23,421.0190,7.97,5
002601,佰利联,2012-12-31,1,69.4970,0.37,22.5520,0.25,1
300115,长盈精密,2012-12-31,7,2076.5460,8.05,796.4380,4.96,6
002266,浙富股份,2012-12-31,6,6089.9530,10.17,-2522.1640,14.39,7
300015,爱尔眼科,2012-12-31,4,2053.6750,4.81,-953.2900,7.04,7
002344,海宁皮城,2012-12-31,8,3729.6390,6.66,546.3100,5.68,6
300036,超图软件,2012-12-31,5,848.3440,7.07,-197.3180,8.71,5
002277,友阿股份,2012-12-31,6,4127.7450,7.39,-211.4110,7.77,6
601233,桐昆股份,2012-12-31,3,636.8440,0.66,145.7000,0.51,3
002278,神开股份,2012-12-31,1,266.0030,1.02,95.8680,0.65,1
002280,新世纪,2012-12-31,1,50.6718,0.47,0.0000,0.47,1
002285,世联地产,2012-12-31,5,2041.1320,6.25,-96.5520,6.55,5
300070,碧水源,2012-12-31,7,5155.2230,9.32,341.2510,8.76,7
002291,星期六,2012-12-31,3,1833.4510,5.05,0.0000,5.05,3
002292,奥飞动漫,2012-12-31,5,2845.6980,6.95,329.8740,6.14,7
002293,罗莱家纺,2012-12-31,6,1296.0870,9.23,265.5290,7.34,6
002294,信立泰,2012-12-31,6,2038.1850,4.68,1031.3380,2.31,5
601299,中国北车,2012-12-31,6,30245.9800,2.93,5013.3600,2.45,6
601117,中国化学,2012-12-31,7,16264.9300,3.30,-3972.8100,4.10,8
300200,高盟新材,2012-12-31,1,94.5101,0.88,11.0319,0.78,1
300038,梅泰诺,2012-12-31,2,407.4140,2.97,-178.9389,4.27,3
002683,宏大爆破,2012-12-31,4,544.9926,2.49,361.8718,0.84,2
300072,三聚环保,2012-12-31,6,7021.1690,18.05,1142.6290,15.11,5
300052,中青宝,2012-12-31,1,192.6840,1.48,192.6840,0.00,0
300344,太空板业,2012-12-31,6,395.6847,3.94,-94.1945,4.87,8
601618,中国中冶,2012-12-31,1,3888.8800,0.20,-666.6900,0.24,2
601798,蓝科高新,2012-12-31,2,238.0431,0.74,171.2830,0.21,1
002496,辉丰股份,2012-12-31,2,222.3207,1.36,-185.0293,2.49,3
002478,常宝股份,2012-12-31,1,80.6633,0.20,80.6633,0.00,0
002431,棕榈园林,2012-12-31,4,2328.7540,6.06,-34.8220,6.16,5
300075,数字政通,2012-12-31,7,866.6852,10.32,-69.6679,11.15,7
002412,汉森制药,2012-12-31,5,756.4765,5.11,430.6811,2.20,5
300171,东富龙,2012-12-31,7,1711.7660,8.23,-237.1350,9.37,7
300093,金刚玻璃,2012-12-31,2,595.1055,2.76,595.1055,0.00,0
002422,科伦药业,2012-12-31,4,3833.1760,7.99,-42.2580,8.07,4
002506,*ST超日,2012-12-31,2,388.1380,0.46,388.1380,0.00,0
300058,蓝色光标,2012-12-31,7,4441.2660,11.19,485.8190,9.97,7
300285,国瓷材料,2012-12-31,9,477.1327,7.65,8.4341,7.51,7
002582,好想你,2012-12-31,5,920.7584,6.24,399.5902,3.53,3
002415,海康威视,2012-12-31,5,5896.7040,2.94,-694.4660,3.28,5
601996,丰林集团,2012-12-31,1,277.0710,0.59,-150.6440,0.91,2
601888,中国国旅,2012-12-31,3,2151.0620,2.44,-466.4040,2.97,6
002489,浙江永强,2012-12-31,3,175.7803,0.36,39.7374,0.28,3
002301,齐心文具,2012-12-31,2,378.1480,0.99,132.3960,0.64,1
601989,中国重工,2012-12-31,1,8335.0000,0.57,-12209.0300,1.40,3
002315,焦点科技,2012-12-31,1,122.2490,1.04,-20.8296,1.22,2
002303,美盈森,2012-12-31,4,1098.8690,6.15,258.2110,4.70,3
002305,南国置业,2012-12-31,1,554.3770,0.58,554.3770,0.00,0
300021,大禹节水,2012-12-31,2,560.1382,2.01,469.7880,0.32,2
300012,华测检测,2012-12-31,3,477.0300,2.59,79.1787,2.16,3
300007,汉威电子,2012-12-31,2,450.7410,3.82,-105.9910,4.72,3
300064,豫金刚石,2012-12-31,2,1092.7280,1.80,-1119.8750,3.64,4
300044,赛为智能,2012-12-31,5,692.0138,6.92,-31.8460,7.24,4
300047,天源迪科,2012-12-31,3,494.0504,3.15,-513.2524,6.42,6
300032,金龙机电,2012-12-31,6,1018.3907,7.14,372.0175,4.53,5
300033,同花顺,2012-12-31,1,177.1110,1.32,0.0000,1.32,1
300037,新宙邦,2012-12-31,4,394.3562,2.30,40.1263,2.07,3
300091,金通灵,2012-12-31,1,79.9901,0.38,79.9901,0.00,0
300031,宝通带业,2012-12-31,1,51.5867,0.34,-74.3433,0.84,1
300101,国腾电子,2012-12-31,3,2111.5750,7.60,172.1880,6.98,3
300071,华谊嘉信,2012-12-31,1,41.3534,0.27,-35.9399,0.50,1
300005,探路者,2012-12-31,5,4673.1740,13.25,-1010.1630,16.12,8
300045,华力创通,2012-12-31,2,281.4832,1.05,-28.6110,1.16,2
300027,华谊兄弟,2012-12-31,6,5371.9320,8.88,226.9110,8.51,7
300010,立思辰,2012-12-31,4,1472.1410,5.64,211.4660,4.83,3
300117,嘉寓股份,2012-12-31,2,170.4370,0.78,-259.9492,1.98,2
300006,莱美药业,2012-12-31,6,1996.1390,10.91,-122.2940,11.58,7
300008,上海佳豪,2012-12-31,1,73.2418,0.34,-61.4300,0.62,2
300053,欧比特,2012-12-31,1,90.4244,0.45,0.0000,0.45,1
002495,佳隆股份,2012-12-31,1,63.3304,0.22,63.3304,0.00,0
300238,冠昊生物,2012-12-31,1,150.0000,1.23,-20.3540,1.39,1
300001,特锐德,2012-12-31,1,52.8691,0.26,0.0000,0.26,1
300066,三川股份,2012-12-31,2,310.0660,1.99,310.0660,0.00,0
300009,安科生物,2012-12-31,4,1132.5560,5.99,239.8780,4.72,3
300087,荃银高科,2012-12-31,2,158.9138,1.50,-28.0400,1.77,2
300142,沃森生物,2012-12-31,2,330.0000,1.81,-254.4917,3.21,3
002310,东方园林,2012-12-31,9,3133.3240,10.40,386.0510,9.12,9
002309,中利科技,2012-12-31,3,1268.9390,2.64,-1952.0430,6.70,5
002311,海大集团,2012-12-31,5,5457.4000,7.18,-163.5060,7.42,5
002312,三泰电子,2012-12-31,1,246.9900,1.33,-190.0000,2.35,1
300127,银河磁体,2012-12-31,4,328.2336,2.03,-85.4964,2.56,4
002313,日海通讯,2012-12-31,1,144.4700,0.60,-521.8290,2.78,3
002377,国创高新,2012-12-31,1,38.5224,0.18,38.5224,0.00,0
002400,省广股份,2012-12-31,8,3682.2710,19.10,-15.0730,19.18,9
002568,百润股份,2012-12-31,1,96.2958,0.60,45.3256,0.32,1
601799,星宇股份,2012-12-31,3,460.4620,1.92,-520.0180,4.09,4
002327,富安娜,2012-12-31,5,1244.2460,7.74,-294.0415,9.57,8
002317,众生药业,2012-12-31,5,1511.7530,8.40,-22.1760,8.52,8
002474,榕基软件,2012-12-31,3,562.6570,2.71,-276.5000,4.05,4
002325,洪涛股份,2012-12-31,7,5147.4240,11.18,-1685.0160,14.84,9
300004,南风股份,2012-12-31,2,717.2000,3.81,-51.8550,4.09,2
601179,中国西电,2012-12-31,1,1381.3000,0.32,1381.3000,0.00,0
300013,新宁物流,2012-12-31,1,40.4759,0.45,23.2459,0.19,1
601801,皖新传媒,2012-12-31,1,119.0840,0.13,-220.1680,0.37,2
601877,正泰电器,2012-12-31,4,5190.6120,5.16,1188.3560,3.98,3
300017,网宿科技,2012-12-31,9,2250.1750,14.59,993.2160,8.15,5
300019,硅宝科技,2012-12-31,1,48.8371,0.48,-18.9764,0.66,2
300020,银江股份,2012-12-31,7,1990.8050,8.30,527.0430,6.10,6
300025,华星创业,2012-12-31,4,656.7484,4.21,-506.3876,7.46,5
002385,大北农,2012-12-31,6,4314.6310,5.38,-721.7120,6.28,6
002323,中联电气,2012-12-31,1,21.3027,0.26,21.3027,0.00,0
002333,罗普斯金,2012-12-31,1,34.4322,0.14,34.4322,0.00,0
002339,积成电子,2012-12-31,3,692.5880,4.03,446.1210,1.43,1
002341,新纶科技,2012-12-31,2,2153.6750,7.36,-626.0160,9.49,4
002538,司尔特,2012-12-31,3,1564.9100,5.29,1139.3330,1.44,1
002345,潮宏基,2012-12-31,4,960.9660,5.34,-470.5200,7.95,6
002381,双箭股份,2012-12-31,1,18.0260,0.15,-6.0642,0.21,1
601258,庞大集团,2012-12-31,4,2386.1100,0.91,514.9940,0.71,4
002492,恒基达鑫,2012-12-31,1,100.0000,0.83,-69.9990,1.42,1
300335,迪森股份,2012-12-31,6,568.6940,4.08,-257.1010,5.92,7
300029,天龙光电,2012-12-31,1,112.1080,0.56,-461.3330,2.87,3
002353,杰瑞股份,2012-12-31,8,3073.7630,6.69,551.6260,5.49,7
002549,凯美特气,2012-12-31,3,692.5640,3.85,-488.0493,6.56,4
002375,亚厦股份,2012-12-31,9,7763.4940,12.22,-95.6300,12.42,10
002369,卓翼科技,2012-12-31,3,639.8990,2.67,-10.3430,2.71,3
300039,上海凯宝,2012-12-31,6,2740.3680,10.42,814.5380,7.32,5
002367,康力电梯,2012-12-31,1,479.9740,1.26,479.9740,0.00,0
002368,太极股份,2012-12-31,4,2118.7890,8.94,152.8690,8.29,4
300048,合康变频,2012-12-31,1,699.9990,2.07,-89.3940,2.33,2
002566,益盛药业,2012-12-31,3,2046.6630,9.28,1305.6960,3.36,1
002376,新北洋,2012-12-31,6,2905.8660,9.69,393.2020,8.38,5
601106,中国一重,2012-12-31,3,4128.1300,0.63,724.4000,0.52,3
300043,星辉车模,2012-12-31,7,2127.1120,13.43,-76.4330,13.91,7
300046,台基股份,2012-12-31,1,45.2853,0.32,-143.2786,1.33,3
300050,世纪鼎利,2012-12-31,1,497.4710,2.30,-101.8320,2.77,1
002378,章源钨业,2012-12-31,4,315.4240,0.74,-550.2044,2.02,6
002379,鲁丰股份,2012-12-31,2,75.4223,0.33,75.4223,0.00,0
002382,蓝帆股份,2012-12-31,1,29.4628,0.12,29.4628,0.00,0
002421,达实智能,2012-12-31,7,3241.2010,15.52,1941.8650,12.45,6
002630,华西能源,2012-12-31,2,495.0640,2.96,-579.3034,6.43,8
002392,北京利尔,2012-12-31,2,320.7320,0.59,320.7320,0.00,0
002384,东山精密,2012-12-31,2,451.6490,1.18,-1092.3780,4.02,4
300056,三维丝,2012-12-31,1,23.5211,0.25,-33.9329,0.61,1
300055,万邦达,2012-12-31,2,121.9956,0.53,-390.3038,2.24,4
300057,万顺股份,2012-12-31,1,192.6150,0.46,0.0000,0.46,1
002398,建研集团,2012-12-31,8,1446.0622,7.13,98.8303,6.64,8
002390,信邦制药,2012-12-31,2,171.9458,0.99,-62.1669,1.35,3
601669,中国水电,2012-12-31,3,15910.4600,1.66,-5248.9300,2.20,3
002399,海普瑞,2012-12-31,4,341.3577,0.43,5.4061,0.42,5
002410,广联达,2012-12-31,8,4436.7970,10.96,-17.4870,11.00,8
002408,齐翔腾达,2012-12-31,5,2065.6200,3.68,999.8120,1.90,3
300059,东方财富,2012-12-31,3,1021.7200,3.04,24.2830,2.97,2
002439,启明星辰,2012-12-31,8,3110.8190,14.99,1323.3200,8.61,5
002414,高德红外,2012-12-31,2,258.3502,0.86,-512.3872,2.57,4
300062,中能电气,2012-12-31,5,619.3355,4.00,-476.7620,7.08,8
002580,圣阳股份,2012-12-31,1,33.4203,0.31,-6.8196,0.37,1
002433,太安堂,2012-12-31,1,102.8300,0.74,6.5485,0.96,2
601018,宁波港,2012-12-31,1,3043.3900,0.24,1183.8500,0.15,1
002465,海格通信,2012-12-31,3,297.8222,0.90,27.8475,0.81,3
300063,天龙集团,2012-12-31,1,26.7579,0.27,-6.2516,0.33,1
300068,南都电源,2012-12-31,1,310.0000,1.04,119.7810,0.64,1
601369,陕鼓动力,2012-12-31,5,3753.2840,2.29,424.7810,2.03,4
002573,国电清新,2012-12-31,6,3285.5200,11.10,677.3430,8.81,5
002428,云南锗业,2012-12-31,2,342.3955,1.05,-402.2125,2.28,3
002424,贵州百灵,2012-12-31,2,481.7548,1.02,-361.6687,1.79,2
002456,欧菲光,2012-12-31,8,2966.6060,15.45,134.1860,14.75,8
002429,兆驰股份,2012-12-31,6,5844.2600,8.21,1044.5600,6.77,4
300067,安诺其,2012-12-31,1,79.7839,0.50,0.0000,0.50,1
002440,闰土股份,2012-12-31,1,474.5330,1.24,-85.5590,1.46,2
002437,誉衡药业,2012-12-31,3,1680.5380,6.00,-324.3570,7.16,6
300083,劲胜股份,2012-12-31,7,1360.0850,6.80,700.6080,3.30,4
300078,中瑞思创,2012-12-31,1,106.4460,0.64,-22.6393,0.77,2
300074,华平股份,2012-12-31,6,893.9828,8.94,311.2108,5.83,2
603002,宏昌电子,2012-12-31,1,134.1400,0.34,134.1400,0.00,0
601012,隆基股份,2012-12-31,4,1411.5720,2.62,551.5090,1.60,2
002441,众业达,2012-12-31,1,387.1620,1.67,29.9960,1.54,1
002469,三维工程,2012-12-31,3,928.7040,5.50,58.8400,5.15,4
002444,巨星科技,2012-12-31,5,935.2118,1.84,424.0993,1.01,4
002445,中南重工,2012-12-31,1,891.0890,3.53,-68.1510,3.80,1
300086,康芝药业,2012-12-31,3,280.9460,1.40,-30.9260,1.56,2
002458,益生股份,2012-12-31,1,109.4890,0.39,-475.6450,2.08,4
300088,长信科技,2012-12-31,7,2938.8560,9.01,-320.9870,9.99,6
300090,盛运股份,2012-12-31,8,3302.5700,12.94,755.1350,9.98,6
300096,易联众,2012-12-31,2,557.2200,3.24,-466.4799,5.95,4
300085,银之杰,2012-12-31,1,36.9258,0.31,36.9258,0.00,0
002460,赣锋锂业,2012-12-31,1,296.8750,1.94,-51.3000,2.32,2
601717,郑煤机,2012-12-31,2,2910.8000,1.80,-243.1500,2.25,2
300179,四方达,2012-12-31,1,130.0000,1.08,30.0000,0.83,1
300099,尤洛卡,2012-12-31,3,231.8961,2.24,-343.5672,5.57,6
601718,际华集团,2012-12-31,2,10243.0600,2.66,-2852.9970,3.40,5
300253,卫宁软件,2012-12-31,6,1690.2590,15.80,207.7090,13.86,6
300124,汇川技术,2012-12-31,9,2770.3440,7.13,-49.1550,7.25,8
300089,长城集团,2012-12-31,1,113.0670,0.75,-525.0020,4.25,2
002663,普邦园林,2012-12-31,9,1579.4740,5.65,793.9960,2.81,6
601208,东材科技,2012-12-31,1,1034.0000,1.68,-678.9870,2.78,2
002655,共达电声,2012-12-31,4,342.8822,2.86,-303.9114,5.39,7
002484,江海股份,2012-12-31,1,156.0000,0.75,-106.4090,1.26,2
300126,锐奇股份,2012-12-31,4,566.4044,3.74,92.0799,3.13,3
300104,乐视网,2012-12-31,3,1492.2890,3.57,289.4110,2.88,2
300110,华仁药业,2012-12-31,3,605.4040,2.77,101.5160,2.31,3
002470,金正大,2012-12-31,8,2903.4350,4.15,168.2280,3.91,8
300107,建新股份,2012-12-31,1,93.6300,0.70,-206.3700,2.24,1
300113,顺网科技,2012-12-31,5,1166.2260,8.84,89.6810,8.16,5
300133,华策影视,2012-12-31,9,3680.2050,9.58,584.0020,8.06,9
300156,天立环保,2012-12-31,3,655.9090,2.27,-244.9596,3.12,4
002530,丰东股份,2012-12-31,2,268.8622,1.00,98.4482,0.64,1
002619,巨龙管业,2012-12-31,2,167.2257,1.38,167.2257,0.00,0
002595,豪迈科技,2012-12-31,2,629.3000,3.15,-5.6900,3.17,2
002475,立讯精密,2012-12-31,9,3583.2890,9.82,-332.1210,10.73,10
601886,江河创建,2012-12-31,5,4928.2230,8.80,321.8440,8.23,5
300120,经纬电材,2012-12-31,1,69.2640,0.41,69.2640,0.00,0
300128,锦富新材,2012-12-31,8,1609.9290,7.87,502.5510,5.42,7
601098,中南传媒,2012-12-31,4,2354.0030,1.31,-342.6850,1.50,3
002477,雏鹰农牧,2012-12-31,6,4314.6510,8.08,-875.9070,9.72,7
002479,富春环保,2012-12-31,2,458.6395,1.06,405.9533,0.12,1
002480,新筑股份,2012-12-31,3,2151.6040,7.68,1621.8670,1.89,2
002481,双塔食品,2012-12-31,6,2524.7890,11.69,326.6380,10.18,5
300121,阳谷华泰,2012-12-31,1,104.9860,0.97,-30.0120,1.25,1
300119,瑞普生物,2012-12-31,4,812.9150,4.22,40.3710,4.01,4
300125,易世达,2012-12-31,1,57.6140,0.49,0.0000,0.49,1
002486,嘉麟杰,2012-12-31,1,80.0000,0.38,-20.0000,0.48,1
002482,广田股份,2012-12-31,10,4411.3510,8.62,-347.4960,9.29,10
002485,希努尔,2012-12-31,2,1104.8300,3.45,-888.9060,6.23,3
300138,晨光生物,2012-12-31,1,749.9620,4.18,59.9900,3.84,1
002521,齐峰新材,2012-12-31,3,1232.0530,5.98,234.6010,4.84,3
300122,智飞生物,2012-12-31,5,958.7012,2.40,183.1849,1.94,5
300123,太阳鸟,2012-12-31,3,516.6607,3.71,104.9837,2.96,2
002518,科士达,2012-12-31,1,48.0062,0.23,48.0062,0.00,0
600998,九州通,2012-12-31,4,5987.7600,4.22,541.0920,3.83,4
300329,海伦钢琴,2012-12-31,1,22.5500,0.34,-97.4500,1.79,2
002497,雅化集团,2012-12-31,5,1532.4790,3.19,325.1900,3.77,5
300134,大富科技,2012-12-31,1,976.0120,3.05,117.0510,2.68,3
002498,汉缆股份,2012-12-31,2,77.6891,0.11,-13.8966,0.13,2
300132,青松股份,2012-12-31,4,628.8802,5.21,-178.5669,6.70,5
300136,信维通信,2012-12-31,4,907.6920,6.81,189.6490,5.39,3
601339,百隆东方,2012-12-31,1,232.2580,0.31,-273.9020,0.67,3
002567,唐人神,2012-12-31,6,2258.4140,8.18,-604.2830,10.37,8
603123,翠微股份,2012-12-31,1,84.5791,0.27,-150.4849,0.76,3
002697,红旗连锁,2012-12-31,1,442.9760,2.21,0.0000,2.21,1
601928,凤凰传媒,2012-12-31,1,605.0440,0.24,-2198.5050,1.10,3
002501,利源铝业,2012-12-31,6,1499.6670,8.01,-15.8750,8.10,7
002502,骅威股份,2012-12-31,1,36.5900,0.26,16.5900,0.14,1
300141,和顺电气,2012-12-31,2,93.8096,0.85,-186.1819,2.54,2
300164,通源石油,2012-12-31,3,1102.8440,6.96,143.5880,6.06,3
002511,中顺洁柔,2012-12-31,3,828.6930,3.98,-65.0000,4.30,3
002554,惠博普,2012-12-31,5,982.2960,3.23,-235.8395,4.01,5
002508,老板电器,2012-12-31,5,976.3820,3.81,533.5159,1.73,4
300331,苏大维格,2012-12-31,7,657.1296,10.60,-37.5058,11.20,9
002503,搜于特,2012-12-31,7,2487.2270,8.64,271.2150,7.69,6
002509,天广消防,2012-12-31,7,918.4735,4.59,-400.6425,6.60,6
300144,宋城股份,2012-12-31,6,5644.1150,10.18,136.8960,9.93,6
002507,涪陵榨菜,2012-12-31,8,1254.6170,8.09,374.8380,5.68,5
300289,利德曼,2012-12-31,7,968.9482,6.31,-184.5740,7.51,8
300145,南方泵业,2012-12-31,6,1182.1260,8.21,192.1976,6.87,6
300158,振东制药,2012-12-31,1,70.0000,0.24,-32.0610,0.35,1
002517,泰亚股份,2012-12-31,1,72.5941,0.41,72.5941,0.00,0
300168,万达信息,2012-12-31,5,2373.1910,9.89,447.6520,8.02,5
300157,恒泰艾普,2012-12-31,5,1605.2810,8.69,458.8250,6.21,5
002522,浙江众成,2012-12-31,5,485.9780,2.85,136.0075,2.05,5
300146,汤臣倍健,2012-12-31,8,1766.4690,8.08,316.1091,6.63,9
002547,春兴精工,2012-12-31,6,1489.8290,5.25,-23.8500,5.33,6
300155,安居宝,2012-12-31,4,553.1915,3.07,553.1915,0.00,0
002606,大连电瓷,2012-12-31,1,30.0000,0.15,0.0000,0.15,1
300147,香雪制药,2012-12-31,4,1360.9920,4.52,409.9820,3.16,4
002532,新界泵业,2012-12-31,2,155.3923,0.97,133.8223,0.13,1
002531,天顺风能,2012-12-31,2,103.1182,0.50,-37.3094,0.68,2
002702,海欣食品,2012-12-31,1,88.0000,1.24,88.0000,0.00,0
300223,北京君正,2012-12-31,1,100.8960,0.97,-27.4789,1.23,2
300165,天瑞仪器,2012-12-31,3,259.0000,1.68,-168.5447,2.78,5
300159,新研股份,2012-12-31,9,664.0220,3.68,57.6023,3.36,7
002535,林州重机,2012-12-31,1,816.6440,1.52,-552.5000,2.54,2
002609,捷顺科技,2012-12-31,1,54.0266,0.44,54.0266,0.00,0
002557,洽洽食品,2012-12-31,6,2106.6660,6.23,-371.7920,7.33,7
002539,新都化工,2012-12-31,2,689.0250,2.08,49.9900,1.93,2
300170,汉得信息,2012-12-31,6,1621.4790,9.66,-70.8500,10.08,5
300166,东方国信,2012-12-31,3,206.7812,1.70,-92.0446,2.46,3
300177,中海达,2012-12-31,3,672.4690,3.36,152.4121,2.60,4
300178,腾邦国际,2012-12-31,7,1424.7600,11.64,548.4130,7.34,6
002551,尚荣医疗,2012-12-31,2,905.3400,4.91,-301.0951,6.54,4
300216,千山药机,2012-12-31,1,99.7300,0.71,99.7300,0.00,0
300183,东软载波,2012-12-31,1,89.0869,0.40,0.0000,0.40,1
300197,铁汉生态,2012-12-31,7,1177.0726,5.59,27.1435,5.46,7
002543,万和电气,2012-12-31,2,132.0744,0.66,-0.1600,0.66,2
002546,新联电子,2012-12-31,1,49.9829,0.30,-72.5722,0.73,2
300182,捷成股份,2012-12-31,10,2145.9453,12.55,-93.2514,13.09,9
300203,聚光科技,2012-12-31,3,717.1660,1.61,-388.4517,2.48,4
300198,纳川股份,2012-12-31,3,1061.8650,5.09,243.2100,3.92,3
300186,大华农,2012-12-31,2,254.6965,0.95,122.5165,0.50,1
300195,长荣股份,2012-12-31,4,640.9827,4.58,-221.8414,6.16,7
300188,美亚柏科,2012-12-31,6,403.4830,3.64,-26.2816,3.88,6
300196,长海股份,2012-12-31,5,834.3856,6.95,144.7291,5.75,5
300187,永清环保,2012-12-31,3,248.8980,1.86,128.8980,0.90,1
300345,红宇新材,2012-12-31,2,66.3483,0.69,-345.5043,4.29,5
002698,博实股份,2012-12-31,4,720.0410,1.80,320.0350,1.00,3
300190,维尔利,2012-12-31,5,417.9670,4.27,-182.0244,6.13,7
002565,上海绿新,2012-12-31,3,1469.2940,4.30,305.9460,3.40,3
002577,雷柏科技,2012-12-31,1,29.4185,0.14,0.0000,0.14,1
300214,日科化学,2012-12-31,4,1452.3630,7.17,-440.2930,9.35,6
300204,舒泰神,2012-12-31,4,224.1328,1.68,1.8257,1.67,4
002563,森马服饰,2012-12-31,3,456.8494,0.68,99.2111,0.53,2
300199,翰宇药业,2012-12-31,5,1166.0251,5.83,-174.6319,6.70,6
002571,德力股份,2012-12-31,1,143.3280,0.84,143.3280,0.00,0
002564,张化机,2012-12-31,3,704.4090,2.32,181.8490,1.72,2
300226,上海钢联,2012-12-31,3,501.5720,6.27,0.0000,6.27,3
300201,海伦哲,2012-12-31,3,694.6530,3.95,694.6530,0.00,0
002572,索菲亚,2012-12-31,7,1886.5600,8.82,-268.9300,10.07,8
300202,聚龙股份,2012-12-31,4,1265.5344,7.46,104.4684,6.85,3
300210,森远股份,2012-12-31,5,827.6960,6.14,-208.9330,7.69,5
300209,天泽信息,2012-12-31,1,470.0000,2.94,-65.2342,3.35,3
601566,九牧王,2012-12-31,8,3894.7560,6.73,-1023.8840,8.50,9
300207,欣旺达,2012-12-31,7,2435.6620,9.97,652.7930,7.29,7
300212,易华录,2012-12-31,4,1026.5120,7.66,292.1150,5.48,3
300218,安利股份,2012-12-31,1,49.9940,0.24,-333.4830,1.82,2
002584,西陇化工,2012-12-31,1,47.0048,0.24,-9.6123,0.28,1
300219,鸿利光电,2012-12-31,3,273.7844,1.12,-969.5506,5.07,6
300257,开山股份,2012-12-31,5,1902.3600,6.65,-327.0530,7.80,6
300215,电科院,2012-12-31,3,350.3860,1.95,60.9828,1.61,3
300217,东方电热,2012-12-31,1,646.6420,3.27,-17.2820,3.36,2
300222,科大智能,2012-12-31,6,870.3660,8.06,440.0940,3.98,3
300228,富瑞特装,2012-12-31,6,1503.0640,11.22,686.8800,6.09,5
300240,飞力达,2012-12-31,2,168.5673,1.01,-46.5138,1.29,3
601311,骆驼股份,2012-12-31,2,1370.3200,1.61,-396.8760,2.10,4
002585,双星新材,2012-12-31,2,94.3174,0.23,55.9086,0.09,1
002586,围海股份,2012-12-31,4,1456.4802,7.16,983.0262,2.33,4
002589,瑞康医药,2012-12-31,8,1125.8597,12.00,221.2941,9.64,8
002587,奥拓电子,2012-12-31,3,567.8261,5.20,567.8261,0.00,0
300232,洲明科技,2012-12-31,5,423.7011,4.19,-199.1561,6.16,7
300230,永利带业,2012-12-31,3,436.0730,2.70,-73.4636,3.15,4
300234,开尔新材,2012-12-31,4,429.2534,3.58,322.4534,0.89,1
300236,上海新阳,2012-12-31,1,33.4671,0.39,-41.5036,0.88,2
002588,史丹利,2012-12-31,7,967.8741,5.73,-83.6958,6.22,7
300241,瑞丰光电,2012-12-31,7,938.9716,8.78,-127.5416,9.97,7
300258,精锻科技,2012-12-31,2,637.5560,4.25,230.3460,2.71,1
002607,亚夏汽车,2012-12-31,3,470.0790,2.67,-469.1213,5.34,4
300244,迪安诊断,2012-12-31,2,380.3020,4.13,38.3213,3.72,2
300246,宝莱特,2012-12-31,1,59.9842,0.82,59.9842,0.00,0
002603,以岭药业,2012-12-31,6,1956.4230,3.54,-85.6480,3.70,5
002620,瑞和股份,2012-12-31,6,736.9834,6.14,243.4757,4.11,4
300251,光线传媒,2012-12-31,3,363.0391,1.51,-672.0999,4.29,6
300256,星星科技,2012-12-31,4,764.9019,5.10,764.9019,0.00,0
300255,常山药业,2012-12-31,4,1163.3190,6.17,548.7690,3.26,3
601636,旗滨集团,2012-12-31,4,1705.0665,2.45,91.8685,2.32,4
300267,尔康制药,2012-12-31,8,2558.0510,10.69,753.8260,7.54,5
300259,新天科技,2012-12-31,6,1574.5130,10.40,760.9890,5.37,4
002618,丹邦科技,2012-12-31,3,446.4021,2.79,-94.1939,3.38,5
300273,和佳股份,2012-12-31,5,1504.5730,7.52,-186.9250,8.46,8
300261,雅本化学,2012-12-31,5,1107.7620,7.63,383.2116,4.99,5
002611,东方精工,2012-12-31,1,260.5450,1.47,-56.2766,1.79,2
300263,隆华节能,2012-12-31,1,236.0480,1.45,-167.5085,2.47,3
300270,中威电子,2012-12-31,8,704.5529,11.74,294.0211,6.84,6
002612,朗姿股份,2012-12-31,5,822.8190,4.11,-261.0010,5.42,6
300274,阳光电源,2012-12-31,4,1156.4220,3.59,1156.4220,0.00,0
601100,恒立油缸,2012-12-31,8,3821.4780,6.07,-711.9710,7.20,9
300275,梅安森,2012-12-31,3,314.0380,3.82,-260.8993,7.00,6
002623,亚玛顿,2012-12-31,3,1124.6530,7.03,664.4170,2.88,2
002640,百圆裤业,2012-12-31,5,566.8122,4.25,446.8562,0.90,1
603001,奥康国际,2012-12-31,7,1501.2390,3.74,-12.0730,3.77,7
002635,安洁科技,2012-12-31,7,1187.9389,9.90,309.2886,7.32,8
002648,卫星石化,2012-12-31,1,40.0000,0.10,3.0744,0.09,1
002632,道明光学,2012-12-31,2,421.4440,3.95,397.8578,0.22,1
002645,华宏科技,2012-12-31,1,35.5107,0.30,35.5107,0.00,0
002646,青青稞酒,2012-12-31,2,85.8785,0.19,-76.8890,0.36,4
002638,勤上光电,2012-12-31,2,1275.4870,3.40,-1571.9570,7.60,8
300288,朗玛信息,2012-12-31,3,117.1550,2.19,-1.6121,2.22,3
002668,奥马电器,2012-12-31,1,104.9920,0.64,-16.5960,0.74,2
300324,旋极信息,2012-12-31,8,331.1895,5.91,-167.6933,8.91,8
002651,利君股份,2012-12-31,3,393.0159,0.98,70.5359,0.80,2
300297,蓝盾股份,2012-12-31,1,46.6095,0.48,-84.6829,1.34,3
300350,华鹏飞,2012-12-31,1,12.9438,0.15,12.9438,0.00,0
002657,中科金财,2012-12-31,2,65.9342,0.94,42.3892,0.34,1
603077,和邦股份,2012-12-31,3,185.3186,0.41,-108.1894,0.65,3
002664,信质电机,2012-12-31,4,589.8965,4.42,32.9935,4.18,2
002649,博彦科技,2012-12-31,9,982.0519,6.55,64.9447,6.11,9
300287,飞利信,2012-12-31,8,775.7929,9.24,101.9381,8.02,8
300298,三诺生物,2012-12-31,5,317.2231,3.60,-130.4796,5.09,6
002656,卡奴迪路,2012-12-31,9,1004.9939,10.05,87.4399,9.18,9
002667,鞍重股份,2012-12-31,2,86.3665,1.27,-162.6300,3.66,5
002662,京威股份,2012-12-31,7,2091.5400,3.49,-544.3000,4.39,8
300291,华录百纳,2012-12-31,9,466.6832,7.78,100.3930,6.10,7
002650,加加食品,2012-12-31,5,960.2072,5.00,-1038.0733,10.41,9
002666,德联集团,2012-12-31,2,149.4434,0.93,49.4434,0.63,1
601929,吉视传媒,2012-12-31,3,299.2259,0.21,-570.1581,0.62,1
300307,慈星股份,2012-12-31,1,33.6090,0.04,33.6090,0.00,0
300310,宜通世纪,2012-12-31,1,116.4930,0.66,68.5390,0.27,1
002653,海思科,2012-12-31,6,955.9407,2.39,-340.1660,3.24,6
300296,利亚德,2012-12-31,1,25.0000,0.25,0.0000,0.25,1
300309,吉艾科技,2012-12-31,6,1200.2550,5.52,-26.8570,5.65,3
300306,远方光电,2012-12-31,1,20.0000,0.17,-98.4720,0.99,1
300304,云意电气,2012-12-31,1,70.0067,0.70,2.9343,0.67,2
601515,东风股份,2012-12-31,2,146.2668,0.26,-44.0218,0.34,3
601388,怡球资源,2012-12-31,3,129.0389,0.31,28.1489,0.25,2
300326,凯利泰,2012-12-31,4,186.7718,3.64,39.0418,2.88,4
601231,环旭电子,2012-12-31,5,1708.4260,1.69,1522.9910,0.18,1
002658,雪迪龙,2012-12-31,6,815.8922,5.93,-110.7146,6.74,6
300300,汉鼎股份,2012-12-31,10,793.7686,9.12,177.3695,7.09,8
002660,茂硕电源,2012-12-31,6,405.1005,4.10,14.9678,4.02,6
002661,克明面业,2012-12-31,3,233.5449,2.81,25.8377,2.50,4
002674,兴业科技,2012-12-31,2,778.6370,3.24,23.1991,3.15,3
300332,天壕节能,2012-12-31,6,1118.7700,3.50,-83.9940,3.76,5
300314,戴维医疗,2012-12-31,5,178.9274,2.24,-45.0163,2.80,3
002677,浙江美大,2012-12-31,1,332.4860,1.66,-110.4720,2.21,1
300302,同有科技,2012-12-31,3,101.5578,1.69,-18.5238,2.00,3
300312,邦讯技术,2012-12-31,4,132.4602,1.24,-48.9827,1.70,4
300315,掌趣科技,2012-12-31,7,1124.6012,6.87,180.2444,5.77,6
603000,人民网,2012-12-31,5,754.3525,2.73,-44.8009,2.89,7
002671,龙泉股份,2012-12-31,4,235.2764,2.49,-378.2969,6.50,7
002665,首航节能,2012-12-31,1,220.0000,1.65,-260.6516,3.60,5
002682,龙洲股份,2012-12-31,1,29.9490,0.19,-40.0510,0.44,1
603366,日出东方,2012-12-31,3,500.0826,1.25,-619.8688,2.80,5
002678,珠江钢琴,2012-12-31,3,190.2516,0.40,30.3392,0.33,2
300322,硕贝德,2012-12-31,8,906.0747,9.71,17.3890,9.52,8
300339,润和软件,2012-12-31,7,479.0712,6.24,28.3383,5.87,7
300333,兆日科技,2012-12-31,1,30.0000,0.27,-126.4147,1.40,4
300336,新文化,2012-12-31,1,53.7593,0.56,-4.7639,0.61,1
603008,喜临门,2012-12-31,8,1206.5506,5.75,33.7800,5.58,8
300334,津膜科技,2012-12-31,4,575.3078,4.96,22.7276,4.76,3
002701,奥瑞金,2012-12-31,3,409.4911,1.34,409.4911,0.00,0
300337,银邦股份,2012-12-31,7,2573.7784,13.78,343.2264,11.94,6
002680,黄海机械,2012-12-31,1,29.9921,0.37,-129.8873,2.00,5
002687,乔治白,2012-12-31,1,60.0000,0.61,-96.2500,1.59,2
002695,煌上煌,2012-12-31,7,633.6147,5.11,186.9746,3.61,6
300349,金卡股份,2012-12-31,5,201.1378,3.35,-85.0969,4.77,7
300328,宜安科技,2012-12-31,6,804.4370,7.18,-346.8201,10.28,10
300323,华灿光电,2012-12-31,1,87.3109,0.44,-12.6891,0.50,1
300346,南大光电,2012-12-31,3,122.8873,2.44,-42.6923,3.29,4
300351,永贵电器,2012-12-31,7,181.9613,2.32,81.9613,1.27,1
300347,泰格医药,2012-12-31,7,317.6193,5.95,0.4320,5.94,8
300354,东华测试,2012-12-31,1,31.3050,0.71,-3.7672,0.79,2
300352,北信源,2012-12-31,7,332.8778,4.99,131.6610,3.02,5
002700,新疆浩源,2012-12-31,1,37.3308,0.51,5.3374,0.44,1
