600005,武钢股份,2012-06-30,5,7952.2100,0.79,-1677.3300,0.95,5
600006,东风汽车,2012-06-30,3,1472.2810,0.74,-237.1830,0.85,4
600007,中国国贸,2012-06-30,3,3947.4490,3.92,123.4300,3.80,3
600009,上海机场,2012-06-30,3,4708.6800,2.44,-4987.3740,5.03,7
600010,包钢股份,2012-06-30,4,8356.5600,1.30,-9899.6600,2.84,7
600019,宝钢股份,2012-06-30,3,16597.7200,0.95,5606.4300,0.63,2
600026,中海发展,2012-06-30,3,1423.4940,0.42,35.3040,0.41,4
600028,中国石化,2012-06-30,4,19414.0000,0.22,954.7000,0.21,4
600033,福建高速,2012-06-30,3,960.9250,0.35,-38.4720,0.36,3
600037,歌华有线,2012-06-30,3,1770.6770,1.67,414.4920,1.28,2
600038,哈飞股份,2012-06-30,4,1135.6580,3.37,-1188.7440,6.89,5
600050,中国联通,2012-06-30,4,36415.9800,1.72,-767.1500,1.75,4
600052,浙江广厦,2012-06-30,1,1000.9800,1.15,-735.6150,1.99,2
600053,中江地产,2012-06-30,1,95.9540,0.22,95.9540,0.00,0
600054,黄山旅游,2012-06-30,4,2153.5610,4.57,-370.0060,5.35,4
600055,华润万东,2012-06-30,6,1752.2340,8.10,423.0300,6.14,4
600056,中国医药,2012-06-30,7,1417.4261,4.56,-1260.4063,8.61,7
600058,五矿发展,2012-06-30,6,1782.3890,1.66,359.2090,1.33,5
600059,古越龙山,2012-06-30,5,3289.1420,5.18,-60.8170,5.28,4
600060,海信电器,2012-06-30,7,11670.9690,13.43,1237.4770,12.01,7
600061,中纺投资,2012-06-30,1,1880.0000,4.38,-110.8800,4.64,1
600062,华润双鹤,2012-06-30,7,5900.5240,10.32,790.3720,8.94,6
600064,南京高科,2012-06-30,2,1860.7590,3.60,1200.7590,1.28,2
600066,宇通客车,2012-06-30,6,6310.3480,9.37,-2331.5270,12.83,7
600067,冠城大通,2012-06-30,6,7278.4350,6.18,3730.9700,4.82,6
600068,葛洲坝,2012-06-30,3,4649.2700,1.33,-1881.0400,1.87,3
600071,凤凰光学,2012-06-30,1,140.0220,0.59,40.0265,0.42,1
600072,中船股份,2012-06-30,4,1324.7569,2.77,79.6601,2.60,3
600075,新疆天业,2012-06-30,4,336.2129,0.77,-567.3814,2.06,5
600077,宋都股份,2012-06-30,3,723.6810,1.35,-1078.7950,3.36,6
600078,澄星股份,2012-06-30,1,116.3030,0.18,-182.0468,0.45,3
600079,人福医药,2012-06-30,7,5496.2580,11.14,972.6280,9.17,6
600085,同仁堂,2012-06-30,5,5352.1700,4.11,-231.3480,4.29,6
600088,中视传媒,2012-06-30,1,133.0160,0.40,-284.7480,1.26,2
600089,特变电工,2012-06-30,4,5689.5200,2.16,-1765.3200,2.83,4
600098,广州发展,2012-06-30,4,5937.0090,2.88,-2306.6900,4.00,7
600099,林海股份,2012-06-30,1,429.5650,1.96,0.0000,1.96,1
600100,同方股份,2012-06-30,3,10558.2790,5.31,1114.3530,4.75,2
600101,明星电力,2012-06-30,3,1514.5640,4.67,1314.5640,0.62,1
600104,上汽集团,2012-06-30,2,9399.2600,0.85,507.5000,0.81,2
600105,永鼎股份,2012-06-30,1,786.6360,2.06,-104.0000,2.34,2
600106,重庆路桥,2012-06-30,3,561.9260,0.62,561.9260,0.00,0
600107,美尔雅,2012-06-30,3,1074.3890,2.98,874.3890,0.56,1
600108,亚盛集团,2012-06-30,2,6055.8500,3.11,1403.0700,2.68,2
600109,国金证券,2012-06-30,4,3539.6560,3.54,2409.0530,1.13,3
600111,包钢稀土,2012-06-30,5,4514.7410,1.86,1971.0660,2.10,5
600112,长征电气,2012-06-30,3,2220.9730,4.36,559.6420,3.92,3
600115,东方航空,2012-06-30,3,7260.9000,0.64,4705.6300,0.23,1
600117,西宁特钢,2012-06-30,1,1547.8400,2.09,638.1350,1.23,2
600118,中国卫星,2012-06-30,3,2941.2370,3.21,-1656.4640,6.52,5
600120,浙江东方,2012-06-30,1,447.2750,0.88,147.2750,0.59,1
600121,郑州煤电,2012-06-30,2,156.0182,0.25,-8.4441,0.26,2
600123,兰花科创,2012-06-30,6,8538.7980,7.47,2700.7740,10.22,6
600125,铁龙物流,2012-06-30,4,11490.3800,8.80,-1415.0600,9.89,5
600127,金健米业,2012-06-30,2,270.0430,0.50,-15.2710,0.52,2
600128,弘业股份,2012-06-30,5,1380.9150,5.60,1180.9230,0.81,1
600129,太极集团,2012-06-30,2,403.1340,0.94,-159.8180,1.32,2
600132,重庆啤酒,2012-06-30,2,293.7910,0.61,28.7120,0.55,2
600133,东湖高新,2012-06-30,3,535.3850,1.08,292.4900,0.49,2
600135,乐凯胶片,2012-06-30,3,1903.1200,5.56,-460.4350,6.91,3
600137,浪莎股份,2012-06-30,3,316.5780,3.26,90.0000,2.33,2
600138,中青旅,2012-06-30,4,3466.8670,8.35,-1010.6650,10.78,5
600139,西部资源,2012-06-30,3,586.8206,0.89,178.2916,1.11,3
600141,兴发集团,2012-06-30,5,4647.5310,12.72,682.9550,10.85,5
600149,廊坊发展,2012-06-30,3,1915.3680,5.04,502.6390,3.72,2
600150,中国船舶,2012-06-30,4,1880.6920,1.36,593.4900,1.21,3
600151,航天机电,2012-06-30,1,164.1260,0.17,-793.8360,1.00,4
600153,建发股份,2012-06-30,6,19879.6800,8.88,-1199.5100,9.42,7
600157,永泰能源,2012-06-30,3,6281.2100,3.55,3998.8780,2.58,2
600160,巨化股份,2012-06-30,2,572.0580,0.40,245.9730,0.37,2
600162,香江控股,2012-06-30,1,165.0900,0.22,-113.8160,0.36,2
600163,福建南纸,2012-06-30,1,151.1640,0.21,-1460.6460,2.23,1
600166,福田汽车,2012-06-30,1,2800.0000,1.00,-3200.0000,2.84,1
600167,联美控股,2012-06-30,1,108.1070,0.51,108.1070,0.00,0
600168,武汉控股,2012-06-30,1,423.4090,0.96,-1404.7870,4.14,5
600169,太原重工,2012-06-30,3,2565.9380,1.06,1765.9380,0.50,1
600170,上海建工,2012-06-30,5,1403.0640,0.61,775.5935,0.54,5
600171,上海贝岭,2012-06-30,3,3339.4920,4.96,2193.2760,1.70,2
600172,黄河旋风,2012-06-30,2,756.3070,1.42,67.2090,2.20,2
600173,卧龙地产,2012-06-30,4,6707.1230,9.25,4300.9850,3.32,2
600176,中国玻纤,2012-06-30,7,7589.0590,8.70,2909.4280,8.04,7
600177,雅戈尔,2012-06-30,1,1365.3100,0.61,-1230.6500,1.17,2
600178,东安动力,2012-06-30,2,114.5848,0.25,-6.4905,0.26,2
600185,格力地产,2012-06-30,2,835.0910,1.45,225.8950,1.05,1
600187,国中水务,2012-06-30,1,133.3600,0.31,49.5305,0.20,1
600188,兖州煤业,2012-06-30,7,2926.8040,0.60,395.8310,0.51,6
600195,中牧股份,2012-06-30,5,1508.9010,3.87,-1031.0930,6.51,5
600196,复星医药,2012-06-30,5,7945.2550,4.17,4083.9680,2.03,3
600197,伊力特,2012-06-30,4,2859.3780,6.48,724.8510,4.84,5
600198,大唐电信,2012-06-30,1,788.4100,1.80,0.0000,1.80,1
600199,金种子酒,2012-06-30,6,5026.1770,9.04,-896.1680,10.66,8
600200,江苏吴中,2012-06-30,1,182.4490,0.29,182.4490,0.00,0
600208,新湖中宝,2012-06-30,7,32655.8900,5.26,-6377.1600,6.28,7
600210,紫江企业,2012-06-30,1,437.7100,0.30,437.7100,0.00,0
600215,长春经开,2012-06-30,1,578.4290,1.24,-426.8040,2.16,2
600216,浙江医药,2012-06-30,5,2259.8500,5.02,-73.1890,5.18,4
600218,全柴动力,2012-06-30,2,956.3710,3.37,113.7120,2.97,2
600219,南山铝业,2012-06-30,4,2548.2180,1.32,1084.7210,0.76,3
600220,江苏阳光,2012-06-30,2,707.6030,0.40,-344.0070,0.59,3
600221,海南航空,2012-06-30,4,5474.5550,1.33,475.7930,1.21,3
600223,鲁商置业,2012-06-30,3,3496.8600,3.49,1142.4800,2.35,2
600225,天津松江,2012-06-30,2,655.4830,1.05,58.1230,0.95,1
600226,升华拜克,2012-06-30,2,1547.0330,3.81,171.8070,3.39,2
600227,赤天化,2012-06-30,3,504.7120,0.53,106.2930,0.42,2
600231,凌钢股份,2012-06-30,4,5525.4460,6.87,1661.1260,4.81,1
600233,大杨创世,2012-06-30,1,180.0000,1.09,-778.8850,5.81,3
600236,桂冠电力,2012-06-30,4,2970.5380,1.30,-116.5020,1.35,3
600238,海南椰岛,2012-06-30,4,990.4110,2.21,-249.2900,2.77,4
600239,云南城投,2012-06-30,7,9473.0270,11.50,1593.3120,9.57,6
600240,华业地产,2012-06-30,3,3768.7400,5.84,-543.1470,6.69,4
600246,万通地产,2012-06-30,3,1756.9380,1.44,181.1800,1.30,4
600248,延长化建,2012-06-30,1,200.0000,0.47,0.0000,0.47,1
600252,中恒集团,2012-06-30,2,5693.9590,5.22,-1058.6460,6.19,4
600256,广汇能源,2012-06-30,5,16323.4900,4.66,4652.8100,5.99,6
600257,大湖股份,2012-06-30,4,1120.5540,2.62,244.8260,2.05,2
600258,首旅酒店,2012-06-30,1,500.0000,2.16,-780.0901,5.53,3
600259,广晟有色,2012-06-30,1,200.0000,0.80,-0.6790,0.80,1
600260,凯乐科技,2012-06-30,1,299.9890,0.57,-898.2870,2.27,3
600261,阳光照明,2012-06-30,7,5955.1300,9.23,2564.3450,7.88,6
600262,北方股份,2012-06-30,3,813.9828,4.79,-123.3172,5.51,3
600266,北京城建,2012-06-30,9,13929.4750,15.67,1306.1640,14.20,9
600267,海正药业,2012-06-30,4,8348.1900,9.94,2656.5760,10.84,4
600268,国电南自,2012-06-30,1,2303.5600,3.63,1407.4140,1.41,1
600269,赣粤高速,2012-06-30,5,6799.1950,2.91,2408.9680,1.88,3
600270,外运发展,2012-06-30,4,1385.3670,1.53,727.0450,0.73,2
600276,恒瑞医药,2012-06-30,4,4790.8250,3.87,328.5240,3.97,4
600277,亿利能源,2012-06-30,1,101.9690,0.07,-283.4761,0.43,2
600279,重庆港九,2012-06-30,1,68.2800,0.20,0.0000,0.20,1
600280,中央商场,2012-06-30,4,1641.1490,11.43,32.7450,11.21,3
600282,南钢股份,2012-06-30,1,423.9880,0.11,-314.7460,0.19,2
600283,钱江水利,2012-06-30,5,1333.6023,4.67,1199.5483,0.47,1
600285,羚锐制药,2012-06-30,3,1272.5630,6.34,1172.5630,0.50,1
600287,江苏舜天,2012-06-30,3,2563.7610,5.87,1800.0330,1.75,2
600290,华仪电气,2012-06-30,1,230.1540,0.44,0.0000,0.44,1
600292,中电远达,2012-06-30,2,706.9180,1.38,-586.5120,2.53,4
600298,安琪酵母,2012-06-30,6,2278.6090,6.91,-1053.9930,10.11,7
600300,维维股份,2012-06-30,1,500.0000,0.30,0.0000,0.30,1
600303,曙光股份,2012-06-30,2,930.0000,1.62,-4789.6430,9.96,7
600305,恒顺醋业,2012-06-30,2,759.9660,5.98,199.9750,4.40,1
600307,酒钢宏兴,2012-06-30,4,1419.3020,0.35,160.5320,0.31,3
600308,华泰股份,2012-06-30,3,634.0010,0.54,30.0990,0.52,3
600309,万华化学,2012-06-30,6,14765.9100,6.83,1917.7200,5.94,5
600310,桂东电力,2012-06-30,6,3020.1790,10.95,-604.4900,13.14,6
600311,荣华实业,2012-06-30,2,330.1170,0.50,-220.0040,0.83,3
600312,平高电气,2012-06-30,3,2037.9500,2.49,-4356.3170,7.81,8
600315,上海家化,2012-06-30,7,6461.6950,14.41,45.4220,15.17,7
600316,洪都航空,2012-06-30,3,1883.4210,2.63,-278.9340,3.02,3
600318,巢东股份,2012-06-30,2,916.3821,3.79,99.9871,3.37,1
600322,天房发展,2012-06-30,1,400.0000,0.36,-1672.7400,1.87,2
600323,南海发展,2012-06-30,1,380.4530,0.78,220.4530,0.49,1
600326,西藏天路,2012-06-30,1,112.0560,0.20,-1.5100,0.21,1
600327,大东方,2012-06-30,9,9311.7000,17.85,-2797.3560,23.21,9
600328,兰太实业,2012-06-30,1,63.0412,0.18,-0.8409,0.18,1
600329,中新药业,2012-06-30,2,1493.2940,2.02,9.0320,2.01,2
600331,宏达股份,2012-06-30,4,2126.3070,2.06,-1324.5390,3.34,5
600332,白云山,2012-06-30,3,537.3010,0.66,395.8790,0.17,1
600333,长春燃气,2012-06-30,2,459.3560,1.00,238.4297,0.48,3
600335,国机汽车,2012-06-30,5,3117.6700,5.57,-121.4510,5.78,5
600337,美克股份,2012-06-30,1,981.8680,1.55,-1430.0000,3.81,2
600339,天利高新,2012-06-30,2,518.3980,0.90,398.4100,0.21,1
600346,大橡塑,2012-06-30,1,125.2240,0.52,34.1839,0.38,1
600350,山东高速,2012-06-30,2,764.7130,0.16,-777.2010,0.32,4
600351,亚宝药业,2012-06-30,2,387.5600,0.61,-52.0020,0.69,2
600356,恒丰纸业,2012-06-30,2,413.4360,1.79,248.5430,0.71,1
600360,华微电子,2012-06-30,1,158.6950,0.23,-202.1280,0.53,2
600361,华联综超,2012-06-30,3,4199.6000,6.31,1115.4600,4.63,2
600362,江西铜业,2012-06-30,7,4921.2040,1.42,1633.2230,0.95,4
600363,联创光电,2012-06-30,1,180.0000,0.49,-181.0000,0.97,1
600366,宁波韵升,2012-06-30,7,5841.0840,11.35,750.7650,9.89,7
600367,红星发展,2012-06-30,1,200.0000,0.69,-570.0000,2.64,1
600371,万向德农,2012-06-30,2,203.6990,1.19,157.8558,0.27,1
600372,中航电子,2012-06-30,1,207.2690,0.16,207.2690,0.00,0
600373,中文传媒,2012-06-30,4,1241.4380,2.19,846.3460,0.70,2
600376,首开股份,2012-06-30,5,10176.1100,6.81,2642.6600,5.04,4
600378,天科股份,2012-06-30,3,780.8100,2.63,120.8130,2.44,3
600380,健康元,2012-06-30,4,950.3960,0.61,-123.5030,0.83,5
600383,金地集团,2012-06-30,6,34624.9300,7.74,8785.3100,5.78,5
600386,北巴传媒,2012-06-30,1,94.8487,0.24,-1387.2403,3.68,3
600388,龙净环保,2012-06-30,5,2263.7640,10.59,183.1710,9.73,6
600389,江山股份,2012-06-30,1,307.7370,1.55,-182.8630,2.48,2
600395,盘江股份,2012-06-30,3,2192.4670,1.99,584.9550,1.46,3
600396,金山股份,2012-06-30,3,854.3320,2.51,421.6250,1.27,2
600397,安源煤业,2012-06-30,5,1313.1600,2.65,1074.1769,0.48,2
600400,红豆股份,2012-06-30,3,1099.9970,1.96,1099.9970,0.00,0
600415,小商品城,2012-06-30,2,1377.7820,0.51,-2984.4710,1.60,3
600416,湘电股份,2012-06-30,3,2739.1340,4.50,1220.5900,2.50,3
600418,江淮汽车,2012-06-30,1,2866.0500,2.22,-3419.0300,4.88,3
600422,昆明制药,2012-06-30,5,2796.7360,8.90,-149.3430,9.38,5
600426,华鲁恒升,2012-06-30,3,4512.9600,4.73,-37.3900,4.77,2
600428,中远航运,2012-06-30,7,10637.9040,6.29,2132.7700,5.03,7
600456,宝钛股份,2012-06-30,3,701.8500,1.63,584.5150,0.27,1
600458,时代新材,2012-06-30,1,1172.6500,2.27,-536.1050,3.30,2
600466,迪康药业,2012-06-30,1,89.2404,0.20,-4.2600,0.21,1
600468,百利电气,2012-06-30,5,2640.2580,5.79,-57.0310,5.91,5
600486,扬农化工,2012-06-30,4,1282.6590,7.45,191.8490,6.34,4
600488,天药股份,2012-06-30,4,1756.1749,3.23,-1.2800,3.24,4
600496,精工钢构,2012-06-30,6,4391.7330,7.49,969.8860,5.83,5
600498,烽火通信,2012-06-30,4,1845.9770,4.17,-1499.7870,7.56,5
600499,科达机电,2012-06-30,3,1902.8110,3.01,-727.1470,4.16,3
600500,中化国际,2012-06-30,4,2328.3980,1.62,-577.1720,2.02,4
600501,航天晨光,2012-06-30,2,387.4096,1.00,318.1650,0.18,1
600503,华丽家族,2012-06-30,1,860.3330,0.76,-771.9680,1.43,2
600505,西昌电力,2012-06-30,1,1648.5300,4.52,35.0710,4.43,2
600508,上海能源,2012-06-30,5,2086.8740,2.89,807.4200,1.77,4
600509,天富热电,2012-06-30,6,1467.9200,2.24,1041.4660,0.65,3
600510,黑牡丹,2012-06-30,4,4003.2950,5.03,1785.9450,2.79,2
600511,国药股份,2012-06-30,6,4294.6110,8.97,721.2090,7.46,4
600516,方大炭素,2012-06-30,2,647.6510,0.51,56.0280,0.46,2
600518,康美药业,2012-06-30,5,12451.0200,5.66,-2642.0900,6.86,5
600519,贵州茅台,2012-06-30,3,1560.8790,1.50,-565.5000,2.05,4
600522,中天科技,2012-06-30,3,1724.6350,2.45,-281.9950,5.13,4
600525,长园集团,2012-06-30,2,823.3320,0.95,218.3350,0.70,1
600526,菲达环保,2012-06-30,2,117.4400,0.84,117.4400,0.00,0
600528,中铁二局,2012-06-30,3,1319.5550,0.90,-688.9020,1.38,6
600529,山东药玻,2012-06-30,4,1726.8940,6.71,-457.1680,8.49,4
600531,豫光金铅,2012-06-30,3,148.4721,0.50,-18.1963,0.56,3
600533,栖霞建设,2012-06-30,2,1127.1260,1.07,-677.4560,1.72,3
600535,天士力,2012-06-30,6,4463.6790,8.64,-412.6210,9.44,7
600548,深高速,2012-06-30,2,1169.3380,0.54,245.3180,0.42,1
600549,厦门钨业,2012-06-30,4,1909.5790,2.80,-83.5300,2.92,4
600550,天威保变,2012-06-30,3,949.8750,0.69,-279.4570,0.90,3
600552,方兴科技,2012-06-30,4,657.8385,5.62,231.2050,3.65,3
600557,康缘药业,2012-06-30,5,4341.0860,10.44,-884.3360,12.35,5
600559,老白干酒,2012-06-30,7,1858.5470,13.28,-225.3330,14.88,7
600560,金自天正,2012-06-30,2,663.5150,2.97,149.3100,3.45,2
600561,江西长运,2012-06-30,2,537.5990,2.89,537.5990,0.00,0
600563,法拉电子,2012-06-30,4,728.2919,3.24,-142.9601,3.87,3
600569,安阳钢铁,2012-06-30,2,548.8120,0.23,-483.6300,0.43,3
600571,信雅达,2012-06-30,2,277.9620,1.37,77.9620,0.99,1
600577,精达股份,2012-06-30,2,1560.5720,2.16,822.2810,2.05,1
600578,京能电力,2012-06-30,1,920.0100,1.17,-167.9000,1.38,1
600581,八一钢铁,2012-06-30,2,1123.8990,1.47,-1055.0690,2.84,3
600582,天地科技,2012-06-30,5,7137.1280,7.13,-1226.8790,8.27,6
600583,海油工程,2012-06-30,3,7739.9800,1.99,406.7330,1.89,4
600585,海螺水泥,2012-06-30,3,7587.9100,1.43,126.1000,1.41,3
600586,金晶科技,2012-06-30,1,1611.2900,1.13,1611.2900,0.00,0
600587,新华医疗,2012-06-30,6,2603.8030,14.96,391.2990,16.46,6
600588,用友软件,2012-06-30,1,1619.6200,1.65,-901.7600,3.09,2
600590,泰豪科技,2012-06-30,1,247.3150,0.49,-230.2390,1.05,2
600592,龙溪股份,2012-06-30,2,1870.0000,6.23,-475.8070,7.82,3
600595,中孚实业,2012-06-30,5,1408.1470,0.93,-41.2250,0.96,5
600596,新安股份,2012-06-30,2,1739.1410,2.56,-300.4940,3.00,3
600597,光明乳业,2012-06-30,5,5728.4520,5.46,1176.4030,4.34,5
600598,北大荒,2012-06-30,4,6098.1280,3.43,-567.9570,3.75,4
600600,青岛啤酒,2012-06-30,2,1780.9320,1.32,-416.5130,1.63,3
600601,方正科技,2012-06-30,2,1088.6090,0.50,-61.5530,0.52,2
600602,仪电电子,2012-06-30,1,154.3940,0.13,-2.0700,0.13,1
600612,老凤祥,2012-06-30,4,1651.9270,3.79,-693.2530,5.38,4
600616,金枫酒业,2012-06-30,3,2145.2550,4.89,828.5510,3.00,4
600619,海立股份,2012-06-30,1,140.0000,0.23,140.0000,0.00,0
600621,华鑫股份,2012-06-30,1,94.3042,0.18,94.3042,0.00,0
600622,嘉宝集团,2012-06-30,2,866.4290,1.68,-1722.7050,5.03,4
600626,申达股份,2012-06-30,1,149.9940,0.21,0.0000,0.21,1
600628,新世界,2012-06-30,2,779.6270,1.47,-47.2000,1.55,2
600633,浙报传媒,2012-06-30,2,333.2940,0.78,69.7840,0.61,2
600635,大众公用,2012-06-30,4,3676.1610,2.23,1872.0950,1.10,4
600637,百视通,2012-06-30,4,2285.0590,2.05,-107.0490,2.15,4
600639,浦东金桥,2012-06-30,1,248.3470,0.27,-610.4630,0.92,2
600642,申能股份,2012-06-30,2,3982.2600,0.84,934.7300,0.64,2
600643,爱建股份,2012-06-30,3,1476.6390,1.34,1476.6390,0.00,0
600644,乐山电力,2012-06-30,1,66.8609,0.20,-52.9042,0.37,2
600645,中源协和,2012-06-30,1,570.9040,1.76,-29.1380,1.85,1
600647,同达创业,2012-06-30,1,55.0100,0.51,55.0100,0.00,0
600649,城投控股,2012-06-30,3,2477.6270,1.08,1402.4780,0.47,2
600651,飞乐音响,2012-06-30,1,180.1760,0.29,-493.9540,1.09,2
600653,申华控股,2012-06-30,2,866.1590,0.50,-48.9730,0.52,2
600654,飞乐股份,2012-06-30,1,220.8920,0.29,-2.9600,0.30,1
600655,豫园商城,2012-06-30,1,2000.0000,1.39,-800.0000,1.95,1
600657,信达地产,2012-06-30,4,3442.3020,2.26,653.7480,1.83,3
600658,电子城,2012-06-30,2,1924.8930,3.32,1406.1700,0.89,3
600660,福耀玻璃,2012-06-30,3,9536.2100,4.76,10.8800,4.76,3
600662,强生控股,2012-06-30,3,413.4630,0.39,82.2760,0.31,2
600665,天地源,2012-06-30,2,3667.0720,4.24,686.0090,4.14,2
600668,尖峰集团,2012-06-30,1,139.9970,0.41,139.9970,0.00,0
600673,东阳光铝,2012-06-30,2,852.7220,1.03,-688.8290,1.86,4
600674,川投能源,2012-06-30,1,2629.9600,1.33,2199.9710,0.39,1
600675,中华企业,2012-06-30,4,6993.2500,4.49,946.7400,4.27,3
600676,交运股份,2012-06-30,2,402.0100,0.47,-99.7972,0.58,3
600677,航天通信,2012-06-30,1,200.9940,0.62,200.9940,0.00,0
600682,南京新百,2012-06-30,2,1380.6150,3.85,-534.4220,5.34,2
600683,京投银泰,2012-06-30,1,358.6030,0.48,-2874.8550,4.36,4
600684,珠江实业,2012-06-30,3,1248.3540,3.95,384.5970,3.55,3
600685,广船国际,2012-06-30,2,340.0517,0.53,-814.9475,1.80,3
600686,金龙汽车,2012-06-30,4,4020.3930,9.08,-1399.7920,12.25,5
600688,上海石化,2012-06-30,5,9924.2640,1.38,-232.7900,1.41,5
600690,青岛海尔,2012-06-30,4,13506.0500,5.03,-6902.3900,7.60,6
600693,东百集团,2012-06-30,1,1048.0800,3.05,-307.7820,3.95,2
600694,大商股份,2012-06-30,6,5389.9920,18.35,-20.8940,18.42,6
600697,欧亚集团,2012-06-30,7,3541.7680,22.26,76.2310,21.78,7
600699,均胜电子,2012-06-30,1,163.1930,0.42,163.1930,0.00,0
600702,沱牌舍得,2012-06-30,7,4812.5280,14.27,1043.8050,11.17,6
600703,三安光电,2012-06-30,3,4711.6590,3.26,1537.1130,2.20,2
600704,物产中大,2012-06-30,4,2439.1330,3.70,-671.8650,4.72,4
600706,曲江文旅,2012-06-30,2,593.8330,3.31,-15.2500,6.97,2
600707,*ST彩虹,2012-06-30,2,1328.4080,1.80,628.1900,0.95,1
600712,南宁百货,2012-06-30,1,399.9790,0.73,399.9790,0.00,0
600716,凤凰股份,2012-06-30,1,500.0000,0.68,-1509.9450,2.71,2
600717,天津港,2012-06-30,3,3840.4810,2.29,-603.4960,2.65,4
600718,东软集团,2012-06-30,2,4753.0300,3.87,720.0000,3.29,2
600719,大连热电,2012-06-30,1,147.9680,0.73,147.9680,0.00,0
600720,祁连山,2012-06-30,6,4257.3900,8.96,2562.7890,3.57,4
600723,首商股份,2012-06-30,4,1893.8550,2.88,-2037.4390,5.97,6
600724,宁波富达,2012-06-30,4,5962.3700,4.13,2514.2000,2.39,3
600725,云维股份,2012-06-30,3,1756.6020,2.85,1343.8020,0.67,2
600729,重庆百货,2012-06-30,5,2456.8030,6.58,-345.1970,7.51,6
600736,苏州高新,2012-06-30,3,1686.2250,1.59,-1849.8940,3.34,3
600737,中粮屯河,2012-06-30,4,1948.8900,1.94,-1696.1260,3.62,5
600739,辽宁成大,2012-06-30,4,7640.7300,5.60,-3562.0500,8.21,5
600740,山西焦化,2012-06-30,1,115.8490,0.20,115.8490,0.00,0
600741,华域汽车,2012-06-30,6,15735.0600,6.09,834.4300,5.77,6
600742,一汽富维,2012-06-30,6,2420.3630,11.44,56.6830,11.17,7
600743,华远地产,2012-06-30,1,380.9750,0.30,380.9750,0.00,0
600744,华银电力,2012-06-30,2,1324.5240,1.86,-75.4660,1.97,1
600748,上实发展,2012-06-30,1,260.2150,0.24,-4.4500,0.24,1
600749,西藏旅游,2012-06-30,2,394.4180,2.09,-759.0530,6.10,4
600750,江中药业,2012-06-30,6,3784.7190,12.16,686.4930,9.96,5
600893,航空动力,2012-06-30,1,688.9930,0.63,-994.6360,1.55,2
600894,广日股份,2012-06-30,1,1950.0000,2.47,-50.0000,2.62,1
600895,张江高科,2012-06-30,8,11531.6630,7.45,218.1890,7.31,8
600897,厦门空港,2012-06-30,3,477.6680,1.60,101.8575,1.26,4
600320,振华重工,2012-06-30,2,1788.3430,0.41,825.0340,0.22,1
000001,平安银行,2012-06-30,3,10286.8300,2.01,-2244.1900,2.45,4
000002,万科A,2012-06-30,4,42608.7600,3.88,-7009.8600,4.51,5
000004,国农科技,2012-06-30,1,45.2840,0.54,-8.0000,0.63,1
000006,深振业A,2012-06-30,1,1292.9800,1.31,931.9330,0.37,1
000009,中国宝安,2012-06-30,4,4334.2380,3.97,-125.4820,4.09,4
000012,南玻A,2012-06-30,4,5702.8800,2.75,1128.4300,2.20,3
000016,深康佳A,2012-06-30,5,4747.8100,3.94,3086.1750,1.38,2
000021,长城开发,2012-06-30,6,3714.7920,2.82,880.9340,2.15,5
000022,深赤湾A,2012-06-30,1,407.9820,0.63,407.9820,0.00,0
000024,招商地产,2012-06-30,9,11824.9900,6.89,3018.5100,5.13,7
000026,飞亚达A,2012-06-30,5,3766.2980,9.59,-705.3590,11.38,6
000027,深圳能源,2012-06-30,6,6520.7690,2.47,1867.5460,1.76,6
000028,国药一致,2012-06-30,6,3878.2700,13.46,-1106.1280,17.30,8
000029,深深房A,2012-06-30,1,78.2619,0.08,-1.0400,0.08,1
000031,中粮地产,2012-06-30,8,12827.6860,7.07,1611.6730,6.18,6
000039,中集集团,2012-06-30,2,3350.3800,1.26,975.6020,0.89,2
000045,深纺织A,2012-06-30,2,440.7954,1.31,440.7954,0.00,0
000046,泛海建设,2012-06-30,2,5410.2800,1.19,-92.9900,1.21,3
000049,德赛电池,2012-06-30,8,1979.4580,14.47,1401.3433,4.23,5
000050,深天马A,2012-06-30,3,604.2820,1.05,519.1540,0.15,1
000059,辽通化工,2012-06-30,4,3088.1520,2.57,-612.5730,3.08,5
000060,中金岭南,2012-06-30,6,7245.8300,3.51,1417.6490,2.83,5
000061,农产品,2012-06-30,2,6622.9600,4.79,3004.2000,4.71,2
000063,中兴通讯,2012-06-30,3,7183.1700,2.09,2.1200,2.09,3
000065,北方国际,2012-06-30,3,534.5990,3.29,351.2669,1.13,2
000066,长城电脑,2012-06-30,3,1171.8520,0.89,-56.6080,0.93,3
000069,华侨城A,2012-06-30,6,30453.0200,4.19,4785.4100,4.59,6
000078,海王生物,2012-06-30,2,258.8990,0.40,-14.6480,0.42,2
000088,盐田港,2012-06-30,3,4117.1160,2.12,4117.1160,0.00,0
000089,深圳机场,2012-06-30,2,3411.8860,2.02,-284.0000,2.19,2
000090,深天健,2012-06-30,2,442.9170,0.88,-1081.5070,3.34,3
000096,广聚能源,2012-06-30,1,63.0407,0.12,63.0407,0.00,0
000099,中信海直,2012-06-30,3,452.8321,0.88,146.0725,0.60,3
000157,中联重科,2012-06-30,1,7042.6300,0.91,193.7900,0.89,1
000159,国际实业,2012-06-30,1,98.5319,0.20,-77.9586,0.37,2
000301,东方市场,2012-06-30,1,249.4760,0.20,-197.3810,0.37,2
000400,许继电气,2012-06-30,9,5582.9220,14.76,296.7530,13.97,9
000401,冀东水泥,2012-06-30,2,3762.2310,2.79,-5912.5290,7.18,6
000402,金融街,2012-06-30,4,11458.2600,3.79,611.9800,3.58,4
000404,华意压缩,2012-06-30,1,423.0710,1.30,122.0860,0.93,1
000407,胜利股份,2012-06-30,2,2755.0830,4.24,817.1010,2.99,3
000410,沈阳机床,2012-06-30,1,185.4260,0.34,-384.3940,1.04,2
000413,宝石A,2012-06-30,1,1450.0000,3.79,110.0000,3.50,1
000415,渤海租赁,2012-06-30,4,1562.2900,1.23,-432.3760,2.04,5
000417,合肥百货,2012-06-30,6,4660.6580,8.96,-1451.6110,11.76,7
000418,小天鹅A,2012-06-30,2,1531.9450,2.42,199.9140,2.11,2
000419,通程控股,2012-06-30,1,200.0000,0.44,-86.0000,0.63,1
000421,南京中北,2012-06-30,1,229.4040,0.65,229.4040,0.00,0
000422,湖北宜化,2012-06-30,6,4566.0980,5.09,1060.7610,5.59,6
000423,东阿阿胶,2012-06-30,9,6980.1030,10.67,1080.1170,9.02,8
000425,徐工机械,2012-06-30,4,5080.0360,2.46,393.8660,2.27,3
000426,兴业矿业,2012-06-30,1,583.0000,1.33,32.8220,1.38,1
600754,锦江股份,2012-06-30,6,3453.3700,5.72,306.7510,5.22,5
600755,厦门国贸,2012-06-30,2,1814.5030,1.36,-257.8020,1.56,3
600758,红阳能源,2012-06-30,1,64.5349,0.31,-270.2051,1.61,1
600759,正和股份,2012-06-30,1,569.9780,0.47,569.9780,0.00,0
600761,安徽合力,2012-06-30,7,4676.1490,9.10,707.7270,9.26,6
600763,通策医疗,2012-06-30,8,3452.4550,21.53,-390.7450,23.97,8
600765,中航重机,2012-06-30,5,4704.3950,6.05,-990.3010,7.32,5
600770,综艺股份,2012-06-30,2,1853.9050,2.52,-3937.7720,7.86,5
600773,西藏城投,2012-06-30,2,273.3540,0.47,157.2430,0.20,1
600776,东方通信,2012-06-30,3,4324.4460,3.44,981.5920,2.66,2
600778,友好集团,2012-06-30,6,4460.9880,14.32,-1435.3650,18.93,7
600779,水井坊,2012-06-30,4,718.8390,1.47,-199.8760,1.88,3
600780,通宝能源,2012-06-30,5,7164.3300,6.25,0.0000,6.25,5
600783,鲁信创投,2012-06-30,6,1587.7980,2.13,1245.0664,0.46,3
600785,新华百货,2012-06-30,6,4114.1270,19.83,-485.3460,22.17,7
600787,中储股份,2012-06-30,6,5728.1120,6.82,-2732.3120,10.07,6
600789,鲁抗医药,2012-06-30,2,201.9076,0.35,-11.4162,0.37,2
600791,京能置业,2012-06-30,1,340.9600,0.75,40.9600,0.66,1
600795,国电电力,2012-06-30,3,43606.1000,2.83,16805.1100,1.74,2
600797,浙大网新,2012-06-30,2,368.3500,0.44,-72.8740,0.52,2
600801,华新水泥,2012-06-30,2,1140.4740,1.22,-917.6910,2.20,2
600803,威远生化,2012-06-30,1,276.3800,0.89,276.3800,0.00,0
600804,鹏博士,2012-06-30,1,2959.7800,2.21,-1342.3700,3.21,2
600805,悦达投资,2012-06-30,6,5576.7480,7.86,-1803.5600,10.41,7
600808,马钢股份,2012-06-30,2,5332.7210,0.69,-5943.4720,1.46,5
600809,山西汾酒,2012-06-30,8,6572.7900,7.59,2843.6300,8.61,8
600810,神马股份,2012-06-30,1,609.9980,1.38,609.9980,0.00,0
600811,东方集团,2012-06-30,3,2850.0510,1.71,-817.2410,2.20,3
600812,华北制药,2012-06-30,3,5244.5370,5.10,303.9970,4.80,3
600814,杭州解百,2012-06-30,2,265.0000,0.85,-570.8770,2.69,3
600815,厦工股份,2012-06-30,2,1837.2810,2.30,-2000.1540,4.80,3
600816,安信信托,2012-06-30,2,772.7430,1.70,272.7430,1.10,1
600820,隧道股份,2012-06-30,6,2934.8670,2.26,2597.8070,0.46,2
600823,世茂股份,2012-06-30,5,10626.1600,9.08,221.4100,8.89,5
600824,益民集团,2012-06-30,1,149.8950,0.20,-2.0100,0.21,1
600825,新华传媒,2012-06-30,1,301.6530,0.29,1.6530,0.29,1
600827,友谊股份,2012-06-30,3,3643.8600,2.12,1008.1800,1.53,2
600828,成商集团,2012-06-30,6,5119.6370,8.97,279.5680,11.03,7
600829,三精制药,2012-06-30,3,1240.4430,2.14,1240.4430,0.00,0
600830,香溢融通,2012-06-30,2,561.3200,1.24,-203.3900,1.68,2
600831,广电网络,2012-06-30,5,2572.1600,4.57,-449.2840,5.36,7
600832,东方明珠,2012-06-30,2,1613.0930,0.51,-1546.1900,0.99,3
600834,申通地铁,2012-06-30,1,38.8485,0.08,-61.2179,0.21,2
600835,上海机电,2012-06-30,1,379.3870,0.37,-1536.1130,1.87,4
600839,四川长虹,2012-06-30,5,8027.5800,1.74,-3573.8600,2.51,5
600844,丹化科技,2012-06-30,1,1143.2300,1.47,-1515.3160,3.41,3
600845,宝信软件,2012-06-30,1,871.5160,2.56,30.3070,2.47,1
600846,同济科技,2012-06-30,2,336.6700,0.54,74.7580,0.42,2
600847,万里股份,2012-06-30,1,240.0620,2.71,0.0000,2.71,1
601607,上海医药,2012-06-30,2,2156.7780,0.80,-5033.1780,2.67,2
600850,华东电脑,2012-06-30,2,1288.8080,7.54,300.8740,5.78,2
600858,银座股份,2012-06-30,4,4693.4620,9.02,1553.2180,10.87,5
600859,王府井,2012-06-30,7,4523.3050,9.77,-700.1970,11.29,8
600861,北京城乡,2012-06-30,3,1243.4270,3.92,0.0000,3.92,3
600863,内蒙华电,2012-06-30,5,6129.8250,2.37,-634.2760,2.62,6
600866,星湖科技,2012-06-30,1,517.5770,0.94,-142.4120,1.20,1
600867,通化东宝,2012-06-30,4,1876.6150,2.42,238.9540,2.11,2
600869,远东电缆,2012-06-30,2,114.8801,0.23,114.8801,0.00,0
600870,厦华电子,2012-06-30,1,800.0000,2.16,0.0000,2.16,1
600871,仪征化纤,2012-06-30,2,3194.4104,0.80,28.0900,0.79,2
600872,中炬高新,2012-06-30,2,477.2210,0.60,-2120.4690,3.26,2
600874,创业环保,2012-06-30,2,233.2930,0.16,-87.9090,0.23,2
600875,东方电气,2012-06-30,2,1140.0750,0.57,-195.2270,0.67,2
600879,航天电子,2012-06-30,1,2189.7800,2.70,-1250.6790,4.24,3
600880,博瑞传播,2012-06-30,6,7144.6840,11.38,-956.6290,12.90,8
600881,亚泰集团,2012-06-30,6,11242.6700,5.93,5029.4800,3.28,5
600884,杉杉股份,2012-06-30,3,781.9210,1.90,279.8458,1.22,3
600886,国投电力,2012-06-30,6,26190.9200,7.45,10774.3000,6.57,5
600887,伊利股份,2012-06-30,3,7904.0900,4.94,-3391.5100,7.07,4
600888,新疆众和,2012-06-30,3,2330.3420,4.36,275.4420,5.00,3
000430,张家界,2012-06-30,8,3026.5190,9.43,-70.5800,9.65,8
000501,鄂武商A,2012-06-30,4,7389.4300,14.57,2178.5000,10.27,3
000503,海虹控股,2012-06-30,2,1667.6970,1.86,-2255.6280,4.36,5
000507,珠海港,2012-06-30,1,282.8010,0.46,282.8010,0.00,0
000510,金路集团,2012-06-30,1,178.2120,0.29,-2.3910,0.30,1
000513,丽珠集团,2012-06-30,5,2247.2830,7.60,-57.2220,7.79,5
000514,渝开发,2012-06-30,3,2381.7140,3.10,-58.0960,3.50,3
000516,开元投资,2012-06-30,5,4022.7650,5.64,-3307.8640,10.28,6
000517,荣安地产,2012-06-30,1,249.9950,0.24,0.0000,0.24,1
000518,四环生物,2012-06-30,2,515.4060,0.50,-24.1000,0.52,2
000519,江南红箭,2012-06-30,1,136.2180,0.71,-15.0000,0.79,1
000525,红太阳,2012-06-30,3,1702.7370,3.36,-171.1870,3.69,3
000528,柳工,2012-06-30,5,6033.7400,5.36,153.0700,5.23,5
000529,广弘控股,2012-06-30,1,337.7300,0.58,337.7300,0.00,0
000530,大冷股份,2012-06-30,2,1940.0650,5.54,-564.7250,7.16,3
000531,穗恒运A,2012-06-30,2,305.7660,0.89,305.7660,0.00,0
000534,万泽股份,2012-06-30,1,109.3830,0.23,109.3830,0.00,0
000536,华映科技,2012-06-30,2,1783.7070,2.55,-296.4830,2.97,2
000537,广宇发展,2012-06-30,7,6678.8500,13.03,19.9460,12.99,5
000538,云南白药,2012-06-30,5,3073.7140,4.43,-270.2250,4.82,4
000539,粤电力A,2012-06-30,3,4281.8600,1.53,322.5700,1.42,3
000540,中天城投,2012-06-30,7,9944.3210,7.78,1128.1320,6.89,6
000543,皖能电力,2012-06-30,4,1335.3860,1.73,565.3900,1.00,2
000544,中原环保,2012-06-30,1,53.6229,0.20,53.6229,0.00,0
000546,光华控股,2012-06-30,1,347.2890,2.05,247.7090,0.59,1
000547,闽福发A,2012-06-30,2,4027.2300,6.51,107.2000,6.34,2
000550,江铃汽车,2012-06-30,3,3650.1210,4.23,-7.0200,4.24,3
000551,创元科技,2012-06-30,1,879.0000,2.20,172.0000,2.65,1
000552,靖远煤电,2012-06-30,5,912.1417,5.13,912.1417,0.00,0
000554,泰山石油,2012-06-30,1,1521.3000,3.16,-457.5400,4.12,1
000559,万向钱潮,2012-06-30,4,3843.7520,2.41,-797.4400,2.91,4
000560,昆百大A,2012-06-30,2,591.0740,3.59,-62.3500,3.97,2
000561,烽火电子,2012-06-30,2,1002.8160,1.68,-169.7830,1.97,2
000562,宏源证券,2012-06-30,4,3263.5930,1.64,-1988.7090,3.59,7
000563,陕国投A,2012-06-30,5,999.8000,1.73,-182.7270,3.30,4
000566,海南海药,2012-06-30,8,5296.6420,21.39,-244.2640,22.38,8
000568,泸州老窖,2012-06-30,6,9262.1630,6.62,-378.9650,6.91,7
000571,新大洲A,2012-06-30,2,365.0740,0.50,-20.6340,0.52,2
000573,粤宏远A,2012-06-30,1,528.1580,0.85,528.1580,0.00,0
000581,威孚高科,2012-06-30,5,5508.9400,8.10,78.8480,7.98,5
000582,北海港,2012-06-30,2,85.1382,0.60,-0.2700,0.60,2
000584,友利控股,2012-06-30,2,2186.9700,5.35,2186.9700,0.00,0
000589,黔轮胎A,2012-06-30,1,394.6180,0.81,394.6180,0.00,0
000590,紫光古汉,2012-06-30,1,349.3900,1.72,-255.0000,2.98,3
000592,中福实业,2012-06-30,3,4906.4300,5.79,3945.9550,1.47,1
000596,古井贡酒,2012-06-30,3,1608.9310,3.19,550.0810,4.21,4
000597,东北制药,2012-06-30,2,258.6690,0.77,0.0000,0.77,2
000598,兴蓉投资,2012-06-30,2,2141.6230,1.86,-1181.7980,2.88,5
000599,青岛双星,2012-06-30,1,477.6130,0.91,97.5020,0.72,1
000600,建投能源,2012-06-30,6,2268.1840,2.48,733.3070,1.68,6
000601,韶能股份,2012-06-30,2,1028.1170,1.11,753.7120,0.30,1
000603,盛达矿业,2012-06-30,1,227.7090,0.45,-30.2570,0.51,2
000608,阳光股份,2012-06-30,1,1226.8900,1.64,1226.8900,0.00,0
000609,绵世股份,2012-06-30,1,341.6770,1.15,341.6770,0.00,0
000612,焦作万方,2012-06-30,5,1425.4791,2.97,-12.2249,2.99,5
000616,亿城股份,2012-06-30,7,12795.0300,10.74,-2284.9100,12.65,7
000617,*ST济柴,2012-06-30,1,344.5440,1.20,-58.4055,1.40,2
000620,新华联,2012-06-30,1,93.4999,0.06,-1.2501,0.06,1
000623,吉林敖东,2012-06-30,5,5702.5520,6.38,1921.9040,5.49,5
000625,长安汽车,2012-06-30,4,16146.0900,3.46,774.1000,3.30,4
000627,天茂集团,2012-06-30,3,2250.5780,1.66,-65.8120,1.71,4
000629,攀钢钒钛,2012-06-30,3,10017.6800,1.75,-4067.2500,2.46,4
000630,铜陵有色,2012-06-30,7,6479.0390,4.56,1488.1950,3.51,5
000631,顺发恒业,2012-06-30,3,1442.6890,1.38,15.9350,1.36,3
000635,英力特,2012-06-30,4,857.3760,2.83,153.3500,3.98,4
000636,风华高科,2012-06-30,1,362.6940,0.54,203.5570,0.24,1
000639,西王食品,2012-06-30,4,891.7770,4.74,-363.4680,10.00,7
000650,仁和药业,2012-06-30,8,13102.1050,13.86,3813.9870,14.74,9
000651,格力电器,2012-06-30,3,11138.2300,3.70,3414.9100,2.57,2
000652,泰达股份,2012-06-30,4,4272.2620,2.90,330.7200,2.67,4
000655,金岭矿业,2012-06-30,1,87.0817,0.15,-1.1726,0.15,1
000656,金科股份,2012-06-30,9,5252.8730,4.53,681.5150,3.95,8
000659,珠海中富,2012-06-30,2,4126.7690,3.21,3013.5270,0.87,2
000661,长春高新,2012-06-30,6,1515.4530,11.54,384.5740,8.61,4
000665,湖北广电,2012-06-30,5,1278.1880,7.20,-147.0860,8.03,5
000666,经纬纺机,2012-06-30,7,1804.5090,2.99,362.5710,2.39,4
000667,名流置业,2012-06-30,1,1657.8800,0.65,0.0000,0.65,1
000669,金鸿能源,2012-06-30,8,1613.3950,17.44,-206.0620,19.67,8
000671,阳光城,2012-06-30,7,4260.4060,7.95,-18.8490,7.98,6
000678,襄阳轴承,2012-06-30,1,59.0500,0.20,0.0000,0.20,1
000679,大连友谊,2012-06-30,1,902.5220,2.53,-631.5057,4.30,3
000680,山推股份,2012-06-30,8,6068.0530,5.33,3312.0930,3.63,5
000682,东方电子,2012-06-30,2,485.1510,0.50,-27.4240,0.52,2
000686,东北证券,2012-06-30,4,2688.1550,4.20,1003.3490,2.64,3
000690,宝新能源,2012-06-30,7,8026.9480,4.65,5978.3470,1.19,4
000692,惠天热电,2012-06-30,2,270.9534,1.02,270.9534,0.00,0
000697,炼石有色,2012-06-30,1,203.8310,0.42,-199.7580,0.84,2
000698,沈阳化工,2012-06-30,2,363.3440,0.55,-1217.6380,2.39,2
000700,模塑科技,2012-06-30,1,777.2020,2.51,-10.0000,2.55,1
000705,浙江震元,2012-06-30,2,301.3000,2.40,-428.7100,5.82,3
000708,大冶特钢,2012-06-30,3,1637.4140,3.64,-742.4830,5.30,4
000709,河北钢铁,2012-06-30,6,23313.6900,2.20,-3172.1300,2.49,7
000710,天兴仪表,2012-06-30,1,49.9971,0.33,0.0000,0.33,1
000712,锦龙股份,2012-06-30,3,1018.4520,3.34,384.5620,2.08,2
000713,丰乐种业,2012-06-30,1,61.1990,0.20,8.0329,0.18,1
000715,中兴商业,2012-06-30,2,349.9920,1.25,-557.9350,3.25,3
000716,南方食品,2012-06-30,5,1256.4980,7.05,489.5520,4.30,3
000717,*ST韶钢,2012-06-30,3,1079.6240,0.65,-1004.2870,1.25,4
000718,苏宁环球,2012-06-30,5,18227.4100,8.92,535.8400,8.66,5
000720,新能泰山,2012-06-30,1,790.1290,0.92,-548.4000,1.55,2
000721,西安饮食,2012-06-30,2,693.5203,3.48,-422.8467,5.60,3
000725,京东方A,2012-06-30,1,30302.0000,2.24,30302.0000,0.00,0
000726,鲁泰A,2012-06-30,3,979.2600,0.97,-1030.5070,1.99,4
000727,华东科技,2012-06-30,1,409.6880,1.14,-358.0220,2.14,1
000728,国元证券,2012-06-30,2,3421.8100,1.74,-3593.9100,3.57,3
000729,燕京啤酒,2012-06-30,2,3747.0900,1.49,1191.7800,2.03,2
000731,四川美丰,2012-06-30,1,163.9120,0.33,-742.6540,1.80,3
000732,泰禾集团,2012-06-30,5,1885.8280,1.85,643.9700,1.22,3
000735,罗牛山,2012-06-30,1,257.4860,0.29,257.4860,0.00,0
000738,中航动控,2012-06-30,2,714.5110,0.76,714.5110,0.00,0
000739,普洛药业,2012-06-30,2,269.1450,1.05,269.1450,0.00,0
000748,长城信息,2012-06-30,1,124.0400,0.33,-278.8070,1.07,1
000750,国海证券,2012-06-30,3,531.7940,0.30,331.8020,0.28,2
000751,*ST锌业,2012-06-30,1,158.0770,0.14,-249.1360,0.37,2
000756,新华制药,2012-06-30,1,47.1768,0.10,47.1768,0.00,0
000758,中色股份,2012-06-30,4,2166.0450,2.83,563.8890,2.09,3
000759,中百集团,2012-06-30,4,7386.9100,10.85,-1727.3870,13.38,5
000761,本钢板材,2012-06-30,1,5601.8000,1.79,-394.8700,1.91,1
000762,西藏矿业,2012-06-30,1,601.5090,1.26,-267.1100,2.74,3
000767,漳泽电力,2012-06-30,1,195.4350,0.15,-0.7900,0.15,1
000768,中航飞机,2012-06-30,6,7098.4580,2.86,947.7650,2.48,6
000776,广发证券,2012-06-30,1,995.8570,0.34,67.0120,0.31,1
000777,中核科技,2012-06-30,1,37.3926,0.18,-173.4711,0.99,2
000778,新兴铸管,2012-06-30,7,9912.8010,5.17,2224.0070,4.01,6
000779,三毛派神,2012-06-30,4,1590.5690,8.53,536.7550,5.65,4
000780,平庄能源,2012-06-30,7,5231.9090,5.16,-436.7550,5.59,8
000783,长江证券,2012-06-30,1,3576.9800,1.51,141.0600,1.45,1
000785,武汉中商,2012-06-30,1,162.7660,0.65,-173.9150,1.34,2
000786,北新建材,2012-06-30,7,6858.5600,11.92,175.8180,11.62,7
000788,北大医药,2012-06-30,5,2670.4180,4.48,492.3060,3.65,4
000789,江西水泥,2012-06-30,6,2501.2230,6.32,1654.2060,2.14,1
000792,盐湖股份,2012-06-30,3,3722.0410,2.34,-91.9490,2.40,2
000793,华闻传媒,2012-06-30,3,3091.8020,2.27,162.3910,2.15,3
000797,中国武夷,2012-06-30,1,611.7540,1.57,273.9540,0.87,1
000798,中水渔业,2012-06-30,1,123.0580,0.39,123.0580,0.00,0
000799,酒鬼酒,2012-06-30,3,1135.8410,3.50,-1080.3310,6.82,6
000800,一汽轿车,2012-06-30,6,9819.0880,6.03,482.0740,5.74,6
000801,四川九洲,2012-06-30,1,89.2350,0.23,0.0000,0.23,1
000807,云铝股份,2012-06-30,4,2337.7180,1.52,-1167.6900,2.28,7
000809,铁岭新城,2012-06-30,1,137.8710,0.25,-41.6510,0.49,1
000811,烟台冰轮,2012-06-30,7,5003.2110,12.68,-1227.0960,15.79,7
000812,陕西金叶,2012-06-30,1,402.2250,0.90,402.2250,0.00,0
000816,江淮动力,2012-06-30,2,5275.2910,4.85,-617.4270,5.41,3
000818,方大化工,2012-06-30,1,528.4480,0.78,0.0000,0.78,1
000823,超声电子,2012-06-30,3,444.5720,1.01,207.9899,0.54,2
000825,太钢不锈,2012-06-30,4,9030.1700,1.59,535.5600,1.49,4
000826,桑德环境,2012-06-30,9,5776.0060,11.60,840.3080,11.89,9
000829,天音控股,2012-06-30,2,2798.3280,2.96,653.4430,2.27,3
000837,秦川发展,2012-06-30,2,1726.9100,4.95,30.0000,4.87,2
000839,中信国安,2012-06-30,3,3545.2710,2.26,-723.1020,2.72,4
000848,承德露露,2012-06-30,8,4948.7810,13.56,635.4390,11.82,8
000850,华茂股份,2012-06-30,1,750.0000,0.79,-167.8690,0.97,2
000852,江钻股份,2012-06-30,1,46.8501,0.12,46.8501,0.00,0
000858,五粮液,2012-06-30,7,12308.2200,3.24,1863.3000,2.75,5
000860,顺鑫农业,2012-06-30,5,1920.4610,4.38,-219.8450,4.88,6
000861,海印股份,2012-06-30,7,3576.4120,7.27,-147.4780,7.57,8
000869,张裕A,2012-06-30,1,558.9960,0.82,185.0030,0.71,1
000875,吉电股份,2012-06-30,1,234.8000,0.28,-125.2000,0.43,1
000876,新希望,2012-06-30,3,2469.9620,1.42,-701.9930,1.83,3
000877,天山股份,2012-06-30,6,4413.0880,5.01,2437.2530,4.04,4
000878,云南铜业,2012-06-30,6,3890.3790,2.75,-423.4540,3.05,6
000880,潍柴重机,2012-06-30,1,445.5090,1.61,-396.5462,3.05,3
000882,华联股份,2012-06-30,1,1320.0000,1.48,-1000.0000,2.60,2
000885,同力水泥,2012-06-30,2,349.1070,1.06,303.1070,0.18,1
000886,海南高速,2012-06-30,1,231.4260,0.23,-3.1100,0.24,1
000887,中鼎股份,2012-06-30,7,7262.6080,12.19,-479.2190,12.99,7
000888,峨眉山A,2012-06-30,8,3877.0980,16.49,44.8660,16.29,8
000893,东凌粮油,2012-06-30,2,597.2380,2.69,-24.0541,2.80,3
000895,双汇发展,2012-06-30,4,2633.3100,4.35,34.4620,4.29,4
000897,津滨发展,2012-06-30,2,641.6990,0.40,-36.2820,0.42,2
000898,*ST鞍钢,2012-06-30,5,7789.7400,1.08,-6.7300,1.08,4
000900,现代投资,2012-06-30,1,81.7406,0.20,-204.3264,0.72,3
000901,航天科技,2012-06-30,2,239.4390,0.96,0.0000,0.96,2
000903,云内动力,2012-06-30,1,139.4070,0.20,-1.8690,0.21,1
000906,物产中拓,2012-06-30,2,428.5390,1.30,-345.8240,2.34,3
000909,数源科技,2012-06-30,1,44.1808,0.23,44.1808,0.00,0
000910,大亚科技,2012-06-30,2,1949.9300,3.70,0.0000,3.70,2
000911,南宁糖业,2012-06-30,4,627.9435,2.19,-154.7111,2.73,4
000915,山大华特,2012-06-30,7,3034.8330,16.84,214.4850,15.65,7
000917,电广传媒,2012-06-30,7,3145.7040,7.74,907.3770,5.51,4
000918,嘉凯城,2012-06-30,3,4512.6910,2.50,-464.2510,2.76,5
000919,金陵药业,2012-06-30,5,2159.9840,4.29,347.7280,3.60,5
000923,河北宣工,2012-06-30,2,385.7920,1.95,-587.8740,4.92,3
000925,众合机电,2012-06-30,1,307.2970,1.02,-472.2930,2.59,3
000926,福星股份,2012-06-30,9,10046.6910,14.10,1344.3140,12.22,9
000927,一汽夏利,2012-06-30,6,7441.1260,4.66,1164.3040,3.93,5
000930,中粮生化,2012-06-30,2,3898.8300,4.04,-1861.9830,5.97,4
000931,中关村,2012-06-30,2,310.0910,0.46,170.0410,0.21,1
000932,华菱钢铁,2012-06-30,2,9869.3700,3.27,-2348.8000,4.05,2
000933,神火股份,2012-06-30,6,10543.6300,6.28,-1063.9730,6.91,5
000935,四川双马,2012-06-30,5,1157.2790,1.88,578.4840,0.94,2
000936,华西股份,2012-06-30,2,757.6270,1.01,-610.8630,1.83,1
000937,冀中能源,2012-06-30,8,9162.7650,3.96,-2008.1890,4.83,8
000939,凯迪电力,2012-06-30,4,6668.6820,7.07,1028.6200,5.98,3
000949,新乡化纤,2012-06-30,1,145.5540,0.18,-1.3560,0.18,1
000951,中国重汽,2012-06-30,7,1568.1142,3.74,848.4562,1.72,6
000959,首钢股份,2012-06-30,1,347.9960,0.12,347.9960,0.00,0
000960,锡业股份,2012-06-30,6,3960.8030,4.37,457.3910,3.86,6
000961,中南建设,2012-06-30,10,11860.7140,10.16,-645.8400,10.71,10
000962,东方钽业,2012-06-30,3,435.1593,0.99,-1372.1287,4.10,4
000963,华东医药,2012-06-30,8,5631.7820,12.97,-111.5870,13.23,8
000966,长源电力,2012-06-30,3,1783.0020,3.22,1123.0020,1.19,1
000968,煤气化,2012-06-30,4,2023.0280,3.94,-340.2570,4.60,4
000969,安泰科技,2012-06-30,5,2892.0060,3.35,-675.9470,4.15,6
000970,中科三环,2012-06-30,4,1722.2870,3.23,-2646.6890,8.61,5
000973,佛塑科技,2012-06-30,5,3016.4540,3.28,1362.8030,2.70,5
000977,浪潮信息,2012-06-30,2,914.9580,4.26,-187.9830,5.13,2
000978,桂林旅游,2012-06-30,2,999.9880,2.78,-950.8460,5.42,3
000979,中弘股份,2012-06-30,3,5020.3230,4.96,3673.9830,1.33,1
000982,中银绒业,2012-06-30,2,1033.7920,1.86,1033.7920,0.00,0
000983,西山煤电,2012-06-30,4,9746.2300,3.09,242.1300,3.02,4
000987,广州友谊,2012-06-30,6,3966.6250,11.05,-522.9010,12.51,6
000988,华工科技,2012-06-30,2,2129.3500,4.78,-12.4200,4.81,3
000989,九芝堂,2012-06-30,6,3109.4390,10.45,748.6460,7.93,6
000993,闽东电力,2012-06-30,1,525.2990,1.41,525.2990,0.00,0
000996,中国中期,2012-06-30,2,271.2020,1.18,127.0230,0.63,1
000997,新大陆,2012-06-30,1,104.4910,0.20,-226.3560,0.65,2
000998,隆平高科,2012-06-30,5,3957.0750,9.52,1339.3620,9.44,5
000999,华润三九,2012-06-30,6,5288.8820,5.40,-693.5270,6.11,7
600537,亿晶光电,2012-06-30,1,636.3880,1.31,40.0000,1.23,2
600408,安泰集团,2012-06-30,3,624.6060,0.62,-2.7700,0.62,3
600521,华海药业,2012-06-30,5,6160.9740,11.25,26.1140,11.39,5
600460,士兰微,2012-06-30,1,1000.0000,1.15,399.9990,1.38,1
600575,芜湖港,2012-06-30,1,700.1820,0.58,80.1790,0.59,1
600375,华菱星马,2012-06-30,3,574.8720,1.42,327.9280,0.61,1
600502,安徽水利,2012-06-30,4,678.9530,2.03,-174.0592,2.55,5
600481,双良节能,2012-06-30,1,400.0000,0.49,181.8280,0.27,1
600004,白云机场,2012-06-30,3,1214.6190,1.06,212.8100,0.87,3
600459,贵研铂业,2012-06-30,1,41.2100,0.26,41.2100,0.00,0
600570,恒生电子,2012-06-30,6,11256.1400,18.05,-2288.0400,21.71,7
600392,盛和资源,2012-06-30,9,2094.6070,13.38,0.0000,13.38,9
600584,长电科技,2012-06-30,2,423.1310,0.50,-1359.3050,2.09,6
600251,冠农股份,2012-06-30,4,1898.0580,5.24,-72.1160,5.44,4
600436,片仔癀,2012-06-30,2,297.6590,2.13,-274.4520,4.09,3
600433,冠豪高新,2012-06-30,3,1706.5650,2.87,-992.7350,6.35,3
600031,三一重工,2012-06-30,7,24748.6300,3.26,-6734.3600,4.15,8
600435,北方导航,2012-06-30,2,197.9632,0.27,-168.0810,0.49,3
600439,瑞贝卡,2012-06-30,3,1933.8090,2.05,-1613.1120,4.51,5
600271,航天信息,2012-06-30,5,8377.1310,9.07,763.2610,8.25,5
600423,柳化股份,2012-06-30,1,1332.2900,3.34,-755.4680,5.23,2
600475,华光股份,2012-06-30,1,145.4090,0.57,-282.5200,1.67,3
600425,青松建化,2012-06-30,2,1003.6310,1.46,-934.5100,4.05,3
600546,山煤国际,2012-06-30,1,210.4700,0.21,-1375.3230,1.60,5
600352,浙江龙盛,2012-06-30,1,1019.9400,0.69,1019.9400,0.00,0
600485,中创信测,2012-06-30,3,684.1980,4.94,-148.6600,6.01,3
600020,中原高速,2012-06-30,1,255.7570,0.11,12.1790,0.11,1
600489,中金黄金,2012-06-30,4,3319.2640,1.69,-116.5450,1.75,4
600348,阳泉煤业,2012-06-30,7,6420.6250,2.67,-1219.2720,3.18,7
600487,亨通光电,2012-06-30,4,554.2648,2.68,41.3398,2.48,3
600547,山东黄金,2012-06-30,4,3097.9580,2.18,223.4330,2.02,3
600449,宁夏建材,2012-06-30,4,2165.1296,4.53,1135.9102,4.30,4
600432,吉恩镍业,2012-06-30,5,1031.1480,1.27,538.5940,0.61,3
600507,方大特钢,2012-06-30,2,536.1620,0.41,536.1620,0.00,0
600403,大有能源,2012-06-30,6,2406.4210,2.89,-264.9570,3.20,5
600517,置信电气,2012-06-30,4,3790.3540,6.13,-277.8590,6.58,4
600406,国电南瑞,2012-06-30,8,19438.9500,12.34,5562.8710,13.21,8
600469,风神股份,2012-06-30,2,1270.4600,3.39,269.9900,2.67,1
600021,上海电力,2012-06-30,6,8298.2660,3.88,6789.0640,0.71,2
600184,光电股份,2012-06-30,3,719.1390,3.43,-476.1680,5.71,3
600527,江南高纤,2012-06-30,5,8119.0500,10.12,3440.8340,11.67,5
600545,新疆城建,2012-06-30,2,418.1660,0.62,30.2479,0.57,3
600446,金证股份,2012-06-30,3,1034.6630,3.96,573.7850,1.76,2
600340,华夏幸福,2012-06-30,6,4598.9280,5.21,3546.1008,1.79,3
600354,敦煌种业,2012-06-30,1,185.4190,0.41,-705.2220,4.38,3
600249,两面针,2012-06-30,1,150.7170,0.33,0.0000,0.33,1
000100,TCL集团,2012-06-30,5,38763.0600,4.57,-1980.4500,4.81,5
600387,海越股份,2012-06-30,1,923.9940,2.39,-1081.8140,5.20,2
600325,华发股份,2012-06-30,5,8383.4800,10.26,1945.5180,7.88,4
600438,通威股份,2012-06-30,4,1640.8350,2.39,1640.8350,0.00,0
600035,楚天高速,2012-06-30,2,2949.9800,3.17,0.0000,3.17,2
600479,千金药业,2012-06-30,4,2818.5690,9.25,80.7390,8.98,4
600284,浦东建设,2012-06-30,5,3896.2500,7.82,-822.4420,11.36,4
600594,益佰制药,2012-06-30,5,5169.1180,14.33,623.4800,12.60,5
600543,莫高股份,2012-06-30,1,1021.0700,3.18,421.0920,1.87,1
600467,好当家,2012-06-30,4,2785.2420,3.81,-2917.3980,7.81,9
002181,粤传媒,2012-06-30,3,470.8040,0.68,-278.6800,2.14,3
600969,郴电国际,2012-06-30,7,2345.9390,11.16,344.2440,9.52,7
600572,康恩贝,2012-06-30,6,3398.2780,4.83,3215.2880,0.26,1
600976,武汉健民,2012-06-30,5,1761.1220,11.48,-76.3990,11.98,6
600497,驰宏锌锗,2012-06-30,4,2479.8400,1.89,231.9260,1.72,5
600990,四创电子,2012-06-30,1,49.9884,0.43,-185.0060,2.00,3
600993,马应龙,2012-06-30,4,1895.1910,5.72,-1513.5290,10.28,5
600967,北方创业,2012-06-30,6,1749.5380,10.10,-172.2050,11.09,7
600963,岳阳林纸,2012-06-30,3,2523.2310,2.99,-603.1450,3.71,4
600495,晋西车轴,2012-06-30,3,1178.9850,3.90,-1124.6920,7.62,5
600461,洪城水业,2012-06-30,2,358.2450,1.09,358.2450,0.00,0
600997,开滦股份,2012-06-30,4,3206.4320,2.60,89.9780,2.52,5
600975,新五丰,2012-06-30,2,102.5002,0.57,102.5002,0.00,0
600995,文山电力,2012-06-30,4,2485.0010,5.19,-345.8970,5.92,5
600420,现代制药,2012-06-30,3,1820.8910,6.33,-104.6940,6.69,3
002001,新和成,2012-06-30,7,6816.2480,9.39,704.5990,8.42,7
002003,伟星股份,2012-06-30,2,807.9110,3.12,-689.0250,5.78,4
600962,国投中鲁,2012-06-30,2,536.9090,2.66,-232.0931,3.81,3
002004,华邦颖泰,2012-06-30,4,2651.8500,7.92,1008.1150,9.81,5
002005,德豪润达,2012-06-30,1,544.7390,0.47,77.0400,0.80,2
600143,金发科技,2012-06-30,2,6770.2900,2.57,1170.2600,3.40,2
002006,精功科技,2012-06-30,2,1983.7670,4.36,354.3820,5.37,4
002007,华兰生物,2012-06-30,3,2617.1470,4.54,-916.8010,6.13,4
002008,大族激光,2012-06-30,4,3588.0800,3.44,-501.6110,3.92,4
600022,山东钢铁,2012-06-30,3,2374.6310,0.37,602.1660,0.28,2
002010,传化股份,2012-06-30,1,1246.6100,2.55,39.9900,2.47,1
002011,盾安环境,2012-06-30,1,399.9850,0.48,0.0000,0.48,1
002012,凯恩股份,2012-06-30,1,400.0000,1.71,-748.0860,4.91,4
002013,中航精机,2012-06-30,6,1331.5420,4.72,15.4610,6.06,7
002014,永新股份,2012-06-30,4,2096.9690,11.29,329.1920,9.52,3
002016,世荣兆业,2012-06-30,4,1029.1499,2.23,779.1599,0.54,1
002017,东信和平,2012-06-30,4,1102.4310,5.05,-214.6258,6.03,4
600482,风帆股份,2012-06-30,2,458.9430,1.00,-102.8820,1.22,3
002020,京新药业,2012-06-30,3,776.1790,6.14,-218.5790,7.87,4
002022,科华生物,2012-06-30,3,3192.1040,6.48,511.6770,5.44,3
002023,海特高新,2012-06-30,6,3624.6850,12.28,-531.6720,14.08,7
002024,苏宁云商,2012-06-30,5,29949.7300,4.28,774.4300,4.17,5
002025,航天电器,2012-06-30,7,3709.8770,11.24,1408.3400,6.97,6
002026,山东威达,2012-06-30,1,64.7310,0.37,64.7310,0.00,0
600983,合肥三洋,2012-06-30,6,1223.5521,2.30,845.6861,0.71,3
600973,宝胜股份,2012-06-30,1,480.5820,1.58,128.4940,1.73,1
002028,思源电气,2012-06-30,5,3561.3280,8.10,-1047.3920,10.48,6
002029,七匹狼,2012-06-30,8,7108.6030,14.15,1941.0390,18.27,8
002030,达安基因,2012-06-30,1,241.5070,0.58,-47.0210,0.83,1
600971,恒源煤电,2012-06-30,6,3232.1630,3.23,717.5140,2.51,2
002032,苏泊尔,2012-06-30,3,2068.1030,3.26,-370.4610,4.22,4
600978,宜华木业,2012-06-30,1,4187.5000,3.63,471.5700,3.22,1
002033,丽江旅游,2012-06-30,5,1578.8140,9.64,-239.0270,11.10,6
600961,*ST株冶,2012-06-30,2,343.8700,0.65,93.8700,0.47,2
002035,华帝股份,2012-06-30,2,443.2110,1.80,185.7390,1.15,1
002036,宜科科技,2012-06-30,2,349.1697,1.73,-300.8343,3.21,2
600979,广安爱众,2012-06-30,2,366.3310,0.62,366.3310,0.00,0
002037,久联发展,2012-06-30,7,2387.6460,11.67,-148.9980,14.66,7
002038,双鹭药业,2012-06-30,5,2148.4000,5.64,611.2600,4.04,4
600027,华电国际,2012-06-30,4,19226.6500,2.84,5862.5700,1.97,3
002039,黔源电力,2012-06-30,1,300.0000,1.47,-250.0620,2.70,2
002040,南京港,2012-06-30,1,57.1350,0.23,6.9782,0.20,1
600970,中材国际,2012-06-30,7,7722.9870,7.06,124.7490,8.34,8
002041,登海种业,2012-06-30,3,528.1980,1.50,-605.6610,3.22,5
002042,华孚色纺,2012-06-30,1,668.9250,0.80,515.6170,0.28,1
002043,兔宝宝,2012-06-30,3,1113.7940,2.37,615.3080,2.12,2
002044,江苏三友,2012-06-30,3,891.4540,3.98,94.3540,3.55,3
002045,国光电器,2012-06-30,2,791.4260,1.90,-1170.5430,4.71,4
002046,轴研科技,2012-06-30,1,190.2800,0.68,53.1960,0.98,1
002048,宁波华翔,2012-06-30,2,764.6820,1.38,300.5440,0.84,1
002049,同方国芯,2012-06-30,6,1700.3680,7.03,-142.9410,13.65,7
601588,北辰实业,2012-06-30,2,1730.2110,0.51,968.5400,0.23,1
601633,长城汽车,2012-06-30,6,6088.4500,2.00,2812.6680,1.08,3
601866,中海集运,2012-06-30,8,14296.6400,1.22,6366.6660,0.68,6
601899,紫金矿业,2012-06-30,3,20591.0800,0.94,-1068.3900,0.99,3
002672,东江环保,2012-06-30,7,538.8265,3.58,538.8265,0.00,0
002051,中工国际,2012-06-30,5,3702.6920,6.46,724.9840,6.76,5
002052,同洲电子,2012-06-30,3,1690.6780,4.95,-678.1930,6.94,3
002053,云南盐化,2012-06-30,1,142.2240,0.77,-200.0000,1.84,2
601555,东吴证券,2012-06-30,4,1616.5920,0.81,-1692.4860,1.65,4
601901,方正证券,2012-06-30,7,10453.9340,1.71,2442.5420,1.31,6
601688,华泰证券,2012-06-30,3,7559.0800,1.35,-2038.2900,1.71,4
601788,光大证券,2012-06-30,2,2774.2500,0.81,1974.2650,0.23,1
002673,西部证券,2012-06-30,4,616.9350,0.51,616.9350,0.00,0
601009,南京银行,2012-06-30,1,2800.0000,0.94,-3060.4600,1.97,2
601628,中国人寿,2012-06-30,2,4225.0600,0.15,2462.0400,0.06,1
601336,新华保险,2012-06-30,8,2859.9230,0.92,-2426.6530,1.69,10
600018,上港集团,2012-06-30,1,2245.8900,0.10,0.0000,0.10,1
300139,福星晓程,2012-06-30,3,349.5114,3.19,100.2023,4.55,4
002110,三钢闽光,2012-06-30,2,476.3920,0.89,141.9730,0.63,2
002281,光迅科技,2012-06-30,3,438.9970,2.74,-431.2150,5.44,5
300205,天喻信息,2012-06-30,1,60.0000,0.42,-12.2987,0.91,2
601857,中国石油,2012-06-30,4,13675.6100,0.07,-174.2700,0.08,4
002298,鑫龙电器,2012-06-30,1,84.4556,0.21,-141.5774,1.37,2
002462,嘉事堂,2012-06-30,1,247.8920,1.03,247.8920,0.00,0
002106,莱宝高科,2012-06-30,6,6234.7260,10.38,1165.6330,8.44,5
601600,中国铝业,2012-06-30,1,2665.7600,0.20,-128.6500,0.21,1
300077,国民技术,2012-06-30,1,215.4610,0.79,-244.9700,1.69,2
002626,金达威,2012-06-30,1,59.9920,0.33,-97.5634,1.75,3
601088,中国神华,2012-06-30,6,12809.0100,0.64,-1109.2600,0.70,6
002067,景兴纸业,2012-06-30,1,93.0000,0.17,93.0000,0.00,0
002060,粤水电,2012-06-30,1,672.5270,1.34,-437.9000,2.65,3
300105,龙源技术,2012-06-30,9,1851.7210,6.49,776.1153,6.79,8
002306,湘鄂情,2012-06-30,3,1907.2260,4.77,1187.5010,3.60,3
300026,红日药业,2012-06-30,10,2297.9260,10.14,847.5890,9.60,10
002139,拓邦股份,2012-06-30,1,85.9947,0.39,85.9947,0.00,0
601333,广深铁路,2012-06-30,5,20418.0700,2.88,-14303.2300,4.90,6
002187,广百股份,2012-06-30,1,128.0820,0.37,-21.9180,0.53,1
002230,科大讯飞,2012-06-30,5,3559.8970,9.41,1085.2740,9.82,5
002167,东方锆业,2012-06-30,2,3013.9200,7.28,1212.1000,8.71,4
002103,广博股份,2012-06-30,1,82.1481,0.38,82.1481,0.00,0
601107,四川成渝,2012-06-30,3,472.3380,0.15,279.9800,0.06,1
002088,鲁阳股份,2012-06-30,2,952.7850,4.07,244.0290,3.03,2
002643,烟台万润,2012-06-30,5,248.2175,1.80,-114.9120,2.63,5
601126,四方股份,2012-06-30,2,865.7420,2.13,-575.8780,3.54,3
002153,石基信息,2012-06-30,6,3946.7250,12.77,-14.3260,12.81,6
002331,皖通科技,2012-06-30,2,234.8160,1.75,121.9470,0.84,1
300269,联建光电,2012-06-30,1,12.0000,0.16,-60.9803,0.99,1
002063,远光软件,2012-06-30,7,8712.8840,19.72,2576.3120,18.05,6
002056,横店东磁,2012-06-30,5,1129.3300,2.75,-715.0780,4.49,8
002116,中国海诚,2012-06-30,3,243.1866,1.19,223.1866,0.18,1
002457,青龙管业,2012-06-30,4,1523.7040,4.55,-42.3980,7.01,5
002338,奥普光电,2012-06-30,5,923.5670,7.70,307.8567,7.70,5
300149,量子高科,2012-06-30,1,120.0000,0.60,120.0000,0.00,0
002343,禾欣股份,2012-06-30,1,60.9367,0.31,-90.0513,0.76,1
002320,海峡股份,2012-06-30,1,749.7950,1.76,-91.0980,2.57,3
002195,海隆软件,2012-06-30,4,542.6038,4.76,87.2680,4.00,4
601158,重庆水务,2012-06-30,6,2222.8040,0.46,713.8190,0.31,4
601168,西部矿业,2012-06-30,2,3714.4600,1.56,-2517.4200,2.62,3
300294,博雅生物,2012-06-30,1,55.8062,0.74,55.8062,0.00,0
000338,潍柴动力,2012-06-30,5,4789.5320,2.87,-145.4810,2.96,4
002337,赛象科技,2012-06-30,1,100.0000,0.52,0.0000,0.52,1
002261,拓维信息,2012-06-30,4,1355.8146,4.78,-300.3434,7.60,4
002140,东华科技,2012-06-30,6,3678.9650,8.25,26.0920,8.19,6
002080,中材科技,2012-06-30,2,384.1560,0.96,-201.4590,1.46,4
601919,*ST远洋,2012-06-30,2,8382.8700,0.82,1859.5400,0.64,1
002117,东港股份,2012-06-30,1,68.1661,0.27,68.1661,0.00,0
300034,钢研高纳,2012-06-30,2,160.0337,0.75,60.0237,0.47,1
601808,中海油服,2012-06-30,1,899.7600,0.20,380.2090,0.12,1
002448,中原内配,2012-06-30,3,441.0706,4.77,-19.4900,4.98,3
002534,杭锅股份,2012-06-30,4,604.1511,1.51,-137.2999,1.85,4
002358,森源电气,2012-06-30,5,2904.5710,8.44,1574.8559,7.73,4
002347,泰尔重工,2012-06-30,2,40.8917,0.39,17.0917,0.23,1
601880,大连港,2012-06-30,1,700.9950,0.16,700.9950,0.00,0
002430,杭氧股份,2012-06-30,6,4980.4600,6.13,807.7210,6.94,6
002405,四维图新,2012-06-30,4,3492.6020,6.06,1132.1690,4.91,3
002176,江特电机,2012-06-30,2,607.9280,1.43,263.6350,1.62,2
601001,大同煤业,2012-06-30,3,2091.7810,1.25,-73.2780,1.29,4
002316,键桥通讯,2012-06-30,3,507.1210,2.32,416.0312,0.42,1
002202,金风科技,2012-06-30,3,5356.8400,1.99,1584.1800,1.40,2
601965,中国汽研,2012-06-30,7,1680.0970,2.62,1680.0970,0.00,0
002054,德美化工,2012-06-30,1,405.9100,1.26,-532.1440,3.01,2
002055,得润电子,2012-06-30,5,4169.4330,10.16,2807.6450,6.64,3
002146,荣盛发展,2012-06-30,6,9962.2500,5.35,362.7300,5.15,6
002065,东华软件,2012-06-30,3,4259.9200,8.03,-624.6100,9.20,3
600048,保利地产,2012-06-30,3,12781.4000,1.79,1579.0500,1.88,3
601699,潞安环能,2012-06-30,4,11003.8700,4.78,-3072.0800,6.12,5
002082,栋梁新材,2012-06-30,1,368.3610,1.55,-364.7740,3.08,1
002089,新海宜,2012-06-30,5,4944.2430,11.68,576.0400,12.38,5
601010,文峰股份,2012-06-30,5,1616.1580,3.28,-1323.3410,5.96,8
002078,太阳纸业,2012-06-30,4,2222.1510,2.21,516.0170,1.70,3
002091,江苏国泰,2012-06-30,4,938.7590,2.61,74.1850,2.40,4
601008,连云港,2012-06-30,1,516.6840,0.64,-449.8280,1.55,1
002096,南岭民爆,2012-06-30,2,1114.5110,4.22,592.9840,3.94,2
002062,宏润建设,2012-06-30,1,257.4000,0.46,257.4000,0.00,0
002064,华峰氨纶,2012-06-30,1,405.7310,0.55,34.2200,0.50,1
002070,众和股份,2012-06-30,2,811.5660,1.66,-138.0280,2.53,3
300040,九洲电气,2012-06-30,1,33.0821,0.24,33.0821,0.00,0
002073,软控股份,2012-06-30,4,5452.6100,7.34,-2911.7360,11.27,7
002208,合肥城建,2012-06-30,2,158.2181,0.49,-131.7749,0.91,2
002079,苏州固锝,2012-06-30,2,823.8650,1.14,577.6860,0.61,1
601666,平煤股份,2012-06-30,1,830.0100,0.35,-813.9960,0.70,2
002071,江苏宏宝,2012-06-30,1,94.9960,0.52,0.0000,0.52,1
002068,黑猫股份,2012-06-30,3,3039.4930,6.34,1669.5050,2.86,3
300024,机器人,2012-06-30,2,781.6830,2.63,-311.5420,3.67,3
002308,威创股份,2012-06-30,4,1377.4510,2.15,-121.2850,2.34,4
002396,星网锐捷,2012-06-30,5,1261.4250,3.59,-90.2470,3.85,5
002362,汉王科技,2012-06-30,1,31.3150,0.15,-85.1031,0.54,3
601898,中煤能源,2012-06-30,3,4034.7600,0.30,1237.7600,0.21,2
002069,獐子岛,2012-06-30,2,1200.3140,1.69,38.1110,1.63,2
601918,国投新集,2012-06-30,4,4174.7780,2.26,1711.5630,1.33,2
002461,珠江啤酒,2012-06-30,2,90.0508,0.13,18.7676,0.10,2
002081,金螳螂,2012-06-30,6,6312.7500,8.12,1341.5920,9.59,7
002084,海鸥卫浴,2012-06-30,1,395.4100,1.07,-858.5640,3.74,4
002168,深圳惠程,2012-06-30,1,528.0000,0.70,88.0000,0.70,1
002085,万丰奥威,2012-06-30,1,95.7788,0.25,95.7788,0.00,0
002154,报喜鸟,2012-06-30,5,5529.1600,9.31,53.5930,9.22,5
002086,东方海洋,2012-06-30,4,1319.7460,5.41,-359.8410,6.89,4
600017,日照港,2012-06-30,1,5846.6700,1.90,-384.7900,2.37,1
300049,福瑞股份,2012-06-30,1,255.5260,2.04,-108.0650,2.91,2
601800,中国交建,2012-06-30,5,5790.4100,0.36,1151.9100,0.29,5
002386,天原集团,2012-06-30,1,520.0950,1.08,-199.9940,1.50,2
002092,中泰化学,2012-06-30,3,3589.1960,3.11,214.6920,2.92,3
601872,招商轮船,2012-06-30,3,3796.6500,0.88,3796.6500,0.00,0
002350,北京科锐,2012-06-30,5,920.3295,4.22,303.3452,4.81,5
002083,孚日股份,2012-06-30,2,999.7220,1.07,-669.9200,1.78,3
002097,山河智能,2012-06-30,1,325.8840,0.79,57.1000,0.64,1
002093,国脉科技,2012-06-30,2,1386.5730,1.60,-2117.8670,4.05,2
002099,海翔药业,2012-06-30,6,4120.8940,12.76,1450.0480,16.54,6
002100,天康生物,2012-06-30,3,552.2130,1.87,-56.3620,2.06,3
601101,昊华能源,2012-06-30,4,1525.5880,1.53,231.0600,1.29,4
601908,京运通,2012-06-30,2,93.5704,0.11,71.9397,0.05,1
002104,恒宝股份,2012-06-30,4,2254.8460,5.12,1822.7930,0.98,2
002108,沧州明珠,2012-06-30,4,665.1320,1.96,-150.1100,2.70,4
002109,兴化股份,2012-06-30,1,198.0160,0.55,-442.1370,1.79,2
601002,晋亿实业,2012-06-30,3,674.5590,0.91,101.5490,0.78,3
002111,威海广泰,2012-06-30,1,79.7400,0.26,0.0000,0.26,1
002112,三变科技,2012-06-30,1,92.2930,0.82,92.2930,0.00,0
002115,三维通信,2012-06-30,1,1320.5600,3.86,-205.3820,6.69,3
002250,联化科技,2012-06-30,6,7354.3500,14.25,1620.8800,14.44,6
002216,三全食品,2012-06-30,1,434.2780,2.16,-173.5790,3.02,2
002349,精华制药,2012-06-30,1,300.0000,1.50,-182.8782,4.83,5
601003,柳钢股份,2012-06-30,2,3576.5320,1.40,-523.1990,1.60,2
002123,荣信股份,2012-06-30,4,4522.5180,8.97,-4123.6610,17.16,7
002122,天马股份,2012-06-30,3,2753.0290,2.32,57.0110,2.27,3
002126,银轮股份,2012-06-30,1,1145.0400,3.60,580.5190,3.55,1
002129,中环股份,2012-06-30,2,3098.3800,4.28,-112.3270,4.43,3
002127,新民科技,2012-06-30,1,73.2535,0.16,7.6335,0.15,1
002131,利欧股份,2012-06-30,2,639.4050,2.00,-477.4480,3.49,2
300303,聚飞光电,2012-06-30,5,340.0000,4.25,340.0000,0.00,0
002232,启明信息,2012-06-30,1,175.9250,0.43,24.4400,0.37,1
601118,海南橡胶,2012-06-30,5,3592.7080,0.91,1744.2170,0.47,3
002133,广宇集团,2012-06-30,2,1328.5840,2.22,-202.8960,3.07,2
601958,金钼股份,2012-06-30,4,2622.2300,0.81,256.2000,0.73,4
002128,露天煤业,2012-06-30,3,1282.6970,0.97,-2.8160,0.97,3
300016,北陆药业,2012-06-30,4,710.0030,4.65,586.4892,0.81,2
300318,博晖创新,2012-06-30,4,164.6146,1.61,164.6146,0.00,0
002138,顺络电子,2012-06-30,1,342.0630,1.07,21.8120,1.51,1
300295,三六五网,2012-06-30,7,373.7699,7.01,343.7789,0.56,1
002170,芭田股份,2012-06-30,2,390.3550,0.97,390.3550,0.00,0
002144,宏达高科,2012-06-30,2,279.9960,1.85,279.9960,0.00,0
002371,七星电子,2012-06-30,5,1444.3662,9.50,-52.9087,9.84,6
002159,三特索道,2012-06-30,4,1649.8180,13.75,-472.0110,17.68,5
002148,北纬通信,2012-06-30,1,482.3570,4.25,-6.0398,4.31,2
002152,广电运通,2012-06-30,6,5537.8580,8.89,1872.3180,8.24,6
002296,辉煌科技,2012-06-30,6,1101.8814,6.20,-193.7036,7.29,7
002149,西部材料,2012-06-30,1,300.0000,1.72,-184.3620,2.77,2
002157,正邦科技,2012-06-30,5,5355.0580,12.42,1045.7280,10.00,3
002156,通富微电,2012-06-30,5,3258.2010,5.01,340.4070,4.49,6
002155,辰州矿业,2012-06-30,6,3955.3520,5.16,1554.3570,4.39,6
002254,泰和新材,2012-06-30,7,2601.3830,6.64,-283.7530,7.37,7
002161,远望谷,2012-06-30,1,629.9900,0.85,-1163.9110,4.85,6
002169,智光电气,2012-06-30,1,168.6300,0.63,0.0000,0.63,1
002328,新朋股份,2012-06-30,2,566.7230,1.26,265.1850,1.01,1
002179,中航光电,2012-06-30,5,4146.6780,10.32,32.3670,10.24,5
002177,御银股份,2012-06-30,5,2651.5800,4.53,-752.1550,9.88,6
002183,怡亚通,2012-06-30,4,2088.9630,2.50,984.0360,1.32,4
002304,洋河股份,2012-06-30,3,1389.2290,1.29,-50.5180,1.60,3
300161,华中数控,2012-06-30,1,147.9770,1.37,0.0000,1.37,1
601390,中国中铁,2012-06-30,3,6903.3100,0.32,-1062.7400,0.37,3
002191,劲嘉股份,2012-06-30,2,418.6600,0.65,217.4690,0.31,1
002190,成飞集成,2012-06-30,1,104.7990,0.30,57.3070,0.18,1
002194,武汉凡谷,2012-06-30,1,65.0537,0.12,-34.3840,0.18,2
300213,佳讯飞鸿,2012-06-30,1,306.7650,2.43,117.3100,2.26,1
002197,证通电子,2012-06-30,3,843.6410,4.02,616.8930,1.08,1
300284,苏交科,2012-06-30,6,1007.8484,4.20,1007.8484,0.00,0
002436,兴森科技,2012-06-30,3,836.6510,3.75,-267.1010,4.94,3
002583,海能达,2012-06-30,6,1448.8930,5.21,321.1070,4.06,6
002210,飞马国际,2012-06-30,1,133.0990,0.33,-509.0804,2.10,2
601999,出版传媒,2012-06-30,1,64.4685,0.12,15.4700,0.09,1
002204,大连重工,2012-06-30,1,196.1350,0.30,196.1350,0.00,0
002346,柘中建设,2012-06-30,1,25.8927,0.19,25.8927,0.00,0
002209,达意隆,2012-06-30,3,1372.6220,7.03,259.9650,5.70,2
601238,广汽集团,2012-06-30,5,3256.7970,0.51,1134.1070,0.33,1
002391,长青股份,2012-06-30,4,180.1274,0.88,138.6023,0.20,1
002397,梦洁家纺,2012-06-30,5,1670.2437,11.05,188.4154,9.80,6
002220,天宝股份,2012-06-30,1,206.7500,0.44,206.7500,0.00,0
601558,华锐风电,2012-06-30,4,1313.1980,0.33,891.1584,0.21,3
002215,诺普信,2012-06-30,2,962.1140,2.66,-328.6190,3.65,2
300229,拓尔思,2012-06-30,3,1068.7120,5.24,289.3560,6.49,5
002214,大立科技,2012-06-30,1,100.1700,1.00,-104.1273,2.04,2
002226,江南化工,2012-06-30,8,2659.5498,6.72,102.5748,6.46,8
002218,拓日新能,2012-06-30,1,126.2150,0.26,126.2150,0.00,0
601766,中国南车,2012-06-30,5,36612.1300,2.65,-7532.3100,3.20,5
002221,东华能源,2012-06-30,3,870.8090,3.87,-332.0100,5.35,4
002364,中恒电气,2012-06-30,4,333.8596,3.24,213.7256,1.20,1
002219,独一味,2012-06-30,2,1322.4940,3.08,172.4990,3.08,2
601186,中国铁建,2012-06-30,2,4073.8600,0.33,-2877.2200,0.56,3
002273,水晶光电,2012-06-30,6,3203.6620,12.83,1974.8220,9.84,6
002297,博云新材,2012-06-30,1,175.1740,0.82,0.0000,0.82,1
002223,鱼跃医疗,2012-06-30,7,3963.6390,7.46,1236.9160,6.67,7
002228,合兴包装,2012-06-30,2,810.1270,2.33,-1.6070,2.34,2
002244,滨江集团,2012-06-30,4,4236.5730,3.13,746.7010,2.58,4
002237,恒邦股份,2012-06-30,2,155.0008,0.68,59.8001,0.42,2
002235,安妮股份,2012-06-30,5,1306.7802,6.70,-50.3298,6.96,4
002249,大洋电机,2012-06-30,4,4887.9250,6.83,1585.7170,6.92,3
002229,鸿博股份,2012-06-30,1,59.6385,0.20,59.6385,0.00,0
002233,塔牌集团,2012-06-30,5,2299.1070,2.57,853.9270,1.62,4
002243,通产丽星,2012-06-30,3,1466.4480,5.68,-879.9860,9.09,3
002236,大华股份,2012-06-30,6,4418.6610,7.92,1571.5220,10.20,7
002252,上海莱士,2012-06-30,1,71.3032,0.15,-8.7111,0.29,1
002238,天威视讯,2012-06-30,4,1157.3070,3.61,-647.1000,5.63,5
002372,伟星新材,2012-06-30,3,559.8612,2.21,-431.0492,3.91,5
002245,澳洋顺昌,2012-06-30,1,105.9080,0.29,5.9158,0.27,1
002241,歌尔声学,2012-06-30,6,5426.5300,6.40,-276.3090,7.59,6
002242,九阳股份,2012-06-30,3,621.3380,0.82,-376.9220,1.31,3
601777,力帆股份,2012-06-30,2,274.4160,0.29,-66.4877,0.36,3
002251,步步高,2012-06-30,3,1432.6490,5.30,-259.2630,6.26,5
002450,康得新,2012-06-30,5,6519.8920,10.52,1373.8420,9.95,3
002255,海陆重工,2012-06-30,2,1204.6260,4.67,322.2420,6.83,3
002262,恩华药业,2012-06-30,1,295.4290,1.26,-376.9150,2.87,2
601268,*ST二重,2012-06-30,4,842.9550,0.50,-385.4960,0.73,5
002264,新华都,2012-06-30,4,1602.3370,2.99,1142.3370,1.29,1
002419,天虹商场,2012-06-30,7,2192.7390,2.74,-319.1660,3.14,8
002322,理工监测,2012-06-30,1,80.0000,0.57,40.0000,0.60,1
300054,鼎龙股份,2012-06-30,4,748.8930,5.55,209.6757,5.99,4
300011,鼎汉技术,2012-06-30,1,27.1142,0.18,27.1142,0.00,0
601668,中国建筑,2012-06-30,2,45500.0000,1.52,-16553.7000,2.07,3
002271,东方雨虹,2012-06-30,4,1689.3250,4.92,743.3250,2.75,3
002268,卫士通,2012-06-30,1,189.9940,1.10,56.9940,0.77,1
002269,美邦服饰,2012-06-30,6,4459.5080,4.44,491.1560,3.95,6
300079,数码视讯,2012-06-30,5,2644.5020,7.87,1092.2490,6.93,5
002601,佰利联,2012-06-30,1,19.9916,0.21,7.4916,0.13,1
300115,长盈精密,2012-06-30,4,1126.5220,4.37,125.7900,5.82,3
002266,浙富股份,2012-06-30,7,9512.2600,15.89,4930.3990,15.31,8
300015,爱尔眼科,2012-06-30,8,3044.2000,7.13,558.8960,5.82,7
002299,圣农发展,2012-06-30,1,2000.0000,2.20,-3818.8020,6.39,6
002344,海宁皮城,2012-06-30,6,3674.6990,6.56,-717.1280,7.84,7
002284,亚太股份,2012-06-30,1,60.0000,0.21,-16.8655,0.27,1
002283,天润曲轴,2012-06-30,2,382.6900,0.68,-3161.9980,6.34,4
300036,超图软件,2012-06-30,5,993.9650,8.28,-494.4360,12.40,5
002277,友阿股份,2012-06-30,6,2696.8930,7.72,-524.8160,9.23,5
300002,神州泰岳,2012-06-30,4,312.7671,0.82,220.5953,0.24,2
002438,江苏神通,2012-06-30,1,23.0000,0.11,-35.2281,0.56,2
601233,桐昆股份,2012-06-30,2,292.4720,0.30,-234.7521,0.55,4
002278,神开股份,2012-06-30,2,225.1640,0.86,101.9200,0.47,1
002280,新世纪,2012-06-30,2,56.5771,0.53,56.5771,0.00,0
002285,世联地产,2012-06-30,6,1905.8930,5.84,-396.7810,7.05,7
002286,保龄宝,2012-06-30,2,158.4685,1.17,131.3272,0.26,1
300070,碧水源,2012-06-30,7,4571.0090,8.31,1488.0630,9.53,10
002291,星期六,2012-06-30,3,1833.4510,5.05,70.7010,4.85,3
002292,奥飞动漫,2012-06-30,5,507.2018,1.24,-1677.0976,5.33,5
002293,罗莱家纺,2012-06-30,8,1152.2245,8.21,-180.9243,9.50,8
002294,信立泰,2012-06-30,6,1209.2280,2.77,248.6170,2.64,6
601299,中国北车,2012-06-30,6,24955.2900,2.42,-8370.4100,3.23,7
601117,中国化学,2012-06-30,8,25027.7300,5.07,1613.7300,4.75,7
300038,梅泰诺,2012-06-30,1,50.6878,0.37,50.6878,0.00,0
002683,宏大爆破,2012-06-30,7,860.7703,3.93,860.7703,0.00,0
300072,三聚环保,2012-06-30,5,4857.1340,12.48,3176.4210,8.64,3
601618,中国中冶,2012-06-30,3,7546.3100,0.39,-2823.3000,0.54,4
601798,蓝科高新,2012-06-30,2,401.9020,1.26,24.6950,1.18,2
002556,辉隆股份,2012-06-30,2,1477.6900,3.09,742.6320,3.07,2
002431,棕榈园林,2012-06-30,3,1267.0020,3.30,301.9020,2.51,2
300075,数字政通,2012-06-30,6,693.4956,8.26,-42.1579,8.76,8
002412,汉森制药,2012-06-30,1,42.2715,0.29,22.2715,0.14,1
300171,东富龙,2012-06-30,8,1748.6070,8.41,419.4712,8.31,8
002422,科伦药业,2012-06-30,5,4082.4450,8.51,553.2900,7.35,4
300058,蓝色光标,2012-06-30,7,4127.8420,10.40,2471.1490,9.20,5
300285,国瓷材料,2012-06-30,5,162.6244,2.61,16.7373,2.34,6
002582,好想你,2012-06-30,2,77.7648,0.53,-110.7451,2.55,5
002415,海康威视,2012-06-30,5,6493.8500,3.25,2732.7090,3.76,6
601996,丰林集团,2012-06-30,2,590.9560,1.26,339.4383,1.07,3
601888,中国国旅,2012-06-30,9,4226.4710,4.80,168.6650,4.61,7
002489,浙江永强,2012-06-30,3,159.8292,0.33,159.8292,0.00,0
002301,齐心文具,2012-06-30,1,50.3890,0.26,-50.1566,0.52,2
601989,中国重工,2012-06-30,2,14811.5000,1.01,-5226.5500,1.37,3
002365,永安药业,2012-06-30,1,32.4453,0.17,32.4453,0.00,0
002315,焦点科技,2012-06-30,1,122.2490,1.04,-26.8926,1.27,3
002303,美盈森,2012-06-30,4,881.9804,4.93,0.0000,4.93,4
300264,佳创视讯,2012-06-30,2,386.4010,2.53,231.8600,1.52,2
300021,大禹节水,2012-06-30,3,248.5131,0.89,-355.7840,2.17,4
300012,华测检测,2012-06-30,4,726.1098,3.95,-345.6523,5.83,6
300007,汉威电子,2012-06-30,2,297.4080,2.52,158.4080,1.18,1
300064,豫金刚石,2012-06-30,2,1411.1450,2.32,1411.1450,0.00,0
300023,宝德股份,2012-06-30,1,20.0000,0.22,0.0000,0.22,1
300044,赛为智能,2012-06-30,3,700.0700,7.00,2.9108,6.97,3
002686,亿利达,2012-06-30,2,236.6000,3.48,236.6000,0.00,0
300047,天源迪科,2012-06-30,4,377.9646,2.41,127.9744,1.59,2
300032,金龙机电,2012-06-30,4,602.7596,4.22,557.7605,0.32,1
300033,同花顺,2012-06-30,1,177.1110,1.32,127.1110,0.37,1
300037,新宙邦,2012-06-30,2,57.3776,0.34,-145.6592,1.90,5
300031,宝通带业,2012-06-30,1,228.0000,1.52,-28.1900,2.56,3
300101,国腾电子,2012-06-30,2,1549.1220,5.57,1549.1220,0.00,0
300022,吉峰农机,2012-06-30,2,459.9620,1.29,459.9620,0.00,0
300071,华谊嘉信,2012-06-30,3,99.8795,0.64,75.8805,0.23,1
300005,探路者,2012-06-30,7,4680.5440,13.43,1045.7480,13.56,7
300027,华谊兄弟,2012-06-30,7,5922.0450,9.79,192.8310,9.47,7
300010,立思辰,2012-06-30,5,2709.8070,11.45,55.8760,11.22,5
300117,嘉寓股份,2012-06-30,2,519.8160,2.39,-529.3370,4.83,3
300006,莱美药业,2012-06-30,8,2198.6160,12.01,115.5680,11.38,7
300053,欧比特,2012-06-30,1,195.4240,0.98,-111.9780,1.54,2
300035,中科电气,2012-06-30,1,308.7600,2.57,-31.9550,2.84,1
300041,回天胶业,2012-06-30,2,311.4150,2.95,-444.0980,7.15,5
002591,恒大高新,2012-06-30,1,46.0882,0.46,12.7826,0.42,1
300087,荃银高科,2012-06-30,2,178.8968,1.69,19.4301,1.51,2
300142,沃森生物,2012-06-30,1,289.0000,1.61,-40.0426,2.19,2
002310,东方园林,2012-06-30,10,2921.6280,9.70,1444.3989,9.83,10
002309,中利科技,2012-06-30,4,2660.3570,5.54,1615.8560,4.35,2
002311,海大集团,2012-06-30,6,6381.7250,8.43,1535.4830,8.32,6
002312,三泰电子,2012-06-30,1,394.6410,2.12,153.9330,1.36,1
300127,银河磁体,2012-06-30,7,688.8846,4.26,688.8846,0.00,0
002313,日海通讯,2012-06-30,3,967.1200,4.84,319.4939,6.48,6
002377,国创高新,2012-06-30,1,27.9560,0.13,27.9560,0.00,0
002400,省广股份,2012-06-30,8,3177.0690,16.48,1018.1320,14.56,8
002568,百润股份,2012-06-30,2,61.4987,0.77,61.4987,0.00,0
601799,星宇股份,2012-06-30,6,1263.4920,5.27,-510.7720,7.41,9
002314,雅致股份,2012-06-30,1,196.9630,0.68,196.9630,0.00,0
002327,富安娜,2012-06-30,8,1665.4369,10.36,722.7759,7.04,4
002317,众生药业,2012-06-30,4,456.6621,2.54,-406.3958,4.79,6
002474,榕基软件,2012-06-30,8,1301.5650,6.28,407.6234,8.62,8
002321,华英农业,2012-06-30,2,325.1190,1.11,325.1190,0.00,0
002325,洪涛股份,2012-06-30,8,5855.7050,12.72,2905.5220,12.81,8
300004,南风股份,2012-06-30,3,995.1610,5.29,-559.3300,8.27,5
601179,中国西电,2012-06-30,1,1436.7200,0.33,-2922.6600,1.00,2
300013,新宁物流,2012-06-30,2,409.7580,4.55,191.7640,2.42,1
601877,正泰电器,2012-06-30,3,3611.1570,3.59,746.9200,2.85,2
300017,网宿科技,2012-06-30,6,1008.0205,6.54,333.1265,4.38,3
300019,硅宝科技,2012-06-30,1,36.1423,0.35,36.1423,0.00,0
300020,银江股份,2012-06-30,3,829.0810,3.45,-919.8280,7.29,6
300025,华星创业,2012-06-30,8,1693.3012,10.85,197.6803,12.46,9
002385,大北农,2012-06-30,5,3534.2390,4.41,1483.2080,5.12,6
002329,皇氏乳业,2012-06-30,1,213.8100,1.00,-240.0000,2.12,2
002334,英威腾,2012-06-30,2,137.1200,0.63,-126.1666,2.17,6
002335,科华恒盛,2012-06-30,2,152.7485,0.68,-57.5782,1.31,2
002340,格林美,2012-06-30,4,1023.3260,1.77,643.8142,1.31,3
002341,新纶科技,2012-06-30,4,2148.0120,7.34,1271.3512,5.99,4
002538,司尔特,2012-06-30,2,191.0220,0.65,143.0833,0.32,1
002345,潮宏基,2012-06-30,6,1525.4290,8.47,169.9720,7.53,6
002381,双箭股份,2012-06-30,1,23.5148,0.20,23.5148,0.00,0
601258,庞大集团,2012-06-30,4,1227.6050,0.47,-226.1740,0.55,4
002492,恒基达鑫,2012-06-30,1,100.0000,0.83,0.0000,0.83,1
002354,科冕木业,2012-06-30,1,15.1834,0.16,15.1834,0.00,0
300029,天龙光电,2012-06-30,3,1023.0720,5.12,-238.9290,6.31,4
002353,杰瑞股份,2012-06-30,5,2593.7080,5.65,1783.0277,3.53,5
300103,达刚路机,2012-06-30,2,316.2830,1.49,65.2767,2.13,3
002549,凯美特气,2012-06-30,4,1172.3389,6.51,257.1924,7.63,4
002375,亚厦股份,2012-06-30,10,8781.7570,13.87,3031.5800,13.63,9
002369,卓翼科技,2012-06-30,4,806.4260,4.03,-196.2590,5.01,5
300039,上海凯宝,2012-06-30,3,1148.0260,4.36,2.0990,4.36,3
002367,康力电梯,2012-06-30,2,590.7190,1.56,290.7190,0.79,1
002368,太极股份,2012-06-30,6,2316.2290,9.77,1489.6060,4.18,4
002374,丽鹏股份,2012-06-30,1,26.2963,0.31,-39.3714,0.77,1
300048,合康变频,2012-06-30,3,746.5630,2.21,393.5945,1.43,3
002376,新北洋,2012-06-30,5,2616.6390,8.72,-3.5240,8.73,5
601106,中国一重,2012-06-30,4,5482.8700,0.84,196.4500,0.81,4
300043,星辉车模,2012-06-30,7,2221.0550,14.02,65.5250,13.61,7
300046,台基股份,2012-06-30,2,135.5088,0.95,-189.1721,2.29,3
300050,世纪鼎利,2012-06-30,1,329.6390,1.53,-837.5600,5.40,4
002378,章源钨业,2012-06-30,6,1465.0494,3.42,1247.7735,0.51,4
002383,合众思壮,2012-06-30,1,16.4337,0.09,3.6270,0.09,1
002421,达实智能,2012-06-30,3,426.0240,4.08,226.0240,1.97,1
002630,华西能源,2012-06-30,1,94.9059,0.57,0.0000,0.57,1
002384,东山精密,2012-06-30,3,639.6510,1.67,258.7454,1.98,4
002394,联发股份,2012-06-30,2,64.7528,0.30,-50.7122,0.54,1
300056,三维丝,2012-06-30,1,46.2466,0.49,2.6467,0.83,1
300055,万邦达,2012-06-30,3,495.3026,2.16,-106.3974,2.63,3
300057,万顺股份,2012-06-30,2,373.3770,0.88,180.7620,0.46,1
002387,黑牛食品,2012-06-30,3,424.7580,1.35,-251.5514,2.79,4
002395,双象股份,2012-06-30,1,32.5612,0.36,32.5612,0.00,0
002389,南洋科技,2012-06-30,1,86.8980,0.35,-183.9669,1.35,4
002398,建研集团,2012-06-30,6,987.5401,6.33,60.7085,5.94,6
002390,信邦制药,2012-06-30,1,47.9902,0.28,-102.0098,0.86,1
601669,中国水电,2012-06-30,5,28222.2400,2.94,18597.8800,1.00,2
002399,海普瑞,2012-06-30,5,370.3240,0.46,37.1679,0.42,5
002410,广联达,2012-06-30,8,2933.5260,7.24,1187.5520,6.47,8
002408,齐翔腾达,2012-06-30,3,792.7420,1.41,661.1840,0.28,1
002604,龙力生物,2012-06-30,1,112.5940,0.60,-416.8180,2.84,2
300185,通裕重工,2012-06-30,1,558.0000,0.62,558.0000,0.00,0
601518,吉林高速,2012-06-30,1,124.5420,0.10,8.9220,0.10,1
300059,东方财富,2012-06-30,3,2498.0850,7.43,2198.1072,1.43,2
002402,和而泰,2012-06-30,1,40.0921,0.40,40.0921,0.00,0
002439,启明星辰,2012-06-30,3,1265.3090,6.41,-250.9510,7.68,4
002414,高德红外,2012-06-30,4,526.4198,1.75,-29.5084,1.85,5
300098,高新兴,2012-06-30,1,89.9952,0.51,16.0952,0.83,2
300062,中能电气,2012-06-30,7,838.2641,5.44,535.1920,1.97,4
002417,三元达,2012-06-30,3,415.0810,1.54,-35.0890,2.50,3
601018,宁波港,2012-06-30,1,2026.2800,0.16,2026.2800,0.00,0
002465,海格通信,2012-06-30,6,617.9555,1.86,-317.9493,2.81,7
300063,天龙集团,2012-06-30,1,33.8407,0.34,33.8407,0.00,0
601369,陕鼓动力,2012-06-30,5,3685.0740,2.25,1413.3700,1.39,3
002573,国电清新,2012-06-30,4,1918.2840,6.48,1618.7331,1.01,3
002428,云南锗业,2012-06-30,4,1130.1490,3.46,669.8470,2.82,2
002424,贵州百灵,2012-06-30,2,1064.4258,2.26,-307.1802,2.92,2
002456,欧菲光,2012-06-30,6,2100.6810,10.94,835.6450,6.59,5
002429,兆驰股份,2012-06-30,4,4686.0700,6.61,2380.0570,3.25,3
300076,GQY视讯,2012-06-30,1,43.5362,0.41,43.5362,0.00,0
002440,闰土股份,2012-06-30,1,254.7140,0.66,0.0000,0.66,1
002437,誉衡药业,2012-06-30,1,1100.0000,3.93,-189.9900,4.61,1
300083,劲胜股份,2012-06-30,6,916.3200,4.58,369.1980,2.74,4
300074,华平股份,2012-06-30,4,718.3791,7.18,-22.6659,7.41,3
601012,隆基股份,2012-06-30,3,452.3638,0.84,452.3638,0.00,0
002441,众业达,2012-06-30,4,709.5134,3.06,-539.8614,5.39,4
002444,巨星科技,2012-06-30,3,990.8380,1.95,-142.0980,2.23,5
002466,天齐锂业,2012-06-30,2,192.1526,1.31,109.5018,0.56,2
002445,中南重工,2012-06-30,1,1007.3100,3.99,-89.5308,4.35,3
300086,康芝药业,2012-06-30,3,478.7114,2.39,165.6224,1.57,2
002449,国星光电,2012-06-30,1,458.1990,1.07,458.1990,0.00,0
002458,益生股份,2012-06-30,6,1092.1890,3.89,765.2595,2.33,4
300088,长信科技,2012-06-30,6,2945.8320,9.03,2329.0650,2.46,2
300090,盛运股份,2012-06-30,7,2732.5930,10.70,893.6780,7.20,6
300096,易联众,2012-06-30,4,913.3280,5.31,-102.5340,5.91,7
601000,唐山港,2012-06-30,2,1041.0030,0.92,-903.4060,1.72,3
002453,天马精化,2012-06-30,1,329.0000,2.74,-41.0000,3.08,1
002460,赣锋锂业,2012-06-30,3,723.3024,4.82,666.3024,0.38,1
601717,郑煤机,2012-06-30,2,2574.0600,1.84,448.2300,1.52,2
300179,四方达,2012-06-30,4,803.5140,6.70,247.6690,6.95,3
300099,尤洛卡,2012-06-30,7,718.7065,6.95,87.9197,6.10,6
601718,际华集团,2012-06-30,5,13887.9480,3.60,-88.2620,3.62,6
300253,卫宁软件,2012-06-30,7,1015.9018,9.49,497.9235,9.68,8
300094,国联水产,2012-06-30,1,140.1410,0.40,140.1410,0.00,0
300124,汇川技术,2012-06-30,10,4020.5480,10.34,1641.4790,11.01,10
300089,长城集团,2012-06-30,2,761.5040,5.08,-50.1160,8.12,3
300152,燃控科技,2012-06-30,3,273.9986,1.15,273.9986,0.00,0
002663,普邦园林,2012-06-30,6,549.9800,3.15,526.9886,0.13,1
300245,天玑科技,2012-06-30,3,138.2911,2.06,-69.8794,3.11,3
601208,东材科技,2012-06-30,2,1622.9840,2.64,412.8909,3.93,6
002655,共达电声,2012-06-30,6,732.4488,6.10,538.4498,1.62,1
300100,双林股份,2012-06-30,3,271.2919,1.93,171.8113,0.71,1
300092,科新机电,2012-06-30,1,28.0055,0.31,-72.0030,1.10,2
300102,乾照光电,2012-06-30,3,664.1784,2.25,-309.5886,3.30,4
002484,江海股份,2012-06-30,5,719.4890,3.46,217.1088,3.14,5
300126,锐奇股份,2012-06-30,3,793.1676,5.23,-152.9452,6.24,4
300104,乐视网,2012-06-30,3,1310.3530,3.13,1192.6910,0.53,1
300110,华仁药业,2012-06-30,5,447.1661,2.05,447.1661,0.00,0
300173,松德股份,2012-06-30,1,39.0000,0.34,9.0000,0.34,1
002470,金正大,2012-06-30,7,2125.3190,3.04,1207.6863,1.31,5
300305,裕兴股份,2012-06-30,6,289.8828,3.62,251.1727,0.48,3
300107,建新股份,2012-06-30,2,272.3130,2.04,227.4562,0.34,1
300113,顺网科技,2012-06-30,7,1155.5011,8.75,237.2473,6.96,6
300133,华策影视,2012-06-30,7,2534.1340,6.60,1726.2629,4.21,6
300156,天立环保,2012-06-30,6,1017.2430,3.52,344.9260,4.19,3
002530,丰东股份,2012-06-30,1,174.2440,0.65,174.2440,0.00,0
002619,巨龙管业,2012-06-30,1,194.8900,1.60,-13.8007,2.23,3
002595,豪迈科技,2012-06-30,6,1519.3907,7.60,-11.3043,7.65,6
002475,立讯精密,2012-06-30,8,2509.4600,6.88,940.3900,6.02,7
601886,江河创建,2012-06-30,5,2915.3280,5.21,2515.3320,0.71,1
300128,锦富新材,2012-06-30,9,937.4308,4.69,687.4738,1.25,2
601098,中南传媒,2012-06-30,4,3547.9400,1.98,-1697.2820,2.92,7
002477,雏鹰农牧,2012-06-30,6,4701.1810,8.80,2629.8420,7.76,5
002479,富春环保,2012-06-30,1,50.0895,0.12,-0.6700,0.12,1
002480,新筑股份,2012-06-30,1,390.5890,1.39,146.6450,0.87,1
002481,双塔食品,2012-06-30,4,1546.9530,7.16,1014.2330,4.44,3
300121,阳谷华泰,2012-06-30,1,134.9900,1.25,0.0000,1.25,1
300119,瑞普生物,2012-06-30,2,437.8350,2.27,299.8430,0.93,1
300125,易世达,2012-06-30,1,35.0000,0.30,-204.7700,2.03,3
002486,嘉麟杰,2012-06-30,1,100.0000,0.48,-143.4330,1.17,2
002482,广田股份,2012-06-30,10,3893.3770,7.60,780.3440,9.73,9
002485,希努尔,2012-06-30,7,2733.7720,8.54,348.3069,11.93,8
300138,晨光生物,2012-06-30,1,620.7770,3.46,233.6123,4.31,3
002521,齐峰新材,2012-06-30,2,424.1370,2.06,149.9840,1.33,1
300122,智飞生物,2012-06-30,7,899.0730,2.25,169.8887,1.82,6
300123,太阳鸟,2012-06-30,2,152.8526,1.10,-383.2460,3.85,4
600998,九州通,2012-06-30,5,4562.5600,3.21,-64.4840,3.26,7
002491,通鼎光电,2012-06-30,1,390.3020,1.46,0.0000,1.46,1
002493,荣盛石化,2012-06-30,4,372.9269,0.34,-5.0166,0.34,5
002483,润邦股份,2012-06-30,1,125.0950,0.35,54.0300,0.20,1
300329,海伦钢琴,2012-06-30,3,192.3000,2.87,192.3000,0.00,0
002497,雅化集团,2012-06-30,6,1182.8022,3.70,270.3506,2.85,6
300134,大富科技,2012-06-30,4,592.0110,1.85,323.4251,0.84,3
300135,宝利沥青,2012-06-30,1,400.0000,1.25,164.5900,1.47,1
002498,汉缆股份,2012-06-30,1,41.8589,0.06,-273.9837,0.45,3
300132,青松股份,2012-06-30,3,664.3340,5.51,0.0000,5.51,3
300136,信维通信,2012-06-30,5,1001.6870,7.51,359.6345,4.82,5
601339,百隆东方,2012-06-30,4,870.9690,1.16,870.9690,0.00,0
002567,唐人神,2012-06-30,5,1269.5320,4.60,1269.5320,0.00,0
601928,凤凰传媒,2012-06-30,5,4433.0810,1.74,712.6810,1.46,5
002501,利源铝业,2012-06-30,3,566.6420,3.03,455.5150,0.59,1
300141,和顺电气,2012-06-30,1,371.5650,3.37,-28.4350,3.62,1
300164,通源石油,2012-06-30,2,769.6860,4.86,664.4271,1.33,2
002511,中顺洁柔,2012-06-30,1,139.8320,0.67,23.4070,0.73,1
002554,惠博普,2012-06-30,2,1217.5020,4.01,777.1450,2.17,1
002508,老板电器,2012-06-30,4,510.4671,1.99,154.3821,1.39,3
300154,瑞凌股份,2012-06-30,1,161.8600,0.72,0.0000,0.72,1
300331,苏大维格,2012-06-30,7,493.1402,7.95,493.1402,0.00,0
002503,搜于特,2012-06-30,7,2055.5314,7.14,753.6469,8.14,9
002509,天广消防,2012-06-30,3,425.4109,2.13,340.8821,0.85,2
300325,德威新材,2012-06-30,1,100.0000,1.25,100.0000,0.00,0
300144,宋城股份,2012-06-30,7,5815.1870,10.49,1724.9850,11.07,8
002507,涪陵榨菜,2012-06-30,4,557.6729,3.60,258.5979,1.93,2
300289,利德曼,2012-06-30,7,572.3054,3.73,572.3054,0.00,0
300145,南方泵业,2012-06-30,3,730.8802,5.08,118.3822,4.25,2
300158,振东制药,2012-06-30,1,51.0306,0.35,-196.1450,1.72,2
300168,万达信息,2012-06-30,4,899.8030,7.50,210.9080,5.74,3
300157,恒泰艾普,2012-06-30,4,1069.5490,6.02,-11.9720,6.08,4
002522,浙江众成,2012-06-30,3,229.9807,1.35,7.5977,1.30,3
300146,汤臣倍健,2012-06-30,5,817.9510,3.74,115.8620,3.21,4
002547,春兴精工,2012-06-30,6,1251.4060,4.41,1119.3403,0.93,2
002606,大连电瓷,2012-06-30,2,89.9951,0.45,-5.0674,0.95,2
002528,英飞拓,2012-06-30,1,34.2497,0.15,0.0000,0.15,1
002526,山东矿机,2012-06-30,1,376.0120,0.70,-469.9910,3.17,3
002531,天顺风能,2012-06-30,1,70.5410,0.34,70.5410,0.00,0
002540,亚太科技,2012-06-30,1,47.4641,0.23,47.4641,0.00,0
300208,恒顺电气,2012-06-30,1,69.9768,0.50,69.9768,0.00,0
601933,永辉超市,2012-06-30,1,2605.7400,3.39,0.0000,3.39,1
300165,天瑞仪器,2012-06-30,3,198.0807,1.29,98.7189,0.84,2
300191,潜能恒信,2012-06-30,1,127.4530,0.80,63.7267,0.80,1
300159,新研股份,2012-06-30,7,777.1170,4.31,236.1634,6.00,9
002535,林州重机,2012-06-30,3,2166.8480,4.02,728.1340,3.47,4
300163,先锋新材,2012-06-30,1,392.6350,4.97,0.0000,4.97,1
002557,洽洽食品,2012-06-30,7,2543.0510,7.52,502.0920,7.85,7
300170,汉得信息,2012-06-30,4,1233.6300,7.35,279.7570,5.68,3
300174,元力股份,2012-06-30,2,215.2730,1.58,74.3163,2.07,2
002541,鸿路钢构,2012-06-30,2,276.6610,1.03,-59.0187,2.51,4
300177,中海达,2012-06-30,5,480.9429,2.40,430.9429,0.50,1
300178,腾邦国际,2012-06-30,1,58.2292,0.49,-50.8008,0.91,1
002551,尚荣医疗,2012-06-30,3,922.8311,5.00,338.5044,4.75,5
300216,千山药机,2012-06-30,2,192.7556,1.44,-95.9851,4.31,5
300183,东软载波,2012-06-30,2,109.5821,0.50,5.0911,1.04,1
300197,铁汉生态,2012-06-30,5,730.8593,3.47,668.6487,0.53,1
002543,万和电气,2012-06-30,3,90.3393,0.45,19.0433,0.36,1
002546,新联电子,2012-06-30,3,218.7458,1.30,-193.3039,2.45,4
300182,捷成股份,2012-06-30,9,1934.3401,11.51,215.7078,10.23,9
300330,华虹计通,2012-06-30,1,90.0000,1.13,90.0000,0.00,0
300203,聚光科技,2012-06-30,5,960.8458,2.16,-102.6564,2.39,4
002558,世纪游轮,2012-06-30,1,9.9922,0.17,9.9922,0.00,0
002548,金新农,2012-06-30,1,22.5688,0.16,22.5688,0.00,0
002574,明牌珠宝,2012-06-30,2,499.6490,2.08,130.0000,1.54,2
300198,纳川股份,2012-06-30,2,396.9570,2.85,-363.8044,5.51,8
300186,大华农,2012-06-30,1,92.1961,0.35,45.9323,0.17,1
300195,长荣股份,2012-06-30,6,784.8978,5.61,153.3167,4.51,6
300188,美亚柏科,2012-06-30,4,458.1022,4.28,458.1022,0.00,0
300196,长海股份,2012-06-30,3,539.3926,4.49,-68.9815,5.07,3
300187,永清环保,2012-06-30,4,252.7566,1.89,-265.3900,7.76,6
300190,维尔利,2012-06-30,5,258.3080,2.64,258.3080,0.00,0
002565,上海绿新,2012-06-30,1,34.3796,0.16,-634.8204,3.13,3
002577,雷柏科技,2012-06-30,1,29.4185,0.14,12.1135,0.14,1
300192,科斯伍德,2012-06-30,1,92.3994,0.84,92.3994,0.00,0
300214,日科化学,2012-06-30,4,1032.9010,5.10,290.2573,5.50,5
002563,森马服饰,2012-06-30,2,357.6383,0.53,-502.9839,1.28,4
300199,翰宇药业,2012-06-30,3,903.1146,4.52,382.0485,5.21,5
002571,德力股份,2012-06-30,1,180.2990,1.06,125.3216,0.65,1
002562,兄弟科技,2012-06-30,1,257.8200,1.21,-0.7321,2.42,3
002564,张化机,2012-06-30,3,889.0510,2.93,665.4650,0.74,1
300226,上海钢联,2012-06-30,4,193.0523,2.41,153.0424,1.00,2
002572,索菲亚,2012-06-30,7,2050.3080,9.58,1036.3654,9.48,8
002581,万昌科技,2012-06-30,1,62.6852,0.58,-13.6621,0.71,1
300202,聚龙股份,2012-06-30,2,807.5650,4.76,440.8170,4.32,1
300210,森远股份,2012-06-30,5,849.2694,6.30,372.3073,6.37,3
601566,九牧王,2012-06-30,9,4354.3140,7.52,-181.7170,7.92,9
300207,欣旺达,2012-06-30,8,2313.8330,9.47,960.5065,7.20,7
300212,易华录,2012-06-30,1,231.2560,1.73,201.2560,0.45,1
300219,鸿利光电,2012-06-30,5,956.8320,3.90,226.7619,5.95,8
300257,开山股份,2012-06-30,8,2868.8380,10.03,1487.3860,9.66,9
300215,电科院,2012-06-30,1,49.9942,0.28,24.9971,0.28,1
300217,东方电热,2012-06-30,2,630.4760,3.19,367.5890,2.92,1
300222,科大智能,2012-06-30,3,497.0360,4.60,93.7792,3.73,3
300228,富瑞特装,2012-06-30,3,505.8114,3.77,160.1541,5.16,8
300224,正海磁材,2012-06-30,1,70.0996,0.29,-55.1084,0.78,1
300240,飞力达,2012-06-30,5,664.6296,3.98,302.8262,3.38,3
601311,骆驼股份,2012-06-30,2,1104.8280,1.31,826.3880,0.66,2
002585,双星新材,2012-06-30,2,86.3268,0.21,-34.1626,0.58,2
002589,瑞康医药,2012-06-30,7,827.9481,8.83,-246.3219,11.45,8
300232,洲明科技,2012-06-30,5,436.7655,4.32,178.0268,3.33,5
300230,永利带业,2012-06-30,2,311.1660,1.93,47.1153,2.94,3
300236,上海新阳,2012-06-30,1,34.4943,0.40,0.0000,0.40,1
002588,史丹利,2012-06-30,2,368.1694,2.18,117.3938,1.93,4
002605,姚记扑克,2012-06-30,1,15.0000,0.16,15.0000,0.00,0
002597,金禾实业,2012-06-30,1,29.9200,0.14,-88.7720,0.89,4
300241,瑞丰光电,2012-06-30,8,968.5404,9.05,151.7979,7.63,7
300258,精锻科技,2012-06-30,4,341.8821,2.28,135.8174,2.06,4
002607,亚夏汽车,2012-06-30,5,785.4390,4.46,312.2396,5.38,4
300244,迪安诊断,2012-06-30,2,262.6873,2.86,154.2271,2.12,2
002603,以岭药业,2012-06-30,8,3146.8000,5.70,1231.2590,4.51,6
002620,瑞和股份,2012-06-30,4,154.2659,1.93,-342.0543,6.20,9
300251,光线传媒,2012-06-30,9,1591.4360,6.60,776.1687,7.44,10
300256,星星科技,2012-06-30,6,773.2573,5.16,74.3853,6.99,4
300255,常山药业,2012-06-30,1,49.1100,0.46,-52.4000,0.94,1
601636,旗滨集团,2012-06-30,7,2795.7689,4.02,-639.6351,5.14,5
300260,新莱应材,2012-06-30,3,188.8392,1.89,27.9544,2.41,2
300267,尔康制药,2012-06-30,7,1638.6486,6.85,1046.5615,3.22,5
300259,新天科技,2012-06-30,1,20.0000,0.13,20.0000,0.00,0
002618,丹邦科技,2012-06-30,1,115.1480,0.72,-172.2880,1.80,1
002629,仁智油服,2012-06-30,2,90.0000,0.79,-229.8564,2.80,5
300273,和佳股份,2012-06-30,7,1354.2900,6.77,742.9129,4.58,7
300261,雅本化学,2012-06-30,5,968.3646,6.67,784.7660,2.02,5
002611,东方精工,2012-06-30,3,388.8314,2.20,-211.8217,4.42,5
300263,隆华节能,2012-06-30,1,150.5150,0.94,150.5150,0.00,0
300270,中威电子,2012-06-30,1,14.3500,0.24,14.3500,0.00,0
002612,朗姿股份,2012-06-30,8,1632.6240,8.16,-22.5730,8.28,8
002641,永高股份,2012-06-30,3,144.9698,0.72,144.9698,0.00,0
300274,阳光电源,2012-06-30,1,273.5600,0.85,202.7376,0.40,1
601100,恒立油缸,2012-06-30,10,5392.0450,8.56,2021.6230,8.02,9
300275,梅安森,2012-06-30,8,676.2944,8.23,435.6008,4.10,6
002623,亚玛顿,2012-06-30,1,10.5900,0.07,-25.0000,0.22,1
002640,百圆裤业,2012-06-30,3,205.8737,3.09,-59.9834,3.99,4
002631,德尔家居,2012-06-30,2,245.9900,1.54,245.9900,0.00,0
002633,申科股份,2012-06-30,1,113.0500,0.75,113.0500,0.00,0
603001,奥康国际,2012-06-30,9,1525.3260,3.80,1525.3260,0.00,0
300293,蓝英装备,2012-06-30,2,89.8243,1.50,79.8253,0.17,1
002635,安洁科技,2012-06-30,7,567.0345,4.73,123.9419,3.69,6
002648,卫星石化,2012-06-30,2,79.1235,0.20,-10.8765,0.45,2
002632,道明光学,2012-06-30,1,23.5862,0.22,0.0000,0.22,1
002645,华宏科技,2012-06-30,2,62.9892,0.52,-69.0108,1.98,2
002639,雪人股份,2012-06-30,1,80.0000,0.50,-320.0000,2.50,4
002646,青青稞酒,2012-06-30,3,85.2520,0.19,-104.9724,0.42,3
002638,勤上光电,2012-06-30,8,1675.5580,4.47,420.8218,6.70,8
300288,朗玛信息,2012-06-30,4,270.5137,5.07,164.9849,1.98,2
300324,旋极信息,2012-06-30,4,142.0695,2.54,142.0695,0.00,0
002651,利君股份,2012-06-30,2,322.4800,0.80,205.7100,0.29,1
300297,蓝盾股份,2012-06-30,3,143.2539,1.46,143.2539,0.00,0
002657,中科金财,2012-06-30,3,52.7526,0.76,52.7526,0.00,0
601313,江南嘉捷,2012-06-30,2,157.0100,0.70,157.0100,0.00,0
002664,信质电机,2012-06-30,2,170.0000,1.27,44.9670,0.94,1
002649,博彦科技,2012-06-30,4,313.2158,2.09,313.2158,0.00,0
300290,荣科科技,2012-06-30,1,12.5000,0.18,12.5000,0.00,0
300287,飞利信,2012-06-30,8,624.0520,7.43,560.3915,0.76,1
300298,三诺生物,2012-06-30,6,364.7552,4.14,264.6852,1.14,3
002656,卡奴迪路,2012-06-30,5,513.5396,5.14,268.8404,2.45,5
002667,鞍重股份,2012-06-30,3,195.9851,2.88,195.9851,0.00,0
002662,京威股份,2012-06-30,5,704.3410,2.35,651.0719,0.18,1
300291,华录百纳,2012-06-30,8,260.3911,4.34,-118.1754,6.31,8
002650,加加食品,2012-06-30,7,1114.8515,5.81,1031.0714,0.52,1
002666,德联集团,2012-06-30,3,300.0000,1.88,300.0000,0.00,0
601929,吉视传媒,2012-06-30,2,1528.1120,1.09,1528.1120,0.00,0
300307,慈星股份,2012-06-30,3,182.3059,0.45,182.3059,0.00,0
002653,海思科,2012-06-30,6,1028.5596,2.57,924.5993,0.26,2
002654,万润科技,2012-06-30,1,91.5000,1.04,91.5000,0.00,0
300296,利亚德,2012-06-30,1,125.0000,1.25,125.0000,0.00,0
300309,吉艾科技,2012-06-30,1,129.9920,1.20,129.9920,0.00,0
300301,长方照明,2012-06-30,7,623.0240,5.77,350.2821,2.53,8
300306,远方光电,2012-06-30,8,417.9954,6.97,340.9250,1.28,4
300304,云意电气,2012-06-30,2,160.0000,1.60,160.0000,0.00,0
601515,东风股份,2012-06-30,3,325.4747,0.59,118.8120,0.37,2
300326,凯利泰,2012-06-30,3,112.2250,2.19,112.2250,0.00,0
601231,环旭电子,2012-06-30,5,627.6626,0.62,627.6626,0.00,0
002658,雪迪龙,2012-06-30,8,660.9351,4.81,660.9351,0.00,0
300300,汉鼎股份,2012-06-30,7,616.3226,7.08,616.3226,0.00,0
002660,茂硕电源,2012-06-30,3,184.7969,1.90,108.7972,0.78,2
002661,克明面业,2012-06-30,6,460.9387,5.55,345.2414,1.39,2
300332,天壕节能,2012-06-30,7,1040.0000,3.25,1040.0000,0.00,0
300320,海达股份,2012-06-30,1,83.3500,1.25,83.3500,0.00,0
300314,戴维医疗,2012-06-30,3,185.2215,2.32,185.2215,0.00,0
300327,中颖电子,2012-06-30,2,419.6770,3.28,419.6770,0.00,0
002676,顺威股份,2012-06-30,2,200.0000,1.25,200.0000,0.00,0
300302,同有科技,2012-06-30,4,171.5822,2.86,171.5822,0.00,0
300312,邦讯技术,2012-06-30,3,316.8426,2.97,316.8426,0.00,0
002671,龙泉股份,2012-06-30,4,292.6150,3.10,292.6150,0.00,0
603128,华贸物流,2012-06-30,3,215.8669,0.54,215.8669,0.00,0
002685,华东重机,2012-06-30,1,250.0000,1.25,250.0000,0.00,0
002682,龙洲股份,2012-06-30,1,200.0000,1.25,200.0000,0.00,0
603366,日出东方,2012-06-30,6,492.0489,1.23,492.0489,0.00,0
300322,硕贝德,2012-06-30,9,660.9839,7.08,660.9839,0.00,0
300333,兆日科技,2012-06-30,6,394.0500,3.52,394.0500,0.00,0
002679,福建金森,2012-06-30,5,290.0418,2.09,290.0418,0.00,0
300334,津膜科技,2012-06-30,6,630.0000,5.43,630.0000,0.00,0
002680,黄海机械,2012-06-30,6,250.8850,3.14,250.8850,0.00,0
300328,宜安科技,2012-06-30,6,214.1800,1.91,214.1800,0.00,0
300323,华灿光电,2012-06-30,9,1498.1620,7.49,1498.1620,0.00,0
002681,奋达科技,2012-06-30,1,125.0000,0.83,125.0000,0.00,0
