600005,武钢股份,2012-09-30,4,6426.7700,0.64,-1525.4400,0.79,5
600006,东风汽车,2012-09-30,3,1214.8380,0.61,-257.4430,0.74,3
600007,中国国贸,2012-09-30,3,3931.2350,3.90,-16.2140,3.92,3
600009,上海机场,2012-09-30,3,4732.0500,2.46,23.3700,2.44,3
600010,包钢股份,2012-09-30,5,10076.1400,1.57,1719.5800,1.30,4
600019,宝钢股份,2012-09-30,1,4511.6400,0.26,-12086.0800,0.95,3
600026,中海发展,2012-09-30,3,1427.1170,0.42,3.6230,0.42,3
600028,中国石化,2012-09-30,3,11567.0700,0.13,-7846.9300,0.22,4
600033,福建高速,2012-09-30,3,990.4470,0.36,29.5220,0.35,3
600037,歌华有线,2012-09-30,1,696.5460,0.66,-1074.1310,1.67,3
600038,哈飞股份,2012-09-30,2,420.2060,1.25,-715.4520,3.37,4
600050,中国联通,2012-09-30,4,39743.7400,1.88,3327.7600,1.72,4
600052,浙江广厦,2012-09-30,1,1000.9800,1.15,0.0000,1.15,1
600054,黄山旅游,2012-09-30,3,1597.5990,3.39,-555.9620,4.57,4
600055,华润万东,2012-09-30,2,625.7600,2.89,-1126.4740,8.10,6
600056,中国医药,2012-09-30,7,1455.3580,4.68,37.9319,4.56,7
600058,五矿发展,2012-09-30,7,1836.9970,1.71,54.6080,1.66,6
600059,古越龙山,2012-09-30,6,4649.8350,7.32,1360.6930,5.18,5
600060,海信电器,2012-09-30,6,10731.1460,8.21,-939.8230,13.43,7
600062,华润双鹤,2012-09-30,7,6567.9370,11.49,667.4130,10.32,7
600063,皖维高新,2012-09-30,1,322.6530,0.22,322.6530,0.00,0
600064,南京高科,2012-09-30,3,2361.3530,4.57,500.5940,3.60,2
600066,宇通客车,2012-09-30,6,6788.1940,9.62,477.8460,9.37,6
600067,冠城大通,2012-09-30,4,6892.3150,5.86,-386.1200,6.18,6
600068,葛洲坝,2012-09-30,3,4183.0700,1.20,-466.2000,1.33,3
600069,银鸽投资,2012-09-30,1,177.8010,0.22,177.8010,0.00,0
600071,凤凰光学,2012-09-30,1,200.0220,0.84,60.0000,0.59,1
600072,中船股份,2012-09-30,4,1408.0167,2.94,83.2598,2.77,4
600075,新疆天业,2012-09-30,1,80.9799,0.18,-255.2330,0.77,4
600077,宋都股份,2012-09-30,1,306.8340,0.29,-416.8470,1.35,3
600079,人福医药,2012-09-30,7,5753.3450,11.66,257.0870,11.14,7
600085,同仁堂,2012-09-30,5,6113.2340,4.70,761.0640,4.11,5
600086,东方金钰,2012-09-30,6,2519.0780,7.15,2519.0780,0.00,0
600088,中视传媒,2012-09-30,3,556.0710,1.68,423.0550,0.40,1
600089,特变电工,2012-09-30,3,3796.4300,1.44,-1893.0900,2.16,4
600095,哈高科,2012-09-30,1,65.9811,0.18,65.9811,0.00,0
600097,开创国际,2012-09-30,1,231.2760,1.14,231.2760,0.00,0
600098,广州发展,2012-09-30,5,5082.4690,1.85,-854.5400,2.88,4
600099,林海股份,2012-09-30,1,429.5650,1.96,0.0000,1.96,1
600100,同方股份,2012-09-30,3,10104.8590,5.08,-453.4200,5.31,3
600101,明星电力,2012-09-30,5,2568.4180,7.92,1053.8540,4.67,3
600104,上汽集团,2012-09-30,2,9797.4300,0.89,398.1700,0.85,2
600105,永鼎股份,2012-09-30,1,786.6360,2.06,0.0000,2.06,1
600106,重庆路桥,2012-09-30,3,553.8580,0.61,-8.0680,0.62,3
600107,美尔雅,2012-09-30,2,840.8940,2.34,-233.4950,2.98,3
600108,亚盛集团,2012-09-30,3,9321.7700,4.79,3265.9200,3.11,2
600109,国金证券,2012-09-30,3,2166.1340,2.17,-1373.5220,3.54,4
600111,包钢稀土,2012-09-30,4,3777.9370,1.56,-736.8040,1.86,5
600112,长征电气,2012-09-30,3,2498.4270,4.91,277.4540,4.36,3
600115,东方航空,2012-09-30,3,10302.0400,0.91,3041.1400,0.64,3
600117,西宁特钢,2012-09-30,1,800.0000,1.08,-747.8400,2.09,1
600118,中国卫星,2012-09-30,3,2331.8640,2.54,-609.3730,3.21,3
600120,浙江东方,2012-09-30,1,700.2690,1.39,252.9940,0.88,1
600121,郑州煤电,2012-09-30,3,309.5828,0.49,153.5646,0.25,2
600123,兰花科创,2012-09-30,5,6299.9500,5.51,-2238.8480,7.47,6
600125,铁龙物流,2012-09-30,5,15377.0900,11.78,3886.7100,8.80,4
600127,金健米业,2012-09-30,2,280.5420,0.52,10.4990,0.50,2
600128,弘业股份,2012-09-30,2,713.9480,2.89,-666.9670,5.60,5
600129,太极集团,2012-09-30,1,200.4650,0.47,-202.6690,0.94,2
600132,重庆啤酒,2012-09-30,2,272.5460,0.56,-21.2450,0.61,2
600135,乐凯胶片,2012-09-30,2,512.1860,1.50,-1390.9340,5.56,3
600137,浪莎股份,2012-09-30,2,226.5780,2.33,-90.0000,3.26,3
600138,中青旅,2012-09-30,5,4733.0640,11.40,1266.1970,8.35,4
600139,西部资源,2012-09-30,2,505.9960,0.76,-80.8246,0.89,3
600141,兴发集团,2012-09-30,5,4335.8710,11.86,-311.6600,12.72,5
600149,廊坊发展,2012-09-30,2,1931.3970,5.08,16.0290,5.04,3
600150,中国船舶,2012-09-30,4,1975.5860,1.43,94.8940,1.36,4
600151,航天机电,2012-09-30,3,472.3360,0.38,308.2100,0.17,1
600153,建发股份,2012-09-30,6,16548.7200,7.40,-3330.9600,8.88,6
600157,永泰能源,2012-09-30,4,6620.5850,3.75,339.3750,3.55,3
600162,香江控股,2012-09-30,1,146.0560,0.19,-19.0340,0.22,1
600163,福建南纸,2012-09-30,1,155.3980,0.22,4.2340,0.21,1
600166,福田汽车,2012-09-30,1,2800.0000,1.00,0.0000,1.00,1
600168,武汉控股,2012-09-30,1,423.4090,0.96,0.0000,0.96,1
600169,太原重工,2012-09-30,2,1577.7100,0.65,-988.2280,1.06,3
600170,上海建工,2012-09-30,3,905.9040,0.39,-497.1600,0.61,5
600171,上海贝岭,2012-09-30,4,3953.7760,5.87,614.2840,4.96,3
600172,黄河旋风,2012-09-30,1,429.4460,0.81,-326.8610,1.42,2
600173,卧龙地产,2012-09-30,2,5258.4500,7.25,-1448.6730,9.25,4
600176,中国玻纤,2012-09-30,6,5029.0030,5.76,-2560.0560,8.70,7
600177,雅戈尔,2012-09-30,1,1415.6600,0.64,50.3500,0.61,1
600178,东安动力,2012-09-30,4,340.7272,0.74,226.1424,0.25,2
600182,S佳通,2012-09-30,1,69.9938,0.21,69.9938,0.00,0
600185,格力地产,2012-09-30,1,235.0360,0.41,-600.0550,1.45,2
600187,国中水务,2012-09-30,1,100.0000,0.23,-33.3600,0.31,1
600188,兖州煤业,2012-09-30,7,2491.0980,0.51,-435.7060,0.60,7
600195,中牧股份,2012-09-30,3,658.5310,1.69,-850.3700,3.87,5
600196,复星医药,2012-09-30,5,9372.0000,4.92,1426.7450,4.17,5
600197,伊力特,2012-09-30,2,1314.7780,2.98,-1544.6000,6.48,4
600199,金种子酒,2012-09-30,8,6956.1330,12.52,1929.9560,9.04,6
600200,江苏吴中,2012-09-30,1,191.9290,0.31,9.4800,0.29,1
600206,有研硅股,2012-09-30,2,334.6701,1.54,334.6701,0.00,0
600208,新湖中宝,2012-09-30,6,33181.9900,5.30,526.1000,5.26,7
600215,长春经开,2012-09-30,1,195.9900,0.42,-382.4390,1.24,1
600216,浙江医药,2012-09-30,5,2261.3770,4.35,1.5270,5.02,5
600218,全柴动力,2012-09-30,1,378.1560,1.33,-578.2150,3.37,2
600219,南山铝业,2012-09-30,4,3020.6450,1.56,472.4270,1.32,4
600220,江苏阳光,2012-09-30,2,735.1460,0.41,27.5430,0.40,2
600221,海南航空,2012-09-30,1,1647.2600,0.27,-3827.2950,1.33,4
600223,鲁商置业,2012-09-30,2,1784.4330,1.78,-1712.4270,3.49,3
600225,天津松江,2012-09-30,2,413.9870,0.66,-241.4960,1.05,2
600226,升华拜克,2012-09-30,2,1431.7350,3.53,-115.2980,3.81,2
600227,赤天化,2012-09-30,2,434.9940,0.46,-69.7180,0.53,3
600230,沧州大化,2012-09-30,2,563.0030,2.17,563.0030,0.00,0
600231,凌钢股份,2012-09-30,1,3100.0000,3.86,-2425.4460,6.87,4
600236,桂冠电力,2012-09-30,3,2314.9760,1.02,-655.5620,1.30,4
600238,海南椰岛,2012-09-30,1,285.4210,0.64,-704.9900,2.21,4
600239,云南城投,2012-09-30,6,8519.2770,10.35,-953.7500,11.50,7
600240,华业地产,2012-09-30,3,7649.1000,5.39,3880.3600,5.84,3
600242,中昌海运,2012-09-30,1,56.0600,0.21,56.0600,0.00,0
600246,万通地产,2012-09-30,1,235.4250,0.19,-1521.5130,1.44,3
600252,中恒集团,2012-09-30,3,6651.6080,6.09,957.6490,5.22,2
600256,广汇能源,2012-09-30,4,12184.4900,3.48,-4139.0000,4.66,5
600257,大湖股份,2012-09-30,1,519.9900,1.22,-600.5640,2.62,4
600258,首旅酒店,2012-09-30,2,189.4152,0.82,-310.5848,2.16,1
600259,广晟有色,2012-09-30,1,167.4640,0.67,-32.5360,0.80,1
600260,凯乐科技,2012-09-30,2,1106.9600,2.10,806.9710,0.57,1
600261,阳光照明,2012-09-30,7,4838.0640,7.50,-1117.0660,9.23,7
600262,北方股份,2012-09-30,3,759.9116,4.47,-54.0712,4.79,3
600266,北京城建,2012-09-30,8,14540.9970,16.35,611.5220,15.67,9
600267,海正药业,2012-09-30,3,6604.9200,7.87,-1743.2700,9.94,4
600268,国电南自,2012-09-30,2,3414.2200,5.37,1110.6600,3.63,1
600269,赣粤高速,2012-09-30,3,3807.8260,1.63,-2991.3690,2.91,5
600270,外运发展,2012-09-30,4,1561.6640,1.72,176.2970,1.53,4
600276,恒瑞医药,2012-09-30,4,4654.7800,3.76,-136.0450,3.87,4
600277,亿利能源,2012-09-30,2,253.6569,0.17,151.6879,0.07,1
600279,重庆港九,2012-09-30,1,68.2800,0.20,0.0000,0.20,1
600280,中央商场,2012-09-30,6,1818.2650,12.67,177.1160,11.43,4
600283,钱江水利,2012-09-30,3,911.2273,3.19,-422.3750,4.67,5
600285,羚锐制药,2012-09-30,2,1156.2050,5.76,-116.3580,6.34,3
600287,江苏舜天,2012-09-30,3,2563.7610,5.87,0.0000,5.87,3
600290,华仪电气,2012-09-30,1,230.1540,0.44,0.0000,0.44,1
600292,中电远达,2012-09-30,3,973.3110,1.90,266.3930,1.38,2
600298,安琪酵母,2012-09-30,4,2156.5150,6.54,-122.0940,6.91,6
600300,维维股份,2012-09-30,1,257.2650,0.15,-242.7350,0.30,1
600303,曙光股份,2012-09-30,1,93.1650,0.16,-836.8350,1.62,2
600305,恒顺醋业,2012-09-30,4,1014.2510,7.98,254.2850,5.98,2
600307,酒钢宏兴,2012-09-30,4,1343.9470,0.33,-75.3550,0.35,4
600308,华泰股份,2012-09-30,3,718.7290,0.62,84.7280,0.54,3
600309,万华化学,2012-09-30,5,13507.8900,6.25,-1258.0200,6.83,6
600310,桂东电力,2012-09-30,3,1850.7660,6.71,-1169.4130,10.95,6
600311,荣华实业,2012-09-30,1,204.8240,0.31,-125.2930,0.50,2
600312,平高电气,2012-09-30,3,2478.0690,3.03,440.1190,2.49,3
600315,上海家化,2012-09-30,6,6085.1550,13.57,-376.5400,14.41,7
600316,洪都航空,2012-09-30,1,363.1410,0.51,-1520.2800,2.63,3
600318,巢东股份,2012-09-30,4,1063.0020,4.39,146.6199,3.79,2
600319,*ST亚星,2012-09-30,1,100.0000,0.32,100.0000,0.00,0
600323,南海发展,2012-09-30,1,474.9520,0.82,94.4990,0.78,1
600326,西藏天路,2012-09-30,1,117.8750,0.22,5.8190,0.20,1
600327,大东方,2012-09-30,7,7352.0130,14.09,-1959.6870,17.85,9
600328,兰太实业,2012-09-30,1,66.3123,0.18,3.2711,0.18,1
600329,中新药业,2012-09-30,2,1266.9580,1.71,-226.3360,2.02,2
600331,宏达股份,2012-09-30,4,1617.9400,1.57,-508.3670,2.06,4
600332,白云山,2012-09-30,6,2039.8070,2.52,1502.5060,0.66,3
600333,长春燃气,2012-09-30,2,519.4800,1.13,60.1240,1.00,2
600335,国机汽车,2012-09-30,5,3358.9740,6.00,241.3040,5.57,5
600337,美克股份,2012-09-30,1,464.3610,0.73,-517.5070,1.55,1
600339,天利高新,2012-09-30,1,124.5410,0.22,-393.8570,0.90,2
600346,大橡塑,2012-09-30,1,125.2240,0.52,0.0000,0.52,1
600350,山东高速,2012-09-30,1,422.5730,0.09,-342.1400,0.16,2
600351,亚宝药业,2012-09-30,5,3205.9430,5.07,2818.3830,0.61,2
600356,恒丰纸业,2012-09-30,1,243.5930,1.05,-169.8430,1.79,2
600360,华微电子,2012-09-30,1,166.9350,0.25,8.2400,0.23,1
600361,华联综超,2012-09-30,3,4199.6000,6.31,0.0000,6.31,3
600362,江西铜业,2012-09-30,6,4182.1020,1.21,-739.1020,1.42,7
600366,宁波韵升,2012-09-30,6,4015.9980,7.81,-1825.0860,11.35,7
600373,中文传媒,2012-09-30,7,2559.7330,4.51,1318.2950,2.19,4
600376,首开股份,2012-09-30,5,9866.4200,6.60,-309.6900,6.81,5
600378,天科股份,2012-09-30,1,105.6990,0.36,-675.1110,2.63,3
600380,健康元,2012-09-30,2,430.2730,0.28,-520.1230,0.61,4
600383,金地集团,2012-09-30,5,31579.5100,7.06,-3045.4200,7.74,6
600386,北巴传媒,2012-09-30,2,219.8487,0.55,125.0000,0.24,1
600388,龙净环保,2012-09-30,5,3039.7570,14.22,775.9930,10.59,5
600389,江山股份,2012-09-30,1,136.7470,0.69,-170.9900,1.55,1
600390,金瑞科技,2012-09-30,1,132.9280,0.83,132.9280,0.00,0
600395,盘江股份,2012-09-30,3,3194.9920,1.93,1002.5250,1.99,3
600396,金山股份,2012-09-30,5,1108.4530,3.25,254.1210,2.51,3
600397,安源煤业,2012-09-30,2,343.1924,0.69,-969.9676,2.65,5
600400,红豆股份,2012-09-30,2,964.7080,1.72,-135.2890,1.96,3
600415,小商品城,2012-09-30,1,658.8690,0.24,-718.9130,0.51,2
600418,江淮汽车,2012-09-30,3,4308.0950,3.34,1442.0450,2.22,1
600422,昆明制药,2012-09-30,7,4478.8230,14.26,1682.0870,8.90,5
600426,华鲁恒升,2012-09-30,2,2103.9300,2.21,-2409.0300,4.73,3
600428,中远航运,2012-09-30,7,10226.7570,6.05,-411.1470,6.29,7
600456,宝钛股份,2012-09-30,4,597.2872,1.39,-104.5628,1.63,3
600458,时代新材,2012-09-30,2,2080.0530,4.02,907.4030,2.27,1
600466,迪康药业,2012-09-30,1,89.2704,0.20,0.0300,0.20,1
600468,百利电气,2012-09-30,4,2234.3020,4.90,-405.9560,5.79,5
600486,扬农化工,2012-09-30,6,2208.4370,12.83,925.7780,7.45,4
600488,天药股份,2012-09-30,5,951.6920,1.75,-804.4829,3.23,4
600496,精工钢构,2012-09-30,5,5730.2730,9.77,1338.5400,7.49,6
600498,烽火通信,2012-09-30,3,1894.3200,3.93,48.3430,4.17,4
600499,科达机电,2012-09-30,3,2379.2450,3.65,476.4340,3.01,3
600500,中化国际,2012-09-30,3,1890.6010,1.32,-437.7970,1.62,4
600501,航天晨光,2012-09-30,2,206.4586,0.53,-180.9510,1.00,2
600505,西昌电力,2012-09-30,1,1800.5200,4.94,151.9900,4.52,1
600508,上海能源,2012-09-30,5,2544.1730,3.52,457.2990,2.89,5
600509,天富热电,2012-09-30,5,1608.5590,2.45,140.6390,2.24,6
600510,黑牡丹,2012-09-30,3,3409.1000,4.29,-594.1950,5.03,4
600511,国药股份,2012-09-30,6,4747.6480,9.92,453.0370,8.97,6
600516,方大炭素,2012-09-30,2,597.0190,0.47,-50.6320,0.51,2
600518,康美药业,2012-09-30,5,11893.2700,5.41,-557.7500,5.66,5
600519,贵州茅台,2012-09-30,2,1142.1760,1.10,-418.7030,1.50,3
600522,中天科技,2012-09-30,3,1567.9790,2.23,-156.6560,2.45,3
600523,贵航股份,2012-09-30,1,61.4936,0.21,61.4936,0.00,0
600525,长园集团,2012-09-30,1,231.7240,0.27,-591.6080,0.95,2
600528,中铁二局,2012-09-30,4,2775.4070,1.90,1455.8520,0.90,3
600529,山东药玻,2012-09-30,4,1694.5380,6.58,-32.3560,6.71,4
600531,豫光金铅,2012-09-30,2,182.4585,0.62,33.9864,0.50,3
600533,栖霞建设,2012-09-30,5,7979.3810,7.60,6852.2550,1.07,2
600535,天士力,2012-09-30,6,4362.6060,8.45,-101.0730,8.64,6
600538,*ST国发,2012-09-30,1,899.9900,3.22,899.9900,0.00,0
600548,深高速,2012-09-30,1,395.1080,0.18,-774.2300,0.54,2
600549,厦门钨业,2012-09-30,3,1531.2780,2.25,-378.3010,2.80,4
600550,天威保变,2012-09-30,3,897.4660,0.65,-52.4090,0.69,3
600552,方兴科技,2012-09-30,4,695.3470,5.94,37.5085,5.62,4
600557,康缘药业,2012-09-30,8,5862.1360,14.10,1521.0500,10.44,5
600558,大西洋,2012-09-30,1,87.0551,0.63,87.0551,0.00,0
600559,老白干酒,2012-09-30,7,1986.4300,14.19,127.8830,13.28,7
600560,金自天正,2012-09-30,1,452.9090,2.03,-210.6060,2.97,2
600561,江西长运,2012-09-30,1,121.2260,0.65,-416.3730,2.89,2
600563,法拉电子,2012-09-30,3,558.7080,2.48,-169.5839,3.24,4
600565,迪马股份,2012-09-30,1,168.8600,0.23,168.8600,0.00,0
600568,中珠控股,2012-09-30,1,127.7760,0.77,127.7760,0.00,0
600569,安阳钢铁,2012-09-30,4,2414.2740,1.01,1865.4620,0.23,2
600571,信雅达,2012-09-30,5,2048.3700,10.10,1770.4080,1.37,2
600578,京能电力,2012-09-30,1,696.1770,0.88,-223.8330,1.17,1
600581,八一钢铁,2012-09-30,1,708.4190,0.92,-415.4800,1.47,2
600582,天地科技,2012-09-30,6,7725.8300,6.36,588.7020,7.13,5
600583,海油工程,2012-09-30,4,9123.1100,2.35,1383.1300,1.99,3
600585,海螺水泥,2012-09-30,3,8428.8200,1.59,840.9100,1.43,3
600586,金晶科技,2012-09-30,1,1891.2800,1.33,279.9900,1.13,1
600587,新华医疗,2012-09-30,7,3227.3270,18.54,623.5240,14.96,6
600588,用友软件,2012-09-30,1,1911.7700,1.95,292.1500,1.65,1
600590,泰豪科技,2012-09-30,1,293.8950,0.59,46.5800,0.49,1
600595,中孚实业,2012-09-30,4,1220.3240,0.81,-187.8230,0.93,5
600596,新安股份,2012-09-30,1,525.3900,0.77,-1213.7510,2.56,2
600597,光明乳业,2012-09-30,4,4571.6380,3.73,-1156.8140,5.46,5
600598,北大荒,2012-09-30,4,6044.5900,3.40,-53.5380,3.43,4
600600,青岛啤酒,2012-09-30,1,1049.7200,0.78,-731.2120,1.32,2
600601,方正科技,2012-09-30,2,1130.2790,0.51,41.6700,0.50,2
600602,仪电电子,2012-09-30,1,162.4000,0.14,8.0060,0.13,1
600611,大众交通,2012-09-30,1,222.3220,0.14,222.3220,0.00,0
600612,老凤祥,2012-09-30,5,1708.7120,3.27,56.7850,3.79,4
600616,金枫酒业,2012-09-30,4,3044.2870,6.94,899.0320,4.89,3
600622,嘉宝集团,2012-09-30,2,762.2110,1.48,-104.2180,1.68,2
600626,申达股份,2012-09-30,1,149.9940,0.21,0.0000,0.21,1
600628,新世界,2012-09-30,2,779.6270,1.47,0.0000,1.47,2
600633,浙报传媒,2012-09-30,4,1229.1900,2.86,895.8960,0.78,2
600635,大众公用,2012-09-30,3,1598.9520,0.97,-2077.2090,2.23,4
600636,三爱富,2012-09-30,2,253.6081,0.66,253.6081,0.00,0
600637,百视通,2012-09-30,3,1904.3080,1.71,-380.7510,2.05,4
600639,浦东金桥,2012-09-30,1,441.8860,0.48,193.5390,0.27,1
600642,申能股份,2012-09-30,1,2271.5700,0.48,-1710.6900,0.84,2
600643,爱建股份,2012-09-30,3,2376.2090,2.15,899.5700,1.34,3
600645,中源协和,2012-09-30,1,570.6440,1.76,-0.2600,1.76,1
600649,城投控股,2012-09-30,1,723.4180,0.24,-1754.2090,1.08,3
600653,申华控股,2012-09-30,2,898.9740,0.51,32.8150,0.50,2
600654,飞乐股份,2012-09-30,2,427.5510,0.57,206.6590,0.29,1
600657,信达地产,2012-09-30,3,2732.2810,1.79,-710.0210,2.26,4
600658,电子城,2012-09-30,2,1346.9570,2.32,-577.9360,3.32,2
600660,福耀玻璃,2012-09-30,3,9858.7300,4.92,322.5200,4.76,3
600662,强生控股,2012-09-30,3,425.7390,0.40,12.2760,0.39,3
600665,天地源,2012-09-30,3,5085.9570,5.89,1418.8850,4.24,2
600667,太极实业,2012-09-30,2,479.9820,1.02,479.9820,0.00,0
600668,尖峰集团,2012-09-30,1,200.0000,0.58,60.0030,0.41,1
600673,东阳光铝,2012-09-30,2,910.6980,1.10,57.9760,1.03,2
600674,川投能源,2012-09-30,3,5219.7200,2.65,2589.7600,1.33,1
600675,中华企业,2012-09-30,2,5370.0000,3.45,-1623.2500,4.49,4
600676,交运股份,2012-09-30,3,564.7000,0.65,162.6900,0.47,2
600684,珠江实业,2012-09-30,1,364.8220,1.15,-883.5320,3.95,3
600685,广船国际,2012-09-30,3,868.7720,1.35,528.7203,0.53,2
600686,金龙汽车,2012-09-30,3,1628.8880,3.68,-2391.5050,9.08,4
600687,刚泰控股,2012-09-30,2,257.4048,2.03,257.4048,0.00,0
600688,上海石化,2012-09-30,4,9616.6950,1.34,-307.5690,1.38,5
600690,青岛海尔,2012-09-30,3,9657.1700,3.60,-3848.8800,5.03,4
600693,东百集团,2012-09-30,1,557.0680,1.62,-491.0120,3.05,1
600694,大商股份,2012-09-30,6,5260.2010,17.91,-129.7910,18.35,6
600697,欧亚集团,2012-09-30,6,3045.1710,19.14,-496.5970,22.26,7
600699,均胜电子,2012-09-30,2,559.9680,1.43,396.7750,0.42,1
600702,沱牌舍得,2012-09-30,6,4974.0230,14.75,161.4950,14.27,7
600703,三安光电,2012-09-30,3,5232.7930,3.62,521.1340,3.26,3
600704,物产中大,2012-09-30,1,752.1860,0.95,-1686.9470,3.70,4
600707,*ST彩虹,2012-09-30,2,1132.2080,1.54,-196.2000,1.80,2
600712,南宁百货,2012-09-30,1,778.2590,1.43,378.2800,0.73,1
600713,南京医药,2012-09-30,1,1602.5900,2.31,1602.5900,0.00,0
600716,凤凰股份,2012-09-30,1,500.0000,0.68,0.0000,0.68,1
600717,天津港,2012-09-30,3,3270.9350,1.95,-569.5460,2.29,3
600718,东软集团,2012-09-30,2,4652.0400,3.79,-100.9900,3.87,2
600720,祁连山,2012-09-30,6,4444.7290,9.36,187.3390,8.96,6
600723,首商股份,2012-09-30,4,1270.0740,1.93,-623.7810,2.88,4
600724,宁波富达,2012-09-30,4,5263.4800,3.64,-698.8900,4.13,4
600725,云维股份,2012-09-30,2,296.7121,0.48,-1459.8899,2.85,3
600728,佳都新太,2012-09-30,1,200.2660,0.55,200.2660,0.00,0
600729,重庆百货,2012-09-30,4,2087.2900,5.59,-369.5130,6.58,5
600731,湖南海利,2012-09-30,2,385.9210,1.51,385.9210,0.00,0
600734,实达集团,2012-09-30,1,148.3070,0.42,148.3070,0.00,0
600737,中粮屯河,2012-09-30,1,941.5670,0.94,-1007.3230,1.94,4
600739,辽宁成大,2012-09-30,2,6132.9700,4.49,-1507.7600,5.60,4
600740,山西焦化,2012-09-30,2,421.8460,0.75,305.9970,0.20,1
600741,华域汽车,2012-09-30,5,14544.9400,5.63,-1190.1200,6.09,6
600742,一汽富维,2012-09-30,3,967.2030,4.57,-1453.1600,11.44,6
600743,华远地产,2012-09-30,1,268.7420,0.17,-112.2330,0.30,1
600747,大连控股,2012-09-30,1,1290.0300,1.21,1290.0300,0.00,0
600748,上实发展,2012-09-30,1,336.6820,0.31,76.4670,0.24,1
600749,西藏旅游,2012-09-30,2,394.4180,2.09,0.0000,2.09,2
600750,江中药业,2012-09-30,6,3642.4050,11.71,-142.3140,12.16,6
600893,航空动力,2012-09-30,2,1407.4680,1.29,718.4750,0.63,1
600894,广日股份,2012-09-30,1,1700.0000,2.16,-250.0000,2.47,1
600895,张江高科,2012-09-30,6,8859.8740,5.72,-2671.7890,7.45,8
600897,厦门空港,2012-09-30,2,215.0069,0.72,-262.6611,1.60,3
600898,三联商社,2012-09-30,1,110.9920,0.44,110.9920,0.00,0
600320,振华重工,2012-09-30,3,2334.8110,0.53,546.4680,0.41,2
000001,平安银行,2012-09-30,2,7432.2100,1.45,-2854.6200,2.01,3
000002,万科A,2012-09-30,5,50250.8000,4.57,7642.0400,3.88,4
000004,国农科技,2012-09-30,1,45.2840,0.54,0.0000,0.54,1
000006,深振业A,2012-09-30,1,1420.8800,1.11,127.9000,1.31,1
000009,中国宝安,2012-09-30,3,3701.8200,3.39,-632.4180,3.97,4
000011,深物业A,2012-09-30,1,161.2830,0.27,161.2830,0.00,0
000012,南玻A,2012-09-30,4,5707.5600,2.75,4.6800,2.75,4
000016,深康佳A,2012-09-30,1,299.9950,0.25,-4447.8150,3.94,5
000021,长城开发,2012-09-30,7,4235.5130,3.21,520.7210,2.82,6
000024,招商地产,2012-09-30,8,10436.0100,6.08,-1388.9800,6.89,9
000026,飞亚达A,2012-09-30,6,4219.0340,10.74,452.7360,9.59,5
000027,深圳能源,2012-09-30,7,6943.1180,2.63,422.3490,2.47,6
000028,国药一致,2012-09-30,7,4017.1570,13.94,138.8870,13.46,6
000029,深深房A,2012-09-30,1,82.3159,0.08,4.0540,0.08,1
000031,中粮地产,2012-09-30,7,11337.8110,6.25,-1489.8750,7.07,8
000039,中集集团,2012-09-30,1,1381.6200,0.52,-1968.7600,1.26,2
000045,深纺织A,2012-09-30,1,100.0000,0.30,-340.7954,1.31,2
000046,泛海建设,2012-09-30,2,5091.9500,1.12,-318.3300,1.19,2
000049,德赛电池,2012-09-30,7,2063.9210,15.08,84.4630,14.47,8
000050,深天马A,2012-09-30,5,2496.9440,4.35,1892.6620,1.05,3
000059,辽通化工,2012-09-30,4,2990.8450,2.49,-97.3070,2.57,4
000060,中金岭南,2012-09-30,5,6931.7390,3.36,-314.0910,3.51,6
000061,农产品,2012-09-30,3,7186.4900,5.20,563.5300,4.79,2
000063,中兴通讯,2012-09-30,3,9891.5800,2.88,2708.4100,2.09,3
000065,北方国际,2012-09-30,2,383.3270,2.36,-151.2720,3.29,3
000066,长城电脑,2012-09-30,4,1117.5200,0.84,-54.3320,0.89,3
000069,华侨城A,2012-09-30,6,31540.3100,4.34,1087.2900,4.19,6
000070,特发信息,2012-09-30,1,228.2040,0.91,228.2040,0.00,0
000078,海王生物,2012-09-30,3,397.5980,0.61,138.6990,0.40,2
000088,盐田港,2012-09-30,4,4365.1190,2.25,248.0030,2.12,3
000089,深圳机场,2012-09-30,2,2615.1960,1.55,-796.6900,2.02,2
000099,中信海直,2012-09-30,3,575.0139,1.12,122.1818,0.88,3
000157,中联重科,2012-09-30,1,6868.2500,0.89,-174.3800,0.91,1
000159,国际实业,2012-09-30,1,103.6420,0.22,5.1101,0.20,1
000301,东方市场,2012-09-30,2,579.0070,0.48,329.5310,0.20,1
000400,许继电气,2012-09-30,8,5281.6570,13.96,-301.2650,14.76,9
000401,冀东水泥,2012-09-30,4,4213.7320,3.13,451.5010,2.79,2
000402,金融街,2012-09-30,4,11770.5900,3.89,312.3300,3.79,4
000404,华意压缩,2012-09-30,2,357.0000,1.10,-66.0710,1.30,1
000407,胜利股份,2012-09-30,1,1900.0000,2.93,-855.0830,4.24,2
000413,宝石A,2012-09-30,1,1500.0000,3.92,50.0000,3.79,1
000415,渤海租赁,2012-09-30,2,875.0750,0.69,-687.2150,1.23,4
000417,合肥百货,2012-09-30,6,6227.3070,7.98,1566.6490,8.96,6
000418,小天鹅A,2012-09-30,2,1331.9450,2.11,-200.0000,2.42,2
000421,南京中北,2012-09-30,1,150.8750,0.43,-78.5290,0.65,1
000422,湖北宜化,2012-09-30,5,3840.6080,4.28,-725.4900,5.09,6
000423,东阿阿胶,2012-09-30,9,7002.5570,10.71,22.4540,10.67,9
000425,徐工机械,2012-09-30,4,5399.3100,2.62,319.2740,2.46,4
000426,兴业矿业,2012-09-30,2,1009.9820,2.31,426.9820,1.33,1
600754,锦江股份,2012-09-30,5,3204.9770,5.31,-248.3930,5.72,6
600755,厦门国贸,2012-09-30,4,1453.3560,1.09,-361.1470,1.36,2
600760,*ST黑豹,2012-09-30,1,196.1180,0.57,196.1180,0.00,0
600761,安徽合力,2012-09-30,4,2849.7060,5.54,-1826.4430,9.10,7
600763,通策医疗,2012-09-30,8,3162.9020,19.73,-289.5530,21.53,8
600765,中航重机,2012-09-30,5,4480.7530,5.76,-223.6420,6.05,5
600773,西藏城投,2012-09-30,3,1289.8270,2.24,1016.4730,0.47,2
600776,东方通信,2012-09-30,2,4361.3600,3.47,36.9140,3.44,3
600778,友好集团,2012-09-30,4,3319.2880,10.66,-1141.7000,14.32,6
600779,水井坊,2012-09-30,4,693.1640,1.42,-25.6750,1.47,4
600780,通宝能源,2012-09-30,5,7164.3300,6.25,0.0000,6.25,5
600783,鲁信创投,2012-09-30,4,1152.5920,1.55,-435.2060,2.13,6
600784,鲁银投资,2012-09-30,1,380.0000,0.77,380.0000,0.00,0
600785,新华百货,2012-09-30,6,3937.1920,18.98,-176.9350,19.83,6
600787,中储股份,2012-09-30,4,3207.0240,3.82,-2521.0880,6.82,6
600789,鲁抗医药,2012-09-30,2,209.7760,0.36,7.8684,0.35,2
600790,轻纺城,2012-09-30,2,869.4160,1.08,869.4160,0.00,0
600791,京能置业,2012-09-30,1,330.9600,0.73,-10.0000,0.75,1
600795,国电电力,2012-09-30,3,46658.7600,3.03,3052.6600,2.83,3
600797,浙大网新,2012-09-30,2,347.0960,0.41,-21.2540,0.44,2
600801,华新水泥,2012-09-30,2,1234.7460,1.32,94.2720,1.22,2
600802,福建水泥,2012-09-30,1,111.6900,0.29,111.6900,0.00,0
600804,鹏博士,2012-09-30,1,2959.7800,2.21,0.0000,2.21,1
600805,悦达投资,2012-09-30,4,4450.7820,6.28,-1125.9660,7.86,6
600808,马钢股份,2012-09-30,2,5262.8380,0.68,-69.8830,0.69,2
600809,山西汾酒,2012-09-30,8,6546.4980,7.56,-26.2920,7.59,8
600811,东方集团,2012-09-30,3,2754.5230,1.65,-95.5280,1.71,3
600812,华北制药,2012-09-30,1,4480.3500,4.36,-764.1870,5.10,3
600814,杭州解百,2012-09-30,2,265.0000,0.85,0.0000,0.85,2
600815,厦工股份,2012-09-30,1,122.9300,0.15,-1714.3510,2.30,2
600816,安信信托,2012-09-30,2,1180.9570,2.60,408.2140,1.70,2
600820,隧道股份,2012-09-30,1,300.0000,0.23,-2634.8670,2.26,6
600823,世茂股份,2012-09-30,4,9247.4700,7.90,-1378.6900,9.08,5
600824,益民集团,2012-09-30,1,157.6740,0.22,7.7790,0.20,1
600826,兰生股份,2012-09-30,1,142.9900,0.34,142.9900,0.00,0
600827,友谊股份,2012-09-30,2,2583.7500,1.50,-1060.1100,2.12,3
600828,成商集团,2012-09-30,3,3800.8150,6.66,-1318.8220,8.97,6
600829,三精制药,2012-09-30,2,548.5391,0.95,-691.9039,2.14,3
600830,香溢融通,2012-09-30,2,901.3110,1.98,339.9910,1.24,2
600831,广电网络,2012-09-30,4,2230.6480,3.96,-341.5120,4.57,5
600832,东方明珠,2012-09-30,2,1490.7870,0.47,-122.3060,0.51,2
600835,上海机电,2012-09-30,1,397.9940,0.39,18.6070,0.37,1
600839,四川长虹,2012-09-30,6,7978.7490,1.73,-48.8310,1.74,5
600844,丹化科技,2012-09-30,1,1028.9100,1.32,-114.3200,1.47,1
600845,宝信软件,2012-09-30,1,871.5160,2.56,0.0000,2.56,1
600847,万里股份,2012-09-30,1,366.5520,4.13,126.4900,2.71,1
601607,上海医药,2012-09-30,3,5694.6900,2.12,3537.9120,0.80,2
600850,华东电脑,2012-09-30,2,1603.3350,4.98,314.5270,7.54,2
600858,银座股份,2012-09-30,4,6148.7120,11.82,1455.2500,9.02,4
600859,王府井,2012-09-30,5,3398.3400,7.34,-1124.9650,9.77,7
600861,北京城乡,2012-09-30,3,1133.4880,3.58,-109.9390,3.92,3
600863,内蒙华电,2012-09-30,4,5738.1190,2.22,-391.7060,2.37,5
600867,通化东宝,2012-09-30,8,7274.7620,9.37,5398.1470,2.42,4
600871,仪征化纤,2012-09-30,2,3196.7204,0.80,2.3100,0.80,2
600872,中炬高新,2012-09-30,2,645.1500,0.81,167.9290,0.60,2
600874,创业环保,2012-09-30,1,133.8340,0.09,-99.4590,0.16,2
600875,东方电气,2012-09-30,1,730.0000,0.36,-410.0750,0.57,2
600879,航天电子,2012-09-30,3,2718.8480,3.35,529.0680,2.70,1
600880,博瑞传播,2012-09-30,6,7223.6750,11.50,78.9910,11.38,6
600881,亚泰集团,2012-09-30,4,5999.4550,3.17,-5243.2150,5.93,6
600886,国投电力,2012-09-30,6,26344.2800,7.49,153.3600,7.45,6
600887,伊利股份,2012-09-30,3,8577.5500,5.37,673.4600,4.94,3
600888,新疆众和,2012-09-30,1,790.0000,1.48,-1540.3420,4.36,3
000430,张家界,2012-09-30,8,3414.5240,10.64,388.0050,9.43,8
000501,鄂武商A,2012-09-30,4,6551.1200,12.92,-838.3100,14.57,4
000503,海虹控股,2012-09-30,4,3343.8300,3.72,1676.1330,1.86,2
000506,中润资源,2012-09-30,1,311.6440,0.40,311.6440,0.00,0
000507,珠海港,2012-09-30,1,312.8010,0.50,30.0000,0.46,1
000510,金路集团,2012-09-30,1,187.4610,0.31,9.2490,0.29,1
000511,银基发展,2012-09-30,1,2736.0300,2.37,2736.0300,0.00,0
000513,丽珠集团,2012-09-30,5,2660.0000,8.99,412.7170,7.60,5
000514,渝开发,2012-09-30,3,2381.7140,3.10,0.0000,3.10,3
000516,开元投资,2012-09-30,5,4487.3640,6.29,464.5990,5.64,5
000518,四环生物,2012-09-30,2,530.5230,0.52,15.1170,0.50,2
000519,江南红箭,2012-09-30,1,136.2180,0.71,0.0000,0.71,1
000525,红太阳,2012-09-30,4,1970.0630,3.88,267.3260,3.36,3
000528,柳工,2012-09-30,5,5414.7220,4.81,-619.0180,5.36,5
000529,广弘控股,2012-09-30,2,1211.5280,2.08,873.7980,0.58,1
000530,大冷股份,2012-09-30,2,1940.0650,5.54,0.0000,5.54,2
000531,穗恒运A,2012-09-30,4,854.6650,2.50,548.8990,0.89,2
000536,华映科技,2012-09-30,1,1202.1300,1.72,-581.5770,2.55,2
000537,广宇发展,2012-09-30,5,4349.1160,8.48,-2329.7340,13.03,7
000538,云南白药,2012-09-30,5,2844.1480,4.10,-229.5660,4.43,5
000539,粤电力A,2012-09-30,3,5045.6800,1.80,763.8200,1.53,3
000540,中天城投,2012-09-30,6,9236.3380,7.22,-707.9830,7.78,7
000543,皖能电力,2012-09-30,5,2447.7200,3.17,1112.3340,1.73,4
000544,中原环保,2012-09-30,1,53.0180,0.20,-0.6049,0.20,1
000547,闽福发A,2012-09-30,2,5036.3900,6.03,1009.1600,6.51,2
000550,江铃汽车,2012-09-30,2,3031.0660,3.51,-619.0550,4.23,3
000551,创元科技,2012-09-30,1,870.0000,2.17,-9.0000,2.20,1
000552,靖远煤电,2012-09-30,4,632.3071,3.55,-279.8346,5.13,5
000554,泰山石油,2012-09-30,1,550.1010,1.14,-971.1990,3.16,1
000558,莱茵置业,2012-09-30,3,897.5730,1.42,897.5730,0.00,0
000559,万向钱潮,2012-09-30,4,3737.1480,2.35,-106.6040,2.41,4
000560,昆百大A,2012-09-30,2,579.7740,3.52,-11.3000,3.59,2
000561,烽火电子,2012-09-30,2,1002.8160,1.68,0.0000,1.68,2
000562,宏源证券,2012-09-30,4,3249.6350,1.64,-13.9580,1.64,4
000563,陕国投A,2012-09-30,4,700.0810,1.21,-299.7190,1.73,5
000566,海南海药,2012-09-30,4,3834.4770,15.49,-1462.1650,21.39,8
000568,泸州老窖,2012-09-30,7,10709.8840,7.66,1447.7210,6.62,6
000571,新大洲A,2012-09-30,3,547.2970,0.74,182.2230,0.50,2
000573,粤宏远A,2012-09-30,1,573.1800,0.92,45.0220,0.85,1
000581,威孚高科,2012-09-30,5,5867.5110,8.63,358.5710,8.10,5
000584,友利控股,2012-09-30,2,1940.0920,4.74,-246.8780,5.35,2
000586,汇源通信,2012-09-30,1,119.5400,0.62,119.5400,0.00,0
000589,黔轮胎A,2012-09-30,1,136.5410,0.28,-258.0770,0.81,1
000590,紫光古汉,2012-09-30,2,560.3000,2.51,210.9100,1.72,1
000591,桐君阁,2012-09-30,1,401.9300,1.46,401.9300,0.00,0
000592,中福实业,2012-09-30,3,5006.4200,5.91,99.9900,5.79,3
000593,大通燃气,2012-09-30,1,66.0079,0.30,66.0079,0.00,0
000596,古井贡酒,2012-09-30,2,997.5570,1.98,-611.3740,3.19,3
000597,东北制药,2012-09-30,3,401.8080,1.20,143.1390,0.77,2
000598,兴蓉投资,2012-09-30,2,2614.5500,2.27,472.9270,1.86,2
000599,青岛双星,2012-09-30,1,578.3430,1.10,100.7300,0.91,1
000600,建投能源,2012-09-30,6,3269.7640,3.58,1001.5800,2.48,6
000601,韶能股份,2012-09-30,2,894.8220,0.97,-133.2950,1.11,2
000603,盛达矿业,2012-09-30,4,341.6699,0.68,113.9609,0.45,1
000608,阳光股份,2012-09-30,1,1126.8900,1.50,-100.0000,1.64,1
000610,西安旅游,2012-09-30,1,46.8695,0.24,46.8695,0.00,0
000612,焦作万方,2012-09-30,5,1645.2440,3.43,219.7649,2.97,5
000616,亿城股份,2012-09-30,3,7259.8300,6.09,-5535.2000,10.74,7
000617,*ST济柴,2012-09-30,1,344.5440,1.20,0.0000,1.20,1
000619,海螺型材,2012-09-30,1,252.5110,0.70,252.5110,0.00,0
000623,吉林敖东,2012-09-30,6,6479.6350,7.24,777.0830,6.38,5
000625,长安汽车,2012-09-30,5,15346.8500,3.29,-799.2400,3.46,4
000627,天茂集团,2012-09-30,4,1349.4500,1.00,-901.1280,1.66,3
000629,攀钢钒钛,2012-09-30,3,14912.2600,1.74,4894.5800,1.75,3
000630,铜陵有色,2012-09-30,8,6673.8600,4.69,194.8210,4.56,7
000631,顺发恒业,2012-09-30,1,270.7730,0.26,-1171.9160,1.38,3
000635,英力特,2012-09-30,4,1170.0820,3.86,312.7060,2.83,4
000639,西王食品,2012-09-30,3,576.0500,3.06,-315.7270,4.74,4
000650,仁和药业,2012-09-30,6,10477.1070,10.58,-2624.9980,13.86,8
000651,格力电器,2012-09-30,2,7916.9000,2.63,-3221.3300,3.70,3
000652,泰达股份,2012-09-30,5,5263.0000,3.57,990.7380,2.90,4
000656,金科股份,2012-09-30,6,3651.2030,3.15,-1601.6700,4.53,9
000659,珠海中富,2012-09-30,2,4126.7690,3.21,0.0000,3.21,2
000661,长春高新,2012-09-30,6,1586.9820,12.08,71.5290,11.54,6
000665,湖北广电,2012-09-30,5,1231.5880,6.94,-46.6000,7.20,5
000666,经纬纺机,2012-09-30,4,1241.5480,2.06,-562.9610,2.99,7
000669,金鸿能源,2012-09-30,9,1844.7600,19.94,231.3650,17.44,8
000671,阳光城,2012-09-30,7,4990.5040,9.31,730.0980,7.95,7
000679,大连友谊,2012-09-30,4,1250.8570,3.51,348.3350,2.53,1
000680,山推股份,2012-09-30,7,5855.3490,5.14,-212.7040,5.33,8
000682,东方电子,2012-09-30,2,503.6770,0.51,18.5260,0.50,2
000683,远兴能源,2012-09-30,1,236.2800,0.31,236.2800,0.00,0
000685,中山公用,2012-09-30,1,244.8550,0.31,244.8550,0.00,0
000686,东北证券,2012-09-30,3,1518.3380,1.55,-1169.8170,4.20,4
000690,宝新能源,2012-09-30,6,8585.1600,4.97,558.2120,4.65,7
000692,惠天热电,2012-09-30,1,74.0169,0.28,-196.9365,1.02,2
000697,炼石有色,2012-09-30,3,416.8234,0.87,212.9924,0.42,1
000698,沈阳化工,2012-09-30,1,142.3760,0.22,-220.9680,0.55,2
000700,模塑科技,2012-09-30,1,777.2020,2.51,0.0000,2.51,1
000705,浙江震元,2012-09-30,3,467.4180,3.73,166.1180,2.40,2
000708,大冶特钢,2012-09-30,3,1202.7180,2.68,-434.6960,3.64,3
000709,河北钢铁,2012-09-30,6,23355.4700,2.20,41.7800,2.20,6
000710,天兴仪表,2012-09-30,1,49.9971,0.33,0.0000,0.33,1
000712,锦龙股份,2012-09-30,2,866.7900,1.93,-151.6620,3.34,3
000713,丰乐种业,2012-09-30,1,64.3790,0.22,3.1800,0.20,1
000716,南方食品,2012-09-30,4,999.0250,5.60,-257.4730,7.05,5
000717,*ST韶钢,2012-09-30,2,601.5580,0.36,-478.0660,0.65,3
000718,苏宁环球,2012-09-30,5,18345.2300,8.98,117.8200,8.92,5
000721,西安饮食,2012-09-30,1,653.4600,3.28,-40.0603,3.48,2
000725,京东方A,2012-09-30,1,30930.9000,2.29,628.9000,2.24,1
000726,鲁泰A,2012-09-30,2,679.2600,0.67,-300.0000,0.97,3
000727,华东科技,2012-09-30,1,111.8500,0.31,-297.8380,1.14,1
000728,国元证券,2012-09-30,2,3300.0700,1.68,-121.7400,1.74,2
000729,燕京啤酒,2012-09-30,2,3105.7100,1.23,-641.3800,1.49,2
000731,四川美丰,2012-09-30,1,662.9410,1.32,499.0290,0.33,1
000732,泰禾集团,2012-09-30,4,1753.2860,1.72,-132.5420,1.85,5
000735,罗牛山,2012-09-30,1,270.8460,0.31,13.3600,0.29,1
000738,中航动控,2012-09-30,2,340.1220,0.36,-374.3890,0.76,2
000739,普洛药业,2012-09-30,4,1219.6550,4.75,950.5100,1.05,2
000748,长城信息,2012-09-30,1,124.0400,0.33,0.0000,0.33,1
000751,*ST锌业,2012-09-30,1,171.7890,0.15,13.7120,0.14,1
000758,中色股份,2012-09-30,5,2501.6270,3.26,335.5820,2.83,4
000759,中百集团,2012-09-30,4,6995.2410,10.27,-391.6690,10.85,4
000761,本钢板材,2012-09-30,1,4998.4500,1.59,-603.3500,1.79,1
000762,西藏矿业,2012-09-30,2,1146.9990,2.41,545.4900,1.26,1
000767,漳泽电力,2012-09-30,2,795.9930,0.60,600.5580,0.15,1
000768,中航飞机,2012-09-30,6,6505.0850,2.63,-593.3730,2.86,6
000778,新兴铸管,2012-09-30,6,8068.8980,4.21,-1843.9030,5.17,7
000779,三毛派神,2012-09-30,2,738.7790,3.96,-851.7900,8.53,4
000780,平庄能源,2012-09-30,8,5490.1050,5.41,258.1960,5.16,7
000783,长江证券,2012-09-30,1,3556.5600,1.50,-20.4200,1.51,1
000786,北新建材,2012-09-30,7,6480.2360,11.27,-378.3240,11.92,7
000788,北大医药,2012-09-30,4,2493.5240,4.18,-176.8940,4.48,5
000789,江西水泥,2012-09-30,6,2565.5060,6.48,64.2830,6.32,6
000792,盐湖股份,2012-09-30,2,1826.1400,1.15,-1895.9010,2.34,3
000793,华闻传媒,2012-09-30,3,3471.0970,2.55,379.2950,2.27,3
000797,中国武夷,2012-09-30,1,651.0540,1.67,39.3000,1.57,1
000798,中水渔业,2012-09-30,1,373.5410,1.17,250.4830,0.39,1
000799,酒鬼酒,2012-09-30,5,2058.9970,6.34,923.1560,3.50,3
000800,一汽轿车,2012-09-30,5,8372.6200,5.14,-1446.4680,6.03,6
000807,云铝股份,2012-09-30,5,1982.2890,1.29,-355.4290,1.52,4
000811,烟台冰轮,2012-09-30,6,4127.1380,10.46,-876.0730,12.68,7
000812,陕西金叶,2012-09-30,1,202.2250,0.45,-200.0000,0.90,1
000816,江淮动力,2012-09-30,1,5020.4700,4.61,-254.8210,4.85,2
000818,方大化工,2012-09-30,1,528.4480,0.78,0.0000,0.78,1
000822,山东海化,2012-09-30,1,225.3010,0.25,225.3010,0.00,0
000823,超声电子,2012-09-30,3,698.7730,1.59,254.2010,1.01,3
000825,太钢不锈,2012-09-30,3,8560.3900,1.50,-469.7800,1.59,4
000826,桑德环境,2012-09-30,9,4988.6220,10.01,-787.3840,11.60,9
000837,秦川发展,2012-09-30,2,1615.3900,4.63,-111.5200,4.95,2
000839,中信国安,2012-09-30,4,4459.3540,2.84,914.0830,2.26,3
000848,承德露露,2012-09-30,8,5742.4480,14.30,793.6670,13.56,8
000850,华茂股份,2012-09-30,1,750.0000,0.79,0.0000,0.79,1
000852,江钻股份,2012-09-30,3,155.3890,0.39,108.5389,0.12,1
000858,五粮液,2012-09-30,8,14020.9000,3.69,1712.6800,3.24,7
000860,顺鑫农业,2012-09-30,4,1617.8720,3.69,-302.5890,4.38,5
000861,海印股份,2012-09-30,7,3731.3790,7.58,154.9670,7.27,7
000869,张裕A,2012-09-30,1,458.5220,0.67,-100.4740,0.82,1
000875,吉电股份,2012-09-30,2,739.5980,0.88,504.7980,0.28,1
000876,新希望,2012-09-30,2,1291.1260,0.74,-1178.8360,1.42,3
000877,天山股份,2012-09-30,5,3024.2130,3.44,-1388.8750,5.01,6
000878,云南铜业,2012-09-30,2,1714.5410,1.21,-2175.8380,2.75,6
000880,潍柴重机,2012-09-30,2,309.0282,1.12,-136.4808,1.61,1
000882,华联股份,2012-09-30,1,1584.0000,1.48,264.0000,1.48,1
000883,湖北能源,2012-09-30,1,152.9700,0.06,152.9700,0.00,0
000885,同力水泥,2012-09-30,2,319.8080,0.97,-29.2990,1.06,2
000886,海南高速,2012-09-30,1,243.4390,0.25,12.0130,0.23,1
000887,中鼎股份,2012-09-30,7,7328.9820,12.30,66.3740,12.19,7
000888,峨眉山A,2012-09-30,6,3320.9410,14.12,-556.1570,16.49,8
000893,东凌粮油,2012-09-30,2,505.4600,2.28,-91.7780,2.69,2
000895,双汇发展,2012-09-30,4,2644.9030,2.40,11.5930,4.35,4
000897,津滨发展,2012-09-30,3,965.5800,0.60,323.8810,0.40,2
000898,*ST鞍钢,2012-09-30,4,6614.4600,0.91,-1175.2800,1.08,5
000900,现代投资,2012-09-30,1,128.9820,0.22,47.2414,0.20,1
000901,航天科技,2012-09-30,2,239.4390,0.96,0.0000,0.96,2
000903,云内动力,2012-09-30,2,307.1390,0.45,167.7320,0.20,1
000906,物产中拓,2012-09-30,2,418.5390,1.27,-10.0000,1.30,2
000909,数源科技,2012-09-30,1,54.3878,0.28,10.2070,0.23,1
000910,大亚科技,2012-09-30,2,2008.6770,3.81,58.7470,3.70,2
000911,南宁糖业,2012-09-30,3,844.1378,2.94,216.1943,2.19,4
000912,泸天化,2012-09-30,1,90.0167,0.15,90.0167,0.00,0
000915,山大华特,2012-09-30,8,3089.2710,17.14,54.4380,16.84,7
000917,电广传媒,2012-09-30,5,5876.1630,5.78,2730.4590,7.74,7
000918,嘉凯城,2012-09-30,3,4934.9290,2.74,422.2380,2.50,3
000919,金陵药业,2012-09-30,3,1495.8870,2.97,-664.0970,4.29,5
000923,河北宣工,2012-09-30,2,255.7930,1.29,-129.9990,1.95,2
000926,福星股份,2012-09-30,9,10521.5460,14.77,474.8550,14.10,9
000927,一汽夏利,2012-09-30,6,6070.6390,3.81,-1370.4870,4.66,6
000930,中粮生化,2012-09-30,2,5098.8100,5.29,1199.9800,4.04,2
000931,中关村,2012-09-30,1,145.3700,0.22,-164.7210,0.46,2
000932,华菱钢铁,2012-09-30,3,9530.5000,3.16,-338.8700,3.27,2
000933,神火股份,2012-09-30,4,7837.6200,4.12,-2706.0100,6.28,6
000935,四川双马,2012-09-30,2,126.8549,0.21,-1030.4241,1.88,5
000936,华西股份,2012-09-30,2,298.1460,0.40,-459.4810,1.01,2
000937,冀中能源,2012-09-30,7,5921.8690,2.56,-3240.8960,3.96,8
000939,凯迪电力,2012-09-30,2,5328.6800,5.65,-1340.0020,7.07,4
000949,新乡化纤,2012-09-30,1,211.8980,0.26,66.3440,0.18,1
000951,中国重汽,2012-09-30,6,1300.4502,3.10,-267.6640,3.74,7
000960,锡业股份,2012-09-30,5,3522.5920,3.89,-438.2110,4.37,6
000961,中南建设,2012-09-30,10,11422.5120,9.78,-438.2020,10.16,10
000962,东方钽业,2012-09-30,3,923.0520,2.09,487.8927,0.99,3
000963,华东医药,2012-09-30,7,4912.6540,11.32,-719.1280,12.97,8
000966,长源电力,2012-09-30,2,1438.5040,2.60,-344.4980,3.22,3
000967,上风高科,2012-09-30,1,97.0387,0.47,97.0387,0.00,0
000968,煤气化,2012-09-30,6,2046.4000,3.98,23.3720,3.94,4
000969,安泰科技,2012-09-30,4,2467.9420,2.86,-424.0640,3.35,5
000970,中科三环,2012-09-30,4,1878.6380,3.53,156.3510,3.23,4
000973,佛塑科技,2012-09-30,4,1732.1730,1.89,-1284.2810,3.28,5
000977,浪潮信息,2012-09-30,2,525.5930,2.44,-389.3650,4.26,2
000978,桂林旅游,2012-09-30,2,899.9880,2.50,-100.0000,2.78,2
000979,中弘股份,2012-09-30,2,5349.8700,5.29,329.5470,4.96,3
000982,中银绒业,2012-09-30,4,3102.6340,4.32,2068.8420,1.86,2
000983,西山煤电,2012-09-30,4,9326.4300,2.96,-419.8000,3.09,4
000987,广州友谊,2012-09-30,6,3732.9450,10.40,-233.6800,11.05,6
000988,华工科技,2012-09-30,2,4258.7000,4.78,2129.3500,4.78,2
000989,九芝堂,2012-09-30,7,4472.1020,15.03,1362.6630,10.45,6
000990,诚志股份,2012-09-30,1,126.5900,0.43,126.5900,0.00,0
000993,闽东电力,2012-09-30,1,566.0940,1.52,40.7950,1.41,1
000996,中国中期,2012-09-30,2,291.2000,1.27,19.9980,1.18,2
000997,新大陆,2012-09-30,1,109.9220,0.22,5.4310,0.20,1
000998,隆平高科,2012-09-30,5,3713.8620,8.93,-243.2130,9.52,5
000999,华润三九,2012-09-30,6,6437.6310,6.58,1148.7490,5.40,6
600408,安泰集团,2012-09-30,5,1103.2280,1.10,478.6220,0.62,3
600521,华海药业,2012-09-30,6,7553.2180,13.80,1392.2440,11.25,5
600460,士兰微,2012-09-30,1,1000.0000,1.15,0.0000,1.15,1
600575,芜湖港,2012-09-30,1,700.1820,0.58,0.0000,0.58,1
600375,华菱星马,2012-09-30,1,165.0900,0.41,-409.7820,1.42,3
600343,航天动力,2012-09-30,1,53.4405,0.22,53.4405,0.00,0
600502,安徽水利,2012-09-30,2,211.9750,0.63,-466.9780,2.03,4
600004,白云机场,2012-09-30,4,1782.8730,1.55,568.2540,1.06,3
600570,恒生电子,2012-09-30,7,12162.3300,19.50,906.1900,18.05,6
600392,盛和资源,2012-09-30,1,100.0000,0.64,-1994.6070,13.38,9
600584,长电科技,2012-09-30,2,439.6160,0.52,16.4850,0.50,2
600251,冠农股份,2012-09-30,3,1165.8570,3.22,-732.2010,5.24,4
600436,片仔癀,2012-09-30,3,430.8320,3.08,133.1730,2.13,2
600409,三友化工,2012-09-30,2,1018.4960,0.55,1018.4960,0.00,0
600433,冠豪高新,2012-09-30,2,633.9650,1.07,-1072.6000,2.87,3
600031,三一重工,2012-09-30,4,10050.5600,1.32,-14698.0700,3.26,7
600435,北方导航,2012-09-30,2,199.2690,0.27,1.3058,0.27,2
600439,瑞贝卡,2012-09-30,2,1533.8150,1.63,-399.9940,2.05,3
600271,航天信息,2012-09-30,4,8053.4470,8.72,-323.6840,9.07,5
600423,柳化股份,2012-09-30,1,1308.3100,3.28,-23.9800,3.34,1
600475,华光股份,2012-09-30,1,145.4090,0.57,0.0000,0.57,1
600425,青松建化,2012-09-30,3,1327.3680,1.93,323.7370,1.46,2
600546,山煤国际,2012-09-30,3,1163.0610,1.17,952.5910,0.21,1
600352,浙江龙盛,2012-09-30,1,1153.7100,0.79,133.7700,0.69,1
600485,中创信测,2012-09-30,2,533.7410,3.85,-150.4570,4.94,3
600020,中原高速,2012-09-30,1,259.7070,0.12,3.9500,0.11,1
600489,中金黄金,2012-09-30,2,3133.2500,1.06,-186.0140,1.69,4
600348,阳泉煤业,2012-09-30,8,6851.9270,2.85,431.3020,2.67,7
600487,亨通光电,2012-09-30,1,115.9110,0.56,-438.3538,2.68,4
600547,山东黄金,2012-09-30,5,3557.6330,2.50,459.6750,2.18,4
600449,宁夏建材,2012-09-30,5,1013.3978,2.12,-1151.7318,4.53,4
600432,吉恩镍业,2012-09-30,4,649.5490,0.80,-381.5990,1.27,5
600429,三元股份,2012-09-30,1,121.4470,0.14,121.4470,0.00,0
600507,方大特钢,2012-09-30,3,1259.0530,0.97,722.8910,0.41,2
600403,大有能源,2012-09-30,5,1728.3480,2.07,-678.0730,2.89,6
600517,置信电气,2012-09-30,3,3743.2530,6.05,-47.1010,6.13,4
600406,国电南瑞,2012-09-30,8,14956.4600,9.49,-4482.4900,12.34,8
600469,风神股份,2012-09-30,3,1420.2495,3.79,149.7895,3.39,2
600021,上海电力,2012-09-30,6,10188.2410,4.76,1889.9750,3.88,6
600527,江南高纤,2012-09-30,5,10472.1300,13.06,2353.0800,10.12,5
600545,新疆城建,2012-09-30,2,278.5720,0.41,-139.5940,0.62,2
600446,金证股份,2012-09-30,3,1482.5900,5.68,447.9270,3.96,3
600340,华夏幸福,2012-09-30,5,5117.2210,5.80,518.2930,5.21,6
600354,敦煌种业,2012-09-30,1,160.0000,0.36,-25.4190,0.41,1
600249,两面针,2012-09-30,1,150.7170,0.33,0.0000,0.33,1
000100,TCL集团,2012-09-30,5,39233.9300,4.63,470.8700,4.57,5
600387,海越股份,2012-09-30,2,1114.8910,2.89,190.8970,2.39,1
600325,华发股份,2012-09-30,5,8212.5270,10.05,-170.9530,10.26,5
600438,通威股份,2012-09-30,7,5810.9420,8.45,4170.1070,2.39,4
600470,六国化工,2012-09-30,1,98.7890,0.19,98.7890,0.00,0
600035,楚天高速,2012-09-30,1,2749.9800,2.95,-200.0000,3.17,2
600479,千金药业,2012-09-30,5,2654.5490,8.71,-164.0200,9.25,4
600284,浦东建设,2012-09-30,4,2712.3510,5.44,-1183.8990,7.82,5
600463,空港股份,2012-09-30,1,61.6916,0.24,61.6916,0.00,0
600594,益佰制药,2012-09-30,6,6554.7130,18.17,1385.5950,14.33,5
600543,莫高股份,2012-09-30,1,1021.0700,3.18,0.0000,3.18,1
600467,好当家,2012-09-30,6,3658.0920,5.01,872.8500,3.81,4
002181,粤传媒,2012-09-30,2,366.5340,0.53,-104.2700,0.68,3
600969,郴电国际,2012-09-30,6,2231.3210,10.61,-114.6180,11.16,7
600572,康恩贝,2012-09-30,8,5649.0690,8.03,2250.7910,4.83,6
600976,武汉健民,2012-09-30,5,1654.0600,10.78,-107.0620,11.48,5
600497,驰宏锌锗,2012-09-30,5,2523.3890,1.93,43.5490,1.89,4
600990,四创电子,2012-09-30,2,493.1298,4.19,443.1414,0.43,1
600993,马应龙,2012-09-30,6,3360.6240,10.14,1465.4330,5.72,4
600967,北方创业,2012-09-30,6,1820.3150,10.51,70.7770,10.10,6
600963,岳阳林纸,2012-09-30,2,2061.6650,2.45,-461.5660,2.99,3
600495,晋西车轴,2012-09-30,4,825.5570,2.73,-353.4280,3.90,3
600461,洪城水业,2012-09-30,1,347.5960,1.05,-10.6490,1.09,2
600997,开滦股份,2012-09-30,4,2484.4360,2.01,-721.9960,2.60,4
600975,新五丰,2012-09-30,1,64.6917,0.28,-37.8085,0.57,2
600995,文山电力,2012-09-30,4,2485.0010,5.19,0.0000,5.19,4
600420,现代制药,2012-09-30,4,1896.2360,6.59,75.3450,6.33,3
002001,新和成,2012-09-30,8,7508.2800,10.34,692.0320,9.39,7
002003,伟星股份,2012-09-30,2,854.6650,3.30,46.7540,3.12,2
600962,国投中鲁,2012-09-30,2,854.8220,3.26,317.9130,2.66,2
002004,华邦颖泰,2012-09-30,4,3231.1170,6.43,579.2670,7.92,4
002005,德豪润达,2012-09-30,4,2730.6180,2.34,2185.8790,0.47,1
600143,金发科技,2012-09-30,2,10876.9700,4.13,4106.6800,2.57,2
002006,精功科技,2012-09-30,5,2992.5220,6.57,1008.7550,4.36,2
002007,华兰生物,2012-09-30,4,3044.6760,5.28,427.5290,4.54,3
002008,大族激光,2012-09-30,5,4908.3250,4.70,1320.2450,3.44,4
600022,山东钢铁,2012-09-30,4,3116.9170,0.48,742.2860,0.37,3
002010,传化股份,2012-09-30,1,1246.6100,2.55,0.0000,2.55,1
002011,盾安环境,2012-09-30,2,902.3540,1.08,502.3690,0.48,1
002012,凯恩股份,2012-09-30,1,269.9940,1.15,-130.0060,1.71,1
002013,中航精机,2012-09-30,2,334.7370,1.19,-996.8050,4.72,6
002014,永新股份,2012-09-30,5,3689.4990,11.33,1592.5300,11.29,4
002016,世荣兆业,2012-09-30,3,641.2130,1.39,-387.9369,2.23,4
002017,东信和平,2012-09-30,4,747.8500,3.42,-354.5810,5.05,4
600482,风帆股份,2012-09-30,3,600.9967,1.30,142.0537,1.00,2
002020,京新药业,2012-09-30,2,665.1500,5.27,-111.0290,6.14,3
002022,科华生物,2012-09-30,4,4613.8440,9.37,1421.7400,6.48,3
002023,海特高新,2012-09-30,7,3982.4460,13.49,357.7610,12.28,6
002024,苏宁云商,2012-09-30,4,22773.7500,3.08,-7175.9800,4.28,5
002025,航天电器,2012-09-30,5,3035.9850,9.20,-673.8920,11.24,7
600983,合肥三洋,2012-09-30,6,1270.5988,2.38,47.0467,2.30,6
600973,宝胜股份,2012-09-30,1,447.1760,1.47,-33.4060,1.58,1
002027,七喜控股,2012-09-30,1,97.0311,0.32,97.0311,0.00,0
002028,思源电气,2012-09-30,5,3391.9790,7.71,-169.3490,8.10,5
002029,七匹狼,2012-09-30,8,8286.8400,16.45,1178.2370,14.15,8
600987,航民股份,2012-09-30,1,399.8280,0.94,399.8280,0.00,0
002030,达安基因,2012-09-30,1,232.0170,0.56,-9.4900,0.58,1
002031,巨轮股份,2012-09-30,3,415.0600,1.01,415.0600,0.00,0
600971,恒源煤电,2012-09-30,6,2612.2090,2.61,-619.9540,3.23,6
002032,苏泊尔,2012-09-30,5,2604.7730,4.10,536.6700,3.26,3
600978,宜华木业,2012-09-30,1,4187.5000,3.63,0.0000,3.63,1
002033,丽江旅游,2012-09-30,7,2030.4360,12.40,451.6220,9.64,5
002035,华帝股份,2012-09-30,1,130.0000,0.53,-313.2110,1.80,2
002036,宜科科技,2012-09-30,1,159.9990,0.79,-189.1707,1.73,2
600979,广安爱众,2012-09-30,1,175.2870,0.30,-191.0440,0.62,2
002037,久联发展,2012-09-30,7,2701.5890,13.20,313.9430,11.67,7
002038,双鹭药业,2012-09-30,4,1949.3980,5.12,-199.0020,5.64,5
600027,华电国际,2012-09-30,3,16517.0400,2.24,-2709.6100,2.84,4
002039,黔源电力,2012-09-30,1,300.0000,1.47,0.0000,1.47,1
600970,中材国际,2012-09-30,2,1067.0570,0.98,-6655.9300,7.06,7
002041,登海种业,2012-09-30,4,703.8740,2.00,175.6760,1.50,3
002042,华孚色纺,2012-09-30,1,961.6360,1.15,292.7110,0.80,1
002043,兔宝宝,2012-09-30,1,436.4900,0.93,-677.3040,2.37,3
002044,江苏三友,2012-09-30,2,560.9720,2.50,-330.4820,3.98,3
002045,国光电器,2012-09-30,1,275.8320,0.66,-515.5940,1.90,2
002046,轴研科技,2012-09-30,2,370.2800,1.33,180.0000,0.68,1
002048,宁波华翔,2012-09-30,1,377.1030,0.71,-387.5790,1.38,2
002049,同方国芯,2012-09-30,6,1622.4230,6.71,-77.9450,7.03,6
601588,北辰实业,2012-09-30,2,1899.7690,0.56,169.5580,0.51,2
002594,比亚迪,2012-09-30,1,1501.7300,0.64,1501.7300,0.00,0
601633,长城汽车,2012-09-30,8,8476.0050,2.79,2387.5550,2.00,6
601866,中海集运,2012-09-30,7,10286.5200,0.88,-4010.1200,1.22,8
601899,紫金矿业,2012-09-30,4,21967.4900,1.01,1376.4100,0.94,3
002672,东江环保,2012-09-30,9,928.7555,6.17,389.9290,3.58,7
002051,中工国际,2012-09-30,5,3257.4770,5.69,-445.2150,6.46,5
002052,同洲电子,2012-09-30,2,1813.9880,5.31,123.3100,4.95,3
002053,云南盐化,2012-09-30,1,142.2240,0.77,0.0000,0.77,1
601555,东吴证券,2012-09-30,5,2617.6830,1.31,1001.0910,0.81,4
601688,华泰证券,2012-09-30,1,3559.4200,0.64,-3999.6600,1.35,3
601788,光大证券,2012-09-30,1,1640.0600,0.48,-1134.1900,0.81,2
002673,西部证券,2012-09-30,3,434.1141,0.36,-182.8209,0.51,4
601166,兴业银行,2012-09-30,1,8645.9800,0.80,8645.9800,0.00,0
601998,中信银行,2012-09-30,1,3500.0000,0.07,3500.0000,0.00,0
601628,中国人寿,2012-09-30,3,7965.0600,0.28,3740.0000,0.15,2
601336,新华保险,2012-09-30,5,1612.4300,0.52,-1247.4930,0.92,8
600018,上港集团,2012-09-30,1,2207.7700,0.10,-38.1200,0.10,1
002110,三钢闽光,2012-09-30,2,485.5940,0.91,9.2020,0.89,2
002281,光迅科技,2012-09-30,2,182.0088,1.14,-256.9882,2.74,3
300205,天喻信息,2012-09-30,3,309.4890,2.16,249.4890,0.42,1
601857,中国石油,2012-09-30,5,15915.4400,0.09,2239.8300,0.07,4
002298,鑫龙电器,2012-09-30,1,204.2760,0.50,119.8204,0.21,1
002462,嘉事堂,2012-09-30,1,914.4810,3.81,666.5890,1.03,1
002106,莱宝高科,2012-09-30,5,4650.8820,7.75,-1583.8440,10.38,6
601600,中国铝业,2012-09-30,1,2583.6100,0.19,-82.1500,0.20,1
300077,国民技术,2012-09-30,1,344.3710,1.27,128.9100,0.79,1
601088,中国神华,2012-09-30,4,9563.2500,0.48,-3245.7600,0.64,6
300105,龙源技术,2012-09-30,8,1632.1540,5.72,-219.5670,6.49,9
002306,湘鄂情,2012-09-30,3,1559.9100,3.90,-347.3160,4.77,3
300026,红日药业,2012-09-30,9,1901.3470,8.39,-396.5790,10.14,10
002139,拓邦股份,2012-09-30,2,175.7574,0.80,89.7627,0.39,1
601333,广深铁路,2012-09-30,5,17876.5500,2.52,-2541.5200,2.88,5
002187,广百股份,2012-09-30,1,128.0820,0.37,0.0000,0.37,1
002230,科大讯飞,2012-09-30,5,3722.5540,9.85,162.6570,9.41,5
002167,东方锆业,2012-09-30,2,2759.4760,6.67,-254.4440,7.28,2
601107,四川成渝,2012-09-30,2,418.2460,0.14,-54.0920,0.15,3
002088,鲁阳股份,2012-09-30,3,1132.4309,4.84,179.6459,4.07,2
002643,烟台万润,2012-09-30,4,321.9672,2.34,73.7497,1.80,5
601126,四方股份,2012-09-30,3,938.9790,2.31,73.2370,2.13,2
002267,陕天然气,2012-09-30,1,192.2440,0.19,192.2440,0.00,0
002153,石基信息,2012-09-30,6,3924.4460,12.70,-22.2790,12.77,6
002331,皖通科技,2012-09-30,4,710.8973,5.31,476.0813,1.75,2
002063,远光软件,2012-09-30,7,8237.7560,18.64,-475.1280,19.72,7
002056,横店东磁,2012-09-30,5,1058.3140,2.58,-71.0160,2.75,5
002116,中国海诚,2012-09-30,5,947.0290,4.62,703.8424,1.19,3
002457,青龙管业,2012-09-30,4,2360.9320,7.05,837.2280,4.55,4
002338,奥普光电,2012-09-30,5,890.4070,7.42,-33.1600,7.70,5
002320,海峡股份,2012-09-30,2,899.7950,2.11,150.0000,1.76,1
002195,海隆软件,2012-09-30,3,390.4328,3.43,-152.1710,4.76,4
300167,迪威视讯,2012-09-30,2,449.3980,4.49,449.3980,0.00,0
601158,重庆水务,2012-09-30,6,2144.7880,0.45,-78.0160,0.46,6
601168,西部矿业,2012-09-30,2,2323.0380,0.97,-1391.4220,1.56,2
000338,潍柴动力,2012-09-30,4,5347.9420,2.67,558.4100,2.87,5
002261,拓维信息,2012-09-30,1,127.9170,0.45,-1227.8976,4.78,4
002140,东华科技,2012-09-30,6,3514.5790,7.88,-164.3860,8.25,6
002080,中材科技,2012-09-30,1,143.8990,0.36,-240.2570,0.96,2
601919,*ST远洋,2012-09-30,2,9203.4700,0.90,820.6000,0.82,2
002117,东港股份,2012-09-30,1,61.4293,0.24,-6.7368,0.27,1
300034,钢研高纳,2012-09-30,1,142.9960,0.67,-17.0377,0.75,2
601808,中海油服,2012-09-30,1,1265.4200,0.28,365.6600,0.20,1
002534,杭锅股份,2012-09-30,2,126.0223,0.31,-478.1288,1.51,4
002358,森源电气,2012-09-30,4,2767.8620,8.05,-136.7090,8.44,5
002347,泰尔重工,2012-09-30,2,55.2023,0.53,14.3106,0.39,2
002182,云海金属,2012-09-30,1,169.9930,0.59,169.9930,0.00,0
002430,杭氧股份,2012-09-30,6,4762.0770,5.86,-218.3830,6.13,6
002405,四维图新,2012-09-30,5,6119.7880,10.62,2627.1860,6.06,4
002176,江特电机,2012-09-30,1,260.0000,0.61,-347.9280,1.43,2
601001,大同煤业,2012-09-30,3,1466.0720,0.88,-625.7090,1.25,3
002316,键桥通讯,2012-09-30,2,564.3170,1.72,57.1960,2.32,3
002202,金风科技,2012-09-30,4,7518.2400,2.79,2161.4000,1.99,3
601965,中国汽研,2012-09-30,6,1966.0360,3.07,285.9390,2.62,7
002690,美亚光电,2012-09-30,6,1467.3080,7.34,1467.3080,0.00,0
002143,高金食品,2012-09-30,1,64.4974,0.31,64.4974,0.00,0
002694,顾地科技,2012-09-30,2,229.3000,1.59,229.3000,0.00,0
002054,德美化工,2012-09-30,1,405.9100,1.26,0.0000,1.26,1
002055,得润电子,2012-09-30,4,1782.6470,4.34,-2386.7860,10.16,5
002146,荣盛发展,2012-09-30,5,7406.2700,3.96,-2555.9800,5.35,6
002065,东华软件,2012-09-30,3,4892.8970,7.09,632.9770,8.03,3
600048,保利地产,2012-09-30,2,9424.0500,1.32,-3357.3500,1.79,3
601699,潞安环能,2012-09-30,4,8548.0900,3.71,-2455.7800,4.78,4
002089,新海宜,2012-09-30,6,4977.2240,11.75,32.9810,11.68,5
601010,文峰股份,2012-09-30,5,1861.3370,3.78,245.1790,3.28,5
002078,太阳纸业,2012-09-30,1,270.0000,0.27,-1952.1510,2.21,4
002091,江苏国泰,2012-09-30,2,357.1700,0.99,-581.5890,2.61,4
002096,南岭民爆,2012-09-30,3,854.3400,3.23,-260.1710,4.22,2
002064,华峰氨纶,2012-09-30,2,695.3250,0.94,289.5940,0.55,1
002073,软控股份,2012-09-30,5,5314.1800,7.16,-138.4300,7.34,4
002208,合肥城建,2012-09-30,2,157.6563,0.49,-0.5618,0.49,2
002079,苏州固锝,2012-09-30,2,577.1180,0.80,-246.7470,1.14,2
601666,平煤股份,2012-09-30,2,1104.7910,0.47,274.7810,0.35,1
002076,雪莱特,2012-09-30,1,66.9600,0.36,66.9600,0.00,0
002071,江苏宏宝,2012-09-30,1,94.9960,0.52,0.0000,0.52,1
002068,黑猫股份,2012-09-30,2,771.9230,1.61,-2267.5700,6.34,3
300180,华峰超纤,2012-09-30,1,339.2560,2.15,339.2560,0.00,0
300024,机器人,2012-09-30,2,843.3610,2.83,61.6780,2.63,2
300082,奥克股份,2012-09-30,1,171.7000,0.66,171.7000,0.00,0
002308,威创股份,2012-09-30,4,1347.5230,2.10,-29.9280,2.15,4
002396,星网锐捷,2012-09-30,5,1842.8690,5.25,581.4440,3.59,5
002362,汉王科技,2012-09-30,1,70.0000,0.33,38.6850,0.15,1
601898,中煤能源,2012-09-30,3,4082.4790,0.31,47.7190,0.30,3
002069,獐子岛,2012-09-30,2,1074.3200,1.51,-125.9940,1.69,2
601678,滨化股份,2012-09-30,3,749.7690,1.14,749.7690,0.00,0
601918,国投新集,2012-09-30,4,4029.4670,2.18,-145.3110,2.26,4
002461,珠江啤酒,2012-09-30,2,92.1108,0.14,2.0600,0.13,2
002081,金螳螂,2012-09-30,7,5301.5660,6.82,-1011.1840,8.12,6
002154,报喜鸟,2012-09-30,5,5680.6820,9.57,151.5220,9.31,5
002086,东方海洋,2012-09-30,2,1076.0350,4.41,-243.7110,5.41,4
600017,日照港,2012-09-30,1,5093.4100,1.66,-753.2600,1.90,1
300049,福瑞股份,2012-09-30,2,370.5230,2.96,114.9970,2.04,1
002386,天原集团,2012-09-30,1,500.0000,1.04,-20.0950,1.08,1
002092,中泰化学,2012-09-30,4,4465.7830,3.87,876.5870,3.11,3
002350,北京科锐,2012-09-30,5,984.7465,4.51,64.4170,4.22,5
002083,孚日股份,2012-09-30,1,516.8740,0.55,-482.8480,1.07,2
002520,日发精机,2012-09-30,1,39.3308,0.27,39.3308,0.00,0
002097,山河智能,2012-09-30,2,392.5640,0.95,66.6800,0.79,1
002093,国脉科技,2012-09-30,1,331.8230,0.38,-1054.7500,1.60,2
002099,海翔药业,2012-09-30,5,2255.5530,6.95,-1865.3410,12.76,6
002100,天康生物,2012-09-30,3,781.2640,2.65,229.0510,1.87,3
601101,昊华能源,2012-09-30,3,1652.2890,1.38,126.7010,1.53,4
002104,恒宝股份,2012-09-30,5,3300.6700,7.49,1045.8240,5.12,4
002108,沧州明珠,2012-09-30,3,603.2700,1.77,-61.8620,1.96,4
002109,兴化股份,2012-09-30,1,190.4960,0.53,-7.5200,0.55,1
601002,晋亿实业,2012-09-30,4,803.3870,1.09,128.8280,0.91,3
002111,威海广泰,2012-09-30,1,79.7400,0.26,0.0000,0.26,1
002121,科陆电子,2012-09-30,1,216.4920,0.55,216.4920,0.00,0
002115,三维通信,2012-09-30,2,1427.0900,4.17,106.5300,3.86,1
002113,天润控股,2012-09-30,1,100.0810,0.85,100.0810,0.00,0
002250,联化科技,2012-09-30,6,7254.6150,14.06,-99.7350,14.25,6
002216,三全食品,2012-09-30,1,310.9600,1.55,-123.3180,2.16,1
601003,柳钢股份,2012-09-30,2,2350.1350,0.92,-1226.3970,1.40,2
002123,荣信股份,2012-09-30,3,3421.3720,6.79,-1101.1460,8.97,4
002122,天马股份,2012-09-30,3,2200.3500,1.85,-552.6790,2.32,3
002129,中环股份,2012-09-30,3,5022.4300,6.93,1924.0500,4.28,2
002131,利欧股份,2012-09-30,1,142.3780,0.45,-497.0270,2.00,2
300303,聚飞光电,2012-09-30,3,80.9955,0.60,-259.0045,4.25,5
002232,启明信息,2012-09-30,1,172.8850,0.42,-3.0400,0.43,1
601118,海南橡胶,2012-09-30,1,848.4860,0.22,-2744.2220,0.91,5
601958,金钼股份,2012-09-30,3,1777.8100,0.55,-844.4200,0.81,4
002128,露天煤业,2012-09-30,3,1263.3940,0.95,-19.3030,0.97,3
300016,北陆药业,2012-09-30,6,1329.9430,8.71,619.9400,4.65,4
300271,华宇软件,2012-09-30,1,69.1538,0.47,69.1538,0.00,0
300318,博晖创新,2012-09-30,3,422.5727,4.13,257.9581,1.61,4
603993,洛阳钼业,2012-09-30,2,424.2910,0.08,424.2910,0.00,0
002138,顺络电子,2012-09-30,1,356.8880,1.14,14.8250,1.07,1
300295,三六五网,2012-09-30,7,501.2371,9.40,127.4672,7.01,7
002144,宏达高科,2012-09-30,2,304.0450,2.01,24.0490,1.85,2
002371,七星电子,2012-09-30,5,1587.4171,9.01,143.0509,9.50,5
002159,三特索道,2012-09-30,4,1595.1730,13.29,-54.6450,13.75,4
002148,北纬通信,2012-09-30,1,482.3570,4.25,0.0000,4.25,1
002152,广电运通,2012-09-30,6,5484.0850,8.81,-53.7730,8.89,6
002150,通润装备,2012-09-30,1,98.3436,0.39,98.3436,0.00,0
002296,辉煌科技,2012-09-30,2,668.2510,3.76,-433.6304,6.20,6
002149,西部材料,2012-09-30,1,100.0000,0.57,-200.0000,1.72,1
002157,正邦科技,2012-09-30,3,2322.6360,5.39,-3032.4220,12.42,5
002151,北斗星通,2012-09-30,1,64.9858,0.36,64.9858,0.00,0
002156,通富微电,2012-09-30,3,762.6160,1.17,-2495.5850,5.01,5
002155,辰州矿业,2012-09-30,6,4020.5140,5.25,65.1620,5.16,6
002254,泰和新材,2012-09-30,5,1635.1410,4.18,-966.2420,6.64,7
002169,智光电气,2012-09-30,1,168.6300,0.63,0.0000,0.63,1
002192,路翔股份,2012-09-30,1,360.0600,2.97,360.0600,0.00,0
002174,梅花伞,2012-09-30,1,49.1691,0.59,49.1691,0.00,0
002173,千足珍珠,2012-09-30,1,55.3800,0.27,55.3800,0.00,0
002328,新朋股份,2012-09-30,1,117.2580,0.26,-449.4650,1.26,2
002295,精艺股份,2012-09-30,1,189.9430,0.90,189.9430,0.00,0
002179,中航光电,2012-09-30,5,4218.7650,10.50,72.0870,10.32,5
002177,御银股份,2012-09-30,1,633.7810,1.08,-2017.7990,4.53,5
002288,超华科技,2012-09-30,2,292.1640,0.89,292.1640,0.00,0
002183,怡亚通,2012-09-30,2,895.0830,1.07,-1193.8800,2.50,4
002304,洋河股份,2012-09-30,2,895.7820,0.83,-493.4470,1.29,3
300161,华中数控,2012-09-30,1,90.0478,0.84,-57.9292,1.37,1
601390,中国中铁,2012-09-30,3,6556.2800,0.31,-347.0300,0.32,3
002191,劲嘉股份,2012-09-30,1,225.0620,0.35,-193.5980,0.65,2
002190,成飞集成,2012-09-30,1,209.9850,0.61,105.1860,0.30,1
002194,武汉凡谷,2012-09-30,1,68.4258,0.12,3.3721,0.12,1
300213,佳讯飞鸿,2012-09-30,1,306.7650,2.43,0.0000,2.43,1
002197,证通电子,2012-09-30,2,1547.9760,7.38,704.3350,4.02,3
300284,苏交科,2012-09-30,6,906.4447,3.78,-101.4037,4.20,6
002407,多氟多,2012-09-30,1,137.5360,0.62,137.5360,0.00,0
002436,兴森科技,2012-09-30,1,212.1340,0.95,-624.5170,3.75,3
002583,海能达,2012-09-30,5,1322.5860,4.76,-126.3070,5.21,6
002210,飞马国际,2012-09-30,1,66.4456,0.17,-66.6534,0.33,1
601999,出版传媒,2012-09-30,1,67.8141,0.12,3.3456,0.12,1
002454,松芝股份,2012-09-30,1,87.3813,0.28,87.3813,0.00,0
601139,深圳燃气,2012-09-30,2,878.4680,0.44,878.4680,0.00,0
002209,达意隆,2012-09-30,3,1421.1940,7.28,48.5720,7.03,3
601238,广汽集团,2012-09-30,2,410.1410,0.06,-2846.6560,0.51,5
002391,长青股份,2012-09-30,4,299.3416,1.45,119.2142,0.88,4
002397,梦洁家纺,2012-09-30,4,877.2187,5.80,-793.0250,11.05,5
601558,华锐风电,2012-09-30,5,1451.2210,0.36,138.0230,0.33,4
002212,南洋股份,2012-09-30,1,99.8822,0.20,99.8822,0.00,0
002215,诺普信,2012-09-30,1,740.4380,2.04,-221.6760,2.66,2
300229,拓尔思,2012-09-30,4,1089.4000,5.34,20.6880,5.24,3
002226,江南化工,2012-09-30,7,2708.6270,6.85,49.0772,6.72,8
002218,拓日新能,2012-09-30,1,180.9360,0.37,54.7210,0.26,1
601766,中国南车,2012-09-30,3,22548.1400,1.63,-14063.9900,2.65,5
002221,东华能源,2012-09-30,2,302.6190,1.35,-568.1900,3.87,3
002364,中恒电气,2012-09-30,5,569.8214,5.52,235.9618,3.24,4
002219,独一味,2012-09-30,3,1555.0880,3.62,232.5940,3.08,2
601186,中国铁建,2012-09-30,2,8783.8500,0.71,4709.9900,0.33,2
002273,水晶光电,2012-09-30,6,3432.8570,13.75,229.1950,12.83,6
002297,博云新材,2012-09-30,1,107.6560,0.50,-67.5180,0.82,1
002443,金洲管道,2012-09-30,2,203.6725,0.69,203.6725,0.00,0
002223,鱼跃医疗,2012-09-30,7,4164.4760,7.83,200.8370,7.46,7
002225,濮耐股份,2012-09-30,2,1194.1040,1.63,1194.1040,0.00,0
002228,合兴包装,2012-09-30,2,810.1270,2.33,0.0000,2.33,2
002244,滨江集团,2012-09-30,4,5823.9500,4.31,1587.3770,3.13,4
002237,恒邦股份,2012-09-30,1,135.5360,0.30,-19.4648,0.68,2
002235,安妮股份,2012-09-30,1,247.5390,1.27,-1059.2412,6.70,5
002249,大洋电机,2012-09-30,2,3030.1770,4.23,-1857.7480,6.83,4
002233,塔牌集团,2012-09-30,5,1799.3800,2.01,-499.7270,2.57,5
002243,通产丽星,2012-09-30,4,1346.0840,5.22,-120.3640,5.68,3
002236,大华股份,2012-09-30,7,5285.1240,9.47,866.4630,7.92,6
002252,上海莱士,2012-09-30,1,121.7640,0.25,50.4608,0.15,1
002238,天威视讯,2012-09-30,4,858.5820,2.68,-298.7250,3.61,4
002247,帝龙新材,2012-09-30,1,28.4703,0.28,28.4703,0.00,0
002372,伟星新材,2012-09-30,2,75.8305,0.30,-484.0307,2.21,3
002241,歌尔声学,2012-09-30,5,5096.8220,6.01,-329.7080,6.40,6
002242,九阳股份,2012-09-30,2,412.6420,0.54,-208.6960,0.82,3
601777,力帆股份,2012-09-30,2,248.7460,0.26,-25.6700,0.29,2
002251,步步高,2012-09-30,3,1387.6790,5.13,-44.9700,5.30,3
002450,康得新,2012-09-30,7,7148.9480,11.54,629.0560,10.52,5
002255,海陆重工,2012-09-30,3,1466.1700,5.68,261.5440,4.67,2
002262,恩华药业,2012-09-30,2,566.6000,2.42,271.1710,1.26,1
601268,*ST二重,2012-09-30,5,743.2530,0.44,-99.7020,0.50,4
002259,升达林业,2012-09-30,1,200.0000,0.31,200.0000,0.00,0
002264,新华都,2012-09-30,1,180.0000,0.33,-1422.3370,2.99,4
002419,天虹商场,2012-09-30,6,1623.6280,2.03,-569.1110,2.74,7
300028,金亚科技,2012-09-30,1,93.3381,0.35,93.3381,0.00,0
002342,巨力索具,2012-09-30,1,929.8580,0.97,929.8580,0.00,0
300054,鼎龙股份,2012-09-30,4,774.5228,5.69,25.6298,5.55,4
300011,鼎汉技术,2012-09-30,1,49.9951,0.32,22.8809,0.18,1
601668,中国建筑,2012-09-30,2,42100.0000,1.40,-3400.0000,1.52,2
002271,东方雨虹,2012-09-30,4,2335.5260,6.80,646.2010,4.92,4
002268,卫士通,2012-09-30,1,236.9940,1.37,47.0000,1.10,1
002446,盛路通信,2012-09-30,1,28.3373,0.21,28.3373,0.00,0
002269,美邦服饰,2012-09-30,7,5044.9130,5.02,585.4050,4.44,6
002270,法因数控,2012-09-30,1,73.2832,0.39,73.2832,0.00,0
300079,数码视讯,2012-09-30,5,2678.6140,7.97,34.1120,7.87,5
002601,佰利联,2012-09-30,1,46.9450,0.25,26.9534,0.21,1
300233,金城医药,2012-09-30,3,380.1241,3.14,380.1241,0.00,0
300115,长盈精密,2012-09-30,6,1280.1080,4.96,153.5860,4.37,4
002266,浙富股份,2012-09-30,7,8612.1170,14.39,-900.1430,15.89,7
300015,爱尔眼科,2012-09-30,7,3006.9650,7.04,-37.2350,7.13,8
002299,圣农发展,2012-09-30,2,2556.7900,2.81,556.7900,2.20,1
002344,海宁皮城,2012-09-30,6,3183.3290,5.68,-491.3700,6.56,6
300036,超图软件,2012-09-30,5,1045.6620,8.71,51.6970,8.28,5
002277,友阿股份,2012-09-30,6,4339.1560,7.77,1642.2630,7.72,6
300002,神州泰岳,2012-09-30,6,468.2822,1.23,155.5151,0.82,4
601233,桐昆股份,2012-09-30,3,491.1440,0.51,198.6720,0.30,2
002278,神开股份,2012-09-30,1,170.1350,0.65,-55.0290,0.86,2
002280,新世纪,2012-09-30,1,50.6718,0.47,-5.9053,0.53,2
002285,世联地产,2012-09-30,5,2137.6840,6.55,231.7910,5.84,6
300070,碧水源,2012-09-30,7,4813.9720,8.76,242.9630,8.31,7
002291,星期六,2012-09-30,3,1833.4510,5.05,0.0000,5.05,3
002292,奥飞动漫,2012-09-30,7,2515.8240,6.14,2008.6222,1.24,5
002293,罗莱家纺,2012-09-30,6,1030.5580,7.34,-121.6665,8.21,8
002294,信立泰,2012-09-30,5,1006.8470,2.31,-202.3810,2.77,6
601299,中国北车,2012-09-30,6,25232.6200,2.45,277.3300,2.42,6
601117,中国化学,2012-09-30,8,20237.7400,4.10,-4789.9900,5.07,8
300200,高盟新材,2012-09-30,1,83.4782,0.78,83.4782,0.00,0
300038,梅泰诺,2012-09-30,3,586.3529,4.27,535.6651,0.37,1
002642,荣之联,2012-09-30,1,99.9875,0.50,99.9875,0.00,0
002683,宏大爆破,2012-09-30,2,183.1208,0.84,-677.6495,3.93,7
300072,三聚环保,2012-09-30,5,5878.5400,15.11,1021.4060,12.48,5
300344,太空板业,2012-09-30,8,489.8792,4.87,489.8792,0.00,0
601618,中国中冶,2012-09-30,2,4555.5700,0.24,-2990.7400,0.39,3
601798,蓝科高新,2012-09-30,1,66.7601,0.21,-335.1419,1.26,2
002496,辉丰股份,2012-09-30,3,407.3500,2.49,407.3500,0.00,0
300353,东土科技,2012-09-30,1,44.0000,0.82,44.0000,0.00,0
002556,辉隆股份,2012-09-30,2,1565.1180,3.27,87.4280,3.09,2
002431,棕榈园林,2012-09-30,5,2363.5760,6.16,1096.5740,3.30,3
300075,数字政通,2012-09-30,7,936.3531,11.15,242.8575,8.26,6
002412,汉森制药,2012-09-30,5,325.7954,2.20,283.5239,0.29,1
300171,东富龙,2012-09-30,7,1948.9010,9.37,200.2940,8.41,8
002422,科伦药业,2012-09-30,4,3875.4340,8.07,-207.0110,8.51,5
300058,蓝色光标,2012-09-30,7,3955.4470,9.97,-172.3950,10.40,7
300285,国瓷材料,2012-09-30,7,468.6986,7.51,306.0742,2.61,5
002582,好想你,2012-09-30,3,521.1682,3.53,443.4034,0.53,2
002415,海康威视,2012-09-30,5,6591.1700,3.28,97.3200,3.25,5
601996,丰林集团,2012-09-30,2,427.7150,0.91,-163.2410,1.26,2
601888,中国国旅,2012-09-30,6,2617.4660,2.97,-1609.0050,4.80,9
002489,浙江永强,2012-09-30,3,136.0429,0.28,-23.7863,0.33,3
002301,齐心文具,2012-09-30,1,245.7520,0.64,195.3630,0.26,1
601989,中国重工,2012-09-30,3,20544.0300,1.40,5732.5300,1.01,2
002365,永安药业,2012-09-30,1,55.0417,0.29,22.5964,0.17,1
002315,焦点科技,2012-09-30,2,143.0786,1.22,20.8296,1.04,1
002303,美盈森,2012-09-30,3,840.6580,4.70,-41.3224,4.93,4
300264,佳创视讯,2012-09-30,1,70.9239,0.46,-315.4771,2.53,2
300021,大禹节水,2012-09-30,2,90.3502,0.32,-158.1629,0.89,3
300012,华测检测,2012-09-30,3,397.8513,2.16,-328.2585,3.95,4
300007,汉威电子,2012-09-30,3,556.7320,4.72,259.3240,2.52,2
300064,豫金刚石,2012-09-30,4,2212.6030,3.64,801.4580,2.32,2
300023,宝德股份,2012-09-30,1,20.0000,0.22,0.0000,0.22,1
300044,赛为智能,2012-09-30,4,723.8598,7.24,23.7898,7.00,3
300047,天源迪科,2012-09-30,6,1007.3028,6.42,629.3382,2.41,4
300032,金龙机电,2012-09-30,5,646.3732,4.53,43.6136,4.22,4
300033,同花顺,2012-09-30,1,177.1110,1.32,0.0000,1.32,1
300037,新宙邦,2012-09-30,3,354.2299,2.07,296.8523,0.34,2
300031,宝通带业,2012-09-30,1,125.9300,0.84,-102.0700,1.52,1
300101,国腾电子,2012-09-30,3,1939.3870,6.98,390.2650,5.57,2
300022,吉峰农机,2012-09-30,1,121.5380,0.34,-338.4240,1.29,2
300071,华谊嘉信,2012-09-30,1,77.2933,0.50,-22.5862,0.64,3
300005,探路者,2012-09-30,8,5683.3370,16.12,1002.7930,13.43,7
300045,华力创通,2012-09-30,2,310.0942,1.16,310.0942,0.00,0
300027,华谊兄弟,2012-09-30,7,5145.0210,8.51,-777.0240,9.79,7
300010,立思辰,2012-09-30,3,1260.6750,4.83,-1449.1320,11.45,5
300117,嘉寓股份,2012-09-30,2,430.3862,1.98,-89.4298,2.39,2
300006,莱美药业,2012-09-30,7,2118.4330,11.58,-80.1830,12.01,8
300008,上海佳豪,2012-09-30,2,134.6718,0.62,134.6718,0.00,0
300053,欧比特,2012-09-30,1,90.4244,0.45,-104.9996,0.98,1
300238,冠昊生物,2012-09-30,1,170.3540,1.39,170.3540,0.00,0
300035,中科电气,2012-09-30,1,153.2880,1.28,-155.4720,2.57,1
300041,回天胶业,2012-09-30,2,240.0660,2.27,-71.3490,2.95,2
300001,特锐德,2012-09-30,1,52.8691,0.26,52.8691,0.00,0
300321,同大股份,2012-09-30,1,22.8530,0.51,22.8530,0.00,0
002591,恒大高新,2012-09-30,1,19.5684,0.20,-26.5198,0.46,1
300009,安科生物,2012-09-30,3,892.6780,4.72,892.6780,0.00,0
300087,荃银高科,2012-09-30,2,186.9538,1.77,8.0570,1.69,2
300142,沃森生物,2012-09-30,3,584.4917,3.21,295.4917,1.61,1
002310,东方园林,2012-09-30,9,2747.2730,9.12,-174.3550,9.70,10
002309,中利科技,2012-09-30,5,3220.9820,6.70,560.6250,5.54,4
002311,海大集团,2012-09-30,5,5620.9060,7.42,-760.8190,8.43,6
002312,三泰电子,2012-09-30,1,436.9900,2.35,42.3490,2.12,1
300127,银河磁体,2012-09-30,4,413.7300,2.56,-275.1546,4.26,7
002313,日海通讯,2012-09-30,3,666.2990,2.78,-300.8210,4.84,3
002400,省广股份,2012-09-30,9,3697.3440,19.18,520.2750,16.48,8
002568,百润股份,2012-09-30,1,50.9702,0.32,-10.5285,0.77,2
601799,星宇股份,2012-09-30,4,980.4800,4.09,-283.0120,5.27,6
002327,富安娜,2012-09-30,8,1538.2875,9.57,-127.1494,10.36,8
002318,久立特材,2012-09-30,1,149.8810,0.48,149.8810,0.00,0
002317,众生药业,2012-09-30,8,1533.9290,8.52,1077.2669,2.54,4
002474,榕基软件,2012-09-30,4,839.1570,4.05,-462.4080,6.28,8
002321,华英农业,2012-09-30,1,200.9790,0.68,-124.1400,1.11,2
002325,洪涛股份,2012-09-30,9,6832.4400,14.84,976.7350,12.72,8
300004,南风股份,2012-09-30,2,769.0550,4.09,-226.1060,5.29,3
300013,新宁物流,2012-09-30,1,17.2300,0.19,-392.5280,4.55,2
601801,皖新传媒,2012-09-30,2,339.2520,0.37,339.2520,0.00,0
601877,正泰电器,2012-09-30,3,4002.2560,3.98,391.0990,3.59,3
300017,网宿科技,2012-09-30,5,1256.9590,8.15,248.9385,6.54,6
300019,硅宝科技,2012-09-30,2,67.8135,0.66,31.6712,0.35,1
300020,银江股份,2012-09-30,6,1463.7620,6.10,634.6810,3.45,3
300025,华星创业,2012-09-30,5,1163.1360,7.46,-530.1652,10.85,8
002385,大北农,2012-09-30,6,5036.3430,6.28,1502.1040,4.41,5
002335,科华恒盛,2012-09-30,2,134.0401,0.60,-18.7084,0.68,2
002340,格林美,2012-09-30,4,859.3400,1.48,-163.9860,1.77,4
002339,积成电子,2012-09-30,1,246.4670,1.43,246.4670,0.00,0
002341,新纶科技,2012-09-30,4,2779.6910,9.49,631.6790,7.34,4
002538,司尔特,2012-09-30,1,425.5770,1.44,234.5550,0.65,2
002345,潮宏基,2012-09-30,6,1431.4860,7.95,-93.9430,8.47,6
002381,双箭股份,2012-09-30,1,24.0902,0.21,0.5754,0.20,1
601258,庞大集团,2012-09-30,4,1871.1160,0.71,643.5110,0.47,4
002492,恒基达鑫,2012-09-30,1,169.9990,1.42,69.9990,0.83,1
300335,迪森股份,2012-09-30,7,825.7950,5.92,825.7950,0.00,0
002351,漫步者,2012-09-30,1,41.3699,0.14,41.3699,0.00,0
002354,科冕木业,2012-09-30,1,13.7384,0.15,-1.4450,0.16,1
300029,天龙光电,2012-09-30,3,573.4410,2.87,-449.6310,5.12,3
002353,杰瑞股份,2012-09-30,7,2522.1370,5.49,-71.5710,5.65,5
300103,达刚路机,2012-09-30,2,120.0812,0.57,-196.2018,1.49,2
300247,桑乐金,2012-09-30,1,51.4809,0.63,51.4809,0.00,0
002549,凯美特气,2012-09-30,4,1180.6133,6.56,8.2744,6.51,4
002375,亚厦股份,2012-09-30,10,7859.1240,12.42,-922.6330,13.87,10
002369,卓翼科技,2012-09-30,3,650.2420,2.71,-156.1840,4.03,4
300039,上海凯宝,2012-09-30,5,1925.8300,7.32,777.8040,4.36,3
002368,太极股份,2012-09-30,4,1965.9200,8.29,-350.3090,9.77,6
300048,合康变频,2012-09-30,2,789.3930,2.33,42.8300,2.21,3
002566,益盛药业,2012-09-30,1,740.9670,3.36,740.9670,0.00,0
002376,新北洋,2012-09-30,5,2512.6640,8.38,-103.9750,8.72,5
601106,中国一重,2012-09-30,3,3403.7300,0.52,-2079.1400,0.84,4
300043,星辉车模,2012-09-30,7,2203.5450,13.91,-17.5100,14.02,7
300046,台基股份,2012-09-30,3,188.5639,1.33,53.0551,0.95,2
300050,世纪鼎利,2012-09-30,1,599.3030,2.77,269.6640,1.53,1
002378,章源钨业,2012-09-30,6,865.6284,2.02,-599.4210,3.42,6
002383,合众思壮,2012-09-30,1,17.2841,0.09,0.8504,0.09,1
002421,达实智能,2012-09-30,6,1299.3360,12.45,873.3120,4.08,3
002630,华西能源,2012-09-30,8,1074.3674,6.43,979.4615,0.57,1
002384,东山精密,2012-09-30,4,1544.0270,4.02,904.3760,1.67,3
300056,三维丝,2012-09-30,1,57.4540,0.61,11.2074,0.49,1
300055,万邦达,2012-09-30,4,512.2994,2.24,16.9968,2.16,3
300057,万顺股份,2012-09-30,1,192.6150,0.46,-180.7620,0.88,2
002387,黑牛食品,2012-09-30,2,318.3460,1.01,-106.4120,1.35,3
002395,双象股份,2012-09-30,1,30.4417,0.34,-2.1195,0.36,1
002389,南洋科技,2012-09-30,1,23.3556,0.09,-63.5424,0.35,1
002398,建研集团,2012-09-30,8,1347.2319,6.64,359.6918,6.33,6
002390,信邦制药,2012-09-30,3,234.1127,1.35,186.1225,0.28,1
601669,中国水电,2012-09-30,3,21159.3900,2.20,-7062.8500,2.94,5
002399,海普瑞,2012-09-30,5,335.9516,0.42,-34.3724,0.46,5
002410,广联达,2012-09-30,8,4454.2840,11.00,1520.7580,7.24,8
002408,齐翔腾达,2012-09-30,3,1065.8080,1.90,273.0660,1.41,3
002476,宝莫股份,2012-09-30,1,36.7400,0.10,36.7400,0.00,0
601518,吉林高速,2012-09-30,1,129.8960,0.11,5.3540,0.10,1
300059,东方财富,2012-09-30,2,997.4370,2.97,-1500.6480,7.43,3
002439,启明星辰,2012-09-30,5,1787.4990,8.61,522.1900,6.41,3
002414,高德红外,2012-09-30,4,770.7374,2.57,244.3176,1.75,4
002413,常发股份,2012-09-30,1,70.3131,0.32,70.3131,0.00,0
300098,高新兴,2012-09-30,1,69.3840,0.39,-20.6112,0.51,1
300062,中能电气,2012-09-30,8,1096.0975,7.08,257.8334,5.44,7
002580,圣阳股份,2012-09-30,1,40.2399,0.37,40.2399,0.00,0
002433,太安堂,2012-09-30,2,96.2815,0.96,96.2815,0.00,0
601018,宁波港,2012-09-30,1,1859.5400,0.15,-166.7400,0.16,1
002465,海格通信,2012-09-30,3,269.9747,0.81,-347.9808,1.86,6
300063,天龙集团,2012-09-30,1,33.0095,0.33,-0.8312,0.34,1
300068,南都电源,2012-09-30,1,190.2190,0.64,190.2190,0.00,0
601369,陕鼓动力,2012-09-30,4,3328.5030,2.03,-356.5710,2.25,5
002573,国电清新,2012-09-30,5,2608.1770,8.81,689.8930,6.48,4
002428,云南锗业,2012-09-30,3,744.6080,2.28,-385.5410,3.46,4
002442,龙星化工,2012-09-30,1,61.8859,0.13,61.8859,0.00,0
002424,贵州百灵,2012-09-30,2,843.4235,1.79,-221.0023,2.26,2
002456,欧菲光,2012-09-30,8,2832.4200,14.75,731.7390,10.94,6
002447,壹桥苗业,2012-09-30,2,427.0500,3.19,427.0500,0.00,0
002429,兆驰股份,2012-09-30,4,4799.7000,6.77,113.6300,6.61,4
300067,安诺其,2012-09-30,1,79.7839,0.50,79.7839,0.00,0
002440,闰土股份,2012-09-30,2,560.0920,1.46,305.3780,0.66,1
002437,誉衡药业,2012-09-30,6,2004.8950,7.16,904.8950,3.93,1
300083,劲胜股份,2012-09-30,4,659.4770,3.30,-256.8430,4.58,6
300078,中瑞思创,2012-09-30,2,129.0853,0.77,129.0853,0.00,0
300074,华平股份,2012-09-30,2,582.7720,5.83,-135.6071,7.18,4
601012,隆基股份,2012-09-30,2,860.0630,1.60,407.6992,0.84,3
002441,众业达,2012-09-30,1,357.1660,1.54,-352.3474,3.06,4
002469,三维工程,2012-09-30,4,869.8640,5.15,869.8640,0.00,0
002444,巨星科技,2012-09-30,4,511.1125,1.01,-479.7255,1.95,3
002445,中南重工,2012-09-30,1,959.2400,3.80,-48.0700,3.99,1
300086,康芝药业,2012-09-30,2,311.8720,1.56,-166.8394,2.39,3
002449,国星光电,2012-09-30,1,244.1360,0.57,-214.0630,1.07,1
002458,益生股份,2012-09-30,4,585.1340,2.08,-507.0550,3.89,6
300088,长信科技,2012-09-30,6,3259.8430,9.99,314.0110,9.03,6
300090,盛运股份,2012-09-30,6,2547.4350,9.98,-185.1580,10.70,7
300096,易联众,2012-09-30,4,1023.6999,5.95,110.3719,5.31,4
002453,天马精化,2012-09-30,1,215.0000,0.90,-114.0000,2.74,1
002460,赣锋锂业,2012-09-30,2,348.1750,2.32,-375.1274,4.82,3
601717,郑煤机,2012-09-30,2,3153.9500,2.25,579.8900,1.84,2
300179,四方达,2012-09-30,1,100.0000,0.83,-703.5140,6.70,4
300097,智云股份,2012-09-30,1,60.4767,1.01,60.4767,0.00,0
300099,尤洛卡,2012-09-30,6,575.4633,5.57,-143.2432,6.95,7
601718,际华集团,2012-09-30,5,13096.0570,3.40,-791.8910,3.60,5
300253,卫宁软件,2012-09-30,6,1482.5500,13.86,466.6482,9.49,7
300094,国联水产,2012-09-30,1,110.8930,0.32,-29.2480,0.40,1
300124,汇川技术,2012-09-30,8,2819.4990,7.25,-1201.0490,10.34,10
300089,长城集团,2012-09-30,2,638.0690,4.25,-123.4350,5.08,2
300152,燃控科技,2012-09-30,2,302.6160,1.26,28.6174,1.15,3
002663,普邦园林,2012-09-30,6,785.4780,2.81,235.4980,3.15,6
300245,天玑科技,2012-09-30,1,52.7000,0.39,-85.5911,2.06,3
601208,东材科技,2012-09-30,2,1712.9870,2.78,90.0030,2.64,2
002655,共达电声,2012-09-30,7,646.7936,5.39,-85.6552,6.10,6
300100,双林股份,2012-09-30,1,121.3650,0.87,-149.9269,1.93,3
002484,江海股份,2012-09-30,2,262.4090,1.26,-457.0800,3.46,5
300126,锐奇股份,2012-09-30,3,474.3245,3.13,-318.8431,5.23,3
300104,乐视网,2012-09-30,2,1202.8780,2.88,-107.4750,3.13,3
300110,华仁药业,2012-09-30,3,503.8880,2.31,56.7219,2.05,5
300173,松德股份,2012-09-30,1,63.2294,0.56,24.2294,0.34,1
002470,金正大,2012-09-30,8,2735.2070,3.91,609.8880,3.04,7
300305,裕兴股份,2012-09-30,3,46.0124,0.58,-243.8704,3.62,6
300107,建新股份,2012-09-30,1,300.0000,2.24,27.6870,2.04,2
300113,顺网科技,2012-09-30,5,1076.5450,8.16,-78.9561,8.75,7
300129,泰胜风能,2012-09-30,2,154.1609,0.48,154.1609,0.00,0
300133,华策影视,2012-09-30,9,3096.2030,8.06,562.0690,6.60,7
300156,天立环保,2012-09-30,4,900.8686,3.12,-116.3744,3.52,6
002473,圣莱达,2012-09-30,1,17.5713,0.11,17.5713,0.00,0
002530,丰东股份,2012-09-30,1,170.4140,0.64,-3.8300,0.65,1
002595,豪迈科技,2012-09-30,2,634.9900,3.17,-884.4007,7.60,6
002475,立讯精密,2012-09-30,10,3915.4100,10.73,1405.9500,6.88,8
601886,江河创建,2012-09-30,5,4606.3790,8.23,1691.0510,5.21,5
300128,锦富新材,2012-09-30,7,1107.3780,5.42,169.9472,4.69,9
601098,中南传媒,2012-09-30,3,2696.6880,1.50,-851.2520,1.98,4
002477,雏鹰农牧,2012-09-30,7,5190.5580,9.72,489.3770,8.80,6
002479,富春环保,2012-09-30,1,52.6862,0.12,2.5967,0.12,1
002480,新筑股份,2012-09-30,2,529.7370,1.89,139.1480,1.39,1
002481,双塔食品,2012-09-30,5,2198.1510,10.18,651.1980,7.16,4
300121,阳谷华泰,2012-09-30,1,134.9980,1.25,0.0080,1.25,1
300119,瑞普生物,2012-09-30,4,772.5440,4.01,334.7090,2.27,2
300125,易世达,2012-09-30,1,57.6140,0.49,22.6140,0.30,1
002486,嘉麟杰,2012-09-30,1,100.0000,0.48,0.0000,0.48,1
002482,广田股份,2012-09-30,10,4758.8470,9.29,865.4700,7.60,10
002485,希努尔,2012-09-30,3,1993.7360,6.23,-740.0360,8.54,7
300138,晨光生物,2012-09-30,1,689.9720,3.84,69.1950,3.46,1
002521,齐峰新材,2012-09-30,3,997.4520,4.84,573.3150,2.06,2
300122,智飞生物,2012-09-30,5,775.5163,1.94,-123.5567,2.25,7
300123,太阳鸟,2012-09-30,2,411.6770,2.96,258.8244,1.10,2
600998,九州通,2012-09-30,4,5446.6680,3.83,884.1080,3.21,5
002491,通鼎光电,2012-09-30,1,49.9933,0.19,-340.3087,1.46,1
002493,荣盛石化,2012-09-30,4,356.7376,0.32,-16.1893,0.34,4
002483,润邦股份,2012-09-30,1,159.1900,0.44,34.0950,0.35,1
300329,海伦钢琴,2012-09-30,2,120.0000,1.79,-72.3000,2.87,3
002497,雅化集团,2012-09-30,5,1207.2890,3.77,24.4868,3.70,6
300134,大富科技,2012-09-30,3,858.9610,2.68,266.9500,1.85,4
300130,新国都,2012-09-30,1,170.0000,1.49,170.0000,0.00,0
002498,汉缆股份,2012-09-30,2,91.5857,0.13,49.7268,0.06,1
300132,青松股份,2012-09-30,5,807.4471,6.70,143.1131,5.51,3
300136,信维通信,2012-09-30,3,718.0430,5.39,-283.6440,7.51,5
601339,百隆东方,2012-09-30,3,506.1600,0.67,-364.8090,1.16,4
002567,唐人神,2012-09-30,8,2862.6970,10.37,1593.1650,4.60,5
603123,翠微股份,2012-09-30,3,235.0640,0.76,235.0640,0.00,0
002697,红旗连锁,2012-09-30,1,442.9760,2.21,442.9760,0.00,0
601928,凤凰传媒,2012-09-30,3,2803.5490,1.10,-1629.5320,1.74,5
002501,利源铝业,2012-09-30,7,1515.5420,8.10,948.9000,3.03,3
002502,骅威股份,2012-09-30,1,20.0000,0.14,20.0000,0.00,0
300141,和顺电气,2012-09-30,2,279.9915,2.54,-91.5735,3.37,1
300164,通源石油,2012-09-30,3,959.2560,6.06,189.5700,4.86,2
002511,中顺洁柔,2012-09-30,3,893.6930,4.30,753.8610,0.67,1
002554,惠博普,2012-09-30,5,1218.1355,4.01,0.6335,4.01,2
002508,老板电器,2012-09-30,4,442.8661,1.73,-67.6010,1.99,4
300154,瑞凌股份,2012-09-30,1,60.3870,0.27,-101.4730,0.72,1
300331,苏大维格,2012-09-30,9,694.6354,11.20,201.4952,7.95,7
002503,搜于特,2012-09-30,6,2216.0120,7.69,160.4806,7.14,7
002509,天广消防,2012-09-30,6,1319.1160,6.60,893.7051,2.13,3
300325,德威新材,2012-09-30,1,33.9731,0.42,-66.0269,1.25,1
300144,宋城股份,2012-09-30,6,5507.2190,9.93,-307.9680,10.49,7
002507,涪陵榨菜,2012-09-30,5,879.7790,5.68,322.1061,3.60,4
002513,蓝丰生化,2012-09-30,1,20.0018,0.09,20.0018,0.00,0
300289,利德曼,2012-09-30,8,1153.5222,7.51,581.2168,3.73,7
300145,南方泵业,2012-09-30,6,989.9284,6.87,259.0482,5.08,3
300148,天舟文化,2012-09-30,2,65.2731,0.51,65.2731,0.00,0
300158,振东制药,2012-09-30,1,102.0610,0.35,51.0304,0.35,1
300168,万达信息,2012-09-30,5,1925.5390,8.02,1025.7360,7.50,4
300157,恒泰艾普,2012-09-30,5,1146.4560,6.21,76.9070,6.02,4
002522,浙江众成,2012-09-30,5,349.9705,2.05,119.9898,1.35,3
300146,汤臣倍健,2012-09-30,9,1450.3599,6.63,632.4089,3.74,5
002547,春兴精工,2012-09-30,6,1513.6790,5.33,262.2730,4.41,6
002606,大连电瓷,2012-09-30,1,30.0000,0.15,-59.9951,0.45,2
002528,英飞拓,2012-09-30,1,51.3745,0.15,17.1248,0.15,1
300147,香雪制药,2012-09-30,4,951.0100,3.16,951.0100,0.00,0
002532,新界泵业,2012-09-30,1,21.5700,0.13,21.5700,0.00,0
002531,天顺风能,2012-09-30,2,140.4276,0.68,69.8866,0.34,1
002540,亚太科技,2012-09-30,1,38.7197,0.19,-8.7444,0.23,1
300223,北京君正,2012-09-30,2,128.3749,1.23,128.3749,0.00,0
300165,天瑞仪器,2012-09-30,5,427.5447,2.78,229.4640,1.29,3
300191,潜能恒信,2012-09-30,1,70.0000,0.44,-57.4530,0.80,1
300159,新研股份,2012-09-30,7,606.4197,3.36,-170.6973,4.31,7
002535,林州重机,2012-09-30,2,1369.1440,2.54,-797.7040,4.02,3
300160,秀强股份,2012-09-30,1,57.9361,0.31,57.9361,0.00,0
300163,先锋新材,2012-09-30,2,334.1659,4.23,-58.4691,4.97,1
002557,洽洽食品,2012-09-30,7,2478.4580,7.33,-64.5930,7.52,7
002539,新都化工,2012-09-30,2,639.0350,1.93,639.0350,0.00,0
300170,汉得信息,2012-09-30,5,1692.3290,10.08,458.6990,7.35,4
300166,东方国信,2012-09-30,3,298.8258,2.46,298.8258,0.00,0
300194,福安药业,2012-09-30,4,153.2434,1.15,153.2434,0.00,0
002541,鸿路钢构,2012-09-30,1,43.8636,0.16,-232.7974,1.03,2
300177,中海达,2012-09-30,4,520.0569,2.60,39.1140,2.40,5
300178,腾邦国际,2012-09-30,6,876.3470,7.34,818.1178,0.49,1
002551,尚荣医疗,2012-09-30,4,1206.4351,6.54,283.6040,5.00,3
300183,东软载波,2012-09-30,1,89.0869,0.40,-20.4952,0.50,2
300197,铁汉生态,2012-09-30,7,1149.9291,5.46,419.0698,3.47,5
002543,万和电气,2012-09-30,2,132.2344,0.66,41.8951,0.45,3
002546,新联电子,2012-09-30,2,122.5551,0.73,-96.1907,1.30,3
300182,捷成股份,2012-09-30,9,2239.1967,13.09,304.8566,11.51,9
300203,聚光科技,2012-09-30,4,1105.6177,2.48,144.7719,2.16,5
002574,明牌珠宝,2012-09-30,2,369.0260,1.54,-130.6230,2.08,2
300198,纳川股份,2012-09-30,3,818.6550,3.92,421.6980,2.85,2
300186,大华农,2012-09-30,1,132.1800,0.50,39.9839,0.35,1
300195,长荣股份,2012-09-30,7,862.8241,6.16,77.9263,5.61,6
300188,美亚柏科,2012-09-30,6,429.7646,3.88,-28.3376,4.28,4
300196,长海股份,2012-09-30,5,689.6565,5.75,150.2639,4.49,3
300187,永清环保,2012-09-30,1,120.0000,0.90,-132.7566,1.89,4
300345,红宇新材,2012-09-30,5,411.8526,4.29,411.8526,0.00,0
002698,博实股份,2012-09-30,3,400.0060,1.00,400.0060,0.00,0
300190,维尔利,2012-09-30,7,599.9914,6.13,341.6834,2.64,5
002565,上海绿新,2012-09-30,3,1163.3480,3.40,1128.9684,0.16,1
002577,雷柏科技,2012-09-30,1,29.4185,0.14,0.0000,0.14,1
300211,亿通科技,2012-09-30,1,34.7550,0.65,34.7550,0.00,0
300192,科斯伍德,2012-09-30,1,62.3994,0.57,-30.0000,0.84,1
300214,日科化学,2012-09-30,6,1892.6560,9.35,859.7550,5.10,4
300204,舒泰神,2012-09-30,4,222.3071,1.67,222.3071,0.00,0
002563,森马服饰,2012-09-30,2,357.6383,0.53,0.0000,0.53,2
300199,翰宇药业,2012-09-30,6,1340.6570,6.70,437.5424,4.52,3
002564,张化机,2012-09-30,2,522.5600,1.72,-366.4910,2.93,3
300226,上海钢联,2012-09-30,3,501.5720,6.27,308.5197,2.41,4
002572,索菲亚,2012-09-30,8,2155.4900,10.07,105.1820,9.58,7
300206,理邦仪器,2012-09-30,2,71.9866,0.72,71.9866,0.00,0
300202,聚龙股份,2012-09-30,3,1161.0660,6.85,353.5010,4.76,2
300210,森远股份,2012-09-30,5,1036.6290,7.69,187.3596,6.30,5
300209,天泽信息,2012-09-30,3,535.2342,3.35,535.2342,0.00,0
601566,九牧王,2012-09-30,9,4918.6400,8.50,564.3260,7.52,9
300207,欣旺达,2012-09-30,7,1782.8690,7.29,-530.9640,9.47,8
300212,易华录,2012-09-30,3,734.3970,5.48,503.1410,1.73,1
300218,安利股份,2012-09-30,2,383.4770,1.82,383.4770,0.00,0
002584,西陇化工,2012-09-30,1,56.6171,0.28,56.6171,0.00,0
601222,林洋电子,2012-09-30,1,299.9620,0.84,299.9620,0.00,0
300219,鸿利光电,2012-09-30,6,1243.3350,5.07,286.5030,3.90,5
300257,开山股份,2012-09-30,6,2229.4130,7.80,-639.4250,10.03,8
300215,电科院,2012-09-30,3,289.4032,1.61,239.4090,0.28,1
300217,东方电热,2012-09-30,2,663.9240,3.36,33.4480,3.19,2
300222,科大智能,2012-09-30,3,430.2720,3.98,-66.7640,4.60,3
300231,银信科技,2012-09-30,1,16.7903,0.21,16.7903,0.00,0
300228,富瑞特装,2012-09-30,5,816.1840,6.09,310.3726,3.77,3
300224,正海磁材,2012-09-30,1,29.5001,0.12,-40.5995,0.29,1
300249,依米康,2012-09-30,1,39.5667,0.50,39.5667,0.00,0
300240,飞力达,2012-09-30,3,215.0811,1.29,-449.5485,3.98,5
601311,骆驼股份,2012-09-30,4,1767.1960,2.10,662.3680,1.31,2
002585,双星新材,2012-09-30,1,38.4088,0.09,-47.9180,0.21,2
002586,围海股份,2012-09-30,4,473.4540,2.33,473.4540,0.00,0
002589,瑞康医药,2012-09-30,8,904.5656,9.64,76.6175,8.83,7
300232,洲明科技,2012-09-30,7,622.8572,6.16,186.0917,4.32,5
300230,永利带业,2012-09-30,4,509.5366,3.15,198.3706,1.93,2
300234,开尔新材,2012-09-30,1,106.8000,0.89,106.8000,0.00,0
300236,上海新阳,2012-09-30,2,74.9707,0.88,40.4764,0.40,1
002588,史丹利,2012-09-30,7,1051.5699,6.22,683.4005,2.18,2
002605,姚记扑克,2012-09-30,1,15.5390,0.17,0.5390,0.16,1
002597,金禾实业,2012-09-30,1,33.1327,0.16,3.2127,0.14,1
300241,瑞丰光电,2012-09-30,7,1066.5132,9.97,97.9728,9.05,8
300258,精锻科技,2012-09-30,1,407.2100,2.71,65.3279,2.28,4
002607,亚夏汽车,2012-09-30,4,939.2003,5.34,153.7613,4.46,5
300243,瑞丰高材,2012-09-30,1,47.8771,0.56,47.8771,0.00,0
300244,迪安诊断,2012-09-30,2,341.9807,3.72,79.2934,2.86,2
300248,新开普,2012-09-30,1,42.4891,0.48,42.4891,0.00,0
002603,以岭药业,2012-09-30,5,2042.0710,3.70,-1104.7290,5.70,8
002620,瑞和股份,2012-09-30,4,493.5077,4.11,339.2418,1.93,4
300251,光线传媒,2012-09-30,6,1035.1390,4.29,-556.2970,6.60,9
300255,常山药业,2012-09-30,3,614.5500,3.26,565.4400,0.46,1
601636,旗滨集团,2012-09-30,4,1613.1980,2.32,-1182.5709,4.02,7
300260,新莱应材,2012-09-30,1,21.2850,0.21,-167.5542,1.89,3
300267,尔康制药,2012-09-30,5,1804.2250,7.54,165.5764,6.85,7
300259,新天科技,2012-09-30,4,813.5240,5.37,793.5240,0.13,1
002618,丹邦科技,2012-09-30,5,540.5960,3.38,425.4480,0.72,1
002629,仁智油服,2012-09-30,2,61.3416,0.54,-28.6584,0.79,2
300273,和佳股份,2012-09-30,8,1691.4980,8.46,337.2080,6.77,7
300261,雅本化学,2012-09-30,5,724.5504,4.99,-243.8142,6.67,5
002611,东方精工,2012-09-30,2,316.8216,1.79,-72.0098,2.20,3
300263,隆华节能,2012-09-30,3,403.5565,2.47,253.0415,0.94,1
300270,中威电子,2012-09-30,6,410.5318,6.84,396.1818,0.24,1
002612,朗姿股份,2012-09-30,6,1083.8200,5.42,-548.8040,8.16,8
002641,永高股份,2012-09-30,2,89.9918,0.45,-54.9780,0.72,3
300266,兴源过滤,2012-09-30,2,112.4051,1.25,112.4051,0.00,0
601100,恒立油缸,2012-09-30,9,4533.4490,7.20,-858.5960,8.56,10
300275,梅安森,2012-09-30,6,574.9373,7.00,-101.3571,8.23,8
002628,成都路桥,2012-09-30,2,153.8972,0.46,153.8972,0.00,0
002623,亚玛顿,2012-09-30,2,460.2360,2.88,449.6460,0.07,1
002640,百圆裤业,2012-09-30,1,119.9560,0.90,-85.9177,3.09,3
002631,德尔家居,2012-09-30,2,463.4300,2.90,217.4400,1.54,2
603001,奥康国际,2012-09-30,7,1513.3120,3.77,-12.0140,3.80,9
300293,蓝英装备,2012-09-30,1,38.9919,0.43,-50.8324,1.50,2
002635,安洁科技,2012-09-30,8,878.6503,7.32,311.6158,4.73,7
002648,卫星石化,2012-09-30,1,36.9256,0.09,-42.1979,0.20,2
002632,道明光学,2012-09-30,1,23.5862,0.22,0.0000,0.22,1
002639,雪人股份,2012-09-30,1,80.0000,0.50,0.0000,0.50,1
002646,青青稞酒,2012-09-30,4,162.7675,0.36,77.5155,0.19,3
002638,勤上光电,2012-09-30,8,2847.4440,7.60,1171.8860,4.47,8
300288,朗玛信息,2012-09-30,3,118.7671,2.22,-151.7466,5.07,4
002668,奥马电器,2012-09-30,2,121.5880,0.74,121.5880,0.00,0
300324,旋极信息,2012-09-30,8,498.8828,8.91,356.8133,2.54,4
002651,利君股份,2012-09-30,2,322.4800,0.80,0.0000,0.80,2
300297,蓝盾股份,2012-09-30,3,131.2924,1.34,-11.9615,1.46,3
002657,中科金财,2012-09-30,1,23.5450,0.34,-29.2076,0.76,3
002684,猛狮科技,2012-09-30,1,13.9016,0.26,13.9016,0.00,0
601313,江南嘉捷,2012-09-30,1,98.4799,0.44,-58.5301,0.70,2
603077,和邦股份,2012-09-30,3,293.5080,0.65,293.5080,0.00,0
002664,信质电机,2012-09-30,2,556.9030,4.18,386.9030,1.27,2
002649,博彦科技,2012-09-30,9,917.1072,6.11,603.8914,2.09,4
300290,荣科科技,2012-09-30,2,163.9812,2.41,151.4812,0.18,1
300287,飞利信,2012-09-30,8,673.8548,8.02,49.8028,7.43,8
300298,三诺生物,2012-09-30,6,447.7027,5.09,82.9475,4.14,6
002656,卡奴迪路,2012-09-30,9,917.5540,9.18,404.0144,5.14,5
002667,鞍重股份,2012-09-30,5,248.9965,3.66,53.0114,2.88,3
002662,京威股份,2012-09-30,8,2635.8400,4.39,1931.4990,2.35,5
300291,华录百纳,2012-09-30,7,366.2902,6.10,105.8991,4.34,8
002650,加加食品,2012-09-30,9,1998.2805,10.41,883.4290,5.81,7
300292,吴通通讯,2012-09-30,1,33.7001,0.51,33.7001,0.00,0
002666,德联集团,2012-09-30,1,100.0000,0.63,-200.0000,1.88,3
601929,吉视传媒,2012-09-30,1,869.3840,0.62,-658.7280,1.09,2
300310,宜通世纪,2012-09-30,1,47.9540,0.27,47.9540,0.00,0
002653,海思科,2012-09-30,6,1296.1067,3.24,267.5471,2.57,6
002654,万润科技,2012-09-30,1,33.1588,0.38,-58.3412,1.04,1
300296,利亚德,2012-09-30,1,25.0000,0.25,-100.0000,1.25,1
300309,吉艾科技,2012-09-30,3,1227.1120,5.65,1097.1200,1.20,1
300301,长方照明,2012-09-30,1,76.4380,0.28,-546.5860,5.77,7
300306,远方光电,2012-09-30,1,118.4720,0.99,-299.5234,6.97,8
300304,云意电气,2012-09-30,2,67.0724,0.67,-92.9276,1.60,2
601515,东风股份,2012-09-30,3,190.2886,0.34,-135.1861,0.59,3
601388,怡球资源,2012-09-30,2,100.8900,0.25,100.8900,0.00,0
300326,凯利泰,2012-09-30,4,147.7300,2.88,35.5050,2.19,3
601231,环旭电子,2012-09-30,1,185.4350,0.18,-442.2276,0.62,5
002669,康达新材,2012-09-30,2,201.4376,2.01,201.4376,0.00,0
002658,雪迪龙,2012-09-30,6,926.6068,6.74,265.6717,4.81,8
300300,汉鼎股份,2012-09-30,8,616.3991,7.09,0.0765,7.08,7
002660,茂硕电源,2012-09-30,6,390.1327,4.02,205.3358,1.90,3
002661,克明面业,2012-09-30,4,207.7072,2.50,-253.2315,5.55,6
002674,兴业科技,2012-09-30,3,755.4379,3.15,755.4379,0.00,0
300332,天壕节能,2012-09-30,5,1202.7640,3.76,162.7640,3.25,7
300320,海达股份,2012-09-30,2,80.2639,1.20,-3.0861,1.25,1
300313,天山生物,2012-09-30,2,82.9874,0.91,82.9874,0.00,0
300314,戴维医疗,2012-09-30,3,223.9437,2.80,38.7222,2.32,3
002670,华声股份,2012-09-30,1,67.9947,0.34,67.9947,0.00,0
603333,明星电缆,2012-09-30,1,98.0000,0.28,98.0000,0.00,0
300327,中颖电子,2012-09-30,2,102.8841,0.80,-316.7929,3.28,2
002677,浙江美大,2012-09-30,1,442.9580,2.21,442.9580,0.00,0
300302,同有科技,2012-09-30,3,120.0816,2.00,-51.5006,2.86,4
300312,邦讯技术,2012-09-30,4,181.4429,1.70,-135.3997,2.97,3
300315,掌趣科技,2012-09-30,6,944.3568,5.77,944.3568,0.00,0
603000,人民网,2012-09-30,7,799.1534,2.89,799.1534,0.00,0
300299,富春通信,2012-09-30,1,15.6090,0.23,15.6090,0.00,0
002671,龙泉股份,2012-09-30,7,613.5733,6.50,320.9583,3.10,4
002665,首航节能,2012-09-30,5,480.6516,3.60,480.6516,0.00,0
002699,美盛文化,2012-09-30,1,107.0000,1.14,107.0000,0.00,0
002685,华东重机,2012-09-30,2,431.7700,2.16,181.7700,1.25,1
002682,龙洲股份,2012-09-30,1,70.0000,0.44,-130.0000,1.25,1
603366,日出东方,2012-09-30,5,1119.9514,2.80,627.9025,1.23,6
300319,麦捷科技,2012-09-30,1,56.8399,1.07,56.8399,0.00,0
002678,珠江钢琴,2012-09-30,2,159.9124,0.33,159.9124,0.00,0
300322,硕贝德,2012-09-30,8,888.6857,9.52,227.7018,7.08,9
300339,润和软件,2012-09-30,7,450.7329,5.87,450.7329,0.00,0
300333,兆日科技,2012-09-30,4,156.4147,1.40,-237.6353,3.52,6
300336,新文化,2012-09-30,1,58.5232,0.61,58.5232,0.00,0
002679,福建金森,2012-09-30,6,517.2028,3.73,227.1610,2.09,5
002689,博林特,2012-09-30,1,180.0000,0.58,180.0000,0.00,0
603008,喜临门,2012-09-30,8,1172.7706,5.58,1172.7706,0.00,0
300334,津膜科技,2012-09-30,3,552.5802,4.76,-77.4198,5.43,6
300348,长亮科技,2012-09-30,1,26.0950,0.50,26.0950,0.00,0
300337,银邦股份,2012-09-30,6,2230.5520,11.94,2230.5520,0.00,0
002680,黄海机械,2012-09-30,5,159.8794,2.00,-91.0056,3.14,6
002687,乔治白,2012-09-30,2,156.2500,1.59,156.2500,0.00,0
300356,光一科技,2012-09-30,2,275.0000,3.17,275.0000,0.00,0
002695,煌上煌,2012-09-30,6,446.6401,3.61,446.6401,0.00,0
300349,金卡股份,2012-09-30,7,286.2347,4.77,286.2347,0.00,0
300328,宜安科技,2012-09-30,10,1151.2571,10.28,937.0771,1.91,6
300323,华灿光电,2012-09-30,1,100.0000,0.50,-1398.1620,7.49,9
300346,南大光电,2012-09-30,4,165.5796,3.29,165.5796,0.00,0
300355,蒙草抗旱,2012-09-30,3,164.6552,1.20,164.6552,0.00,0
300351,永贵电器,2012-09-30,1,100.0000,1.27,100.0000,0.00,0
300347,泰格医药,2012-09-30,8,317.1873,5.94,317.1873,0.00,0
300354,东华测试,2012-09-30,2,35.0722,0.79,35.0722,0.00,0
300352,北信源,2012-09-30,5,201.2168,3.02,201.2168,0.00,0
002700,新疆浩源,2012-09-30,1,31.9934,0.44,31.9934,0.00,0
