600000,浦发银行,2013-09-30,1,10554.7000,0.57,-586.7000,0.60,1
600005,武钢股份,2013-09-30,2,3776.0100,0.37,-1726.7100,0.55,3
600006,东风汽车,2013-09-30,1,198.2390,0.10,198.2390,0.00,0
600007,中国国贸,2013-09-30,2,1727.6150,1.72,-929.3500,2.64,3
600008,首创股份,2013-09-30,1,414.0590,0.19,-167.3420,0.26,2
600009,上海机场,2013-09-30,4,6462.8300,3.35,2305.2200,2.16,2
600010,包钢股份,2013-09-30,3,6135.2700,0.77,-3137.5900,1.16,5
600019,宝钢股份,2013-09-30,2,7664.3800,0.47,-2597.0700,0.62,3
600028,中国石化,2013-09-30,3,20898.3600,0.18,-6415.1700,0.23,4
600030,中信证券,2013-09-30,1,5193.9100,0.47,-255.0000,0.49,1
600038,哈飞股份,2013-09-30,3,503.9920,1.49,503.9920,0.00,0
600050,中国联通,2013-09-30,5,37005.4700,1.75,-13905.4900,2.40,6
600054,黄山旅游,2013-09-30,2,655.5020,1.39,-360.4750,2.16,2
600055,华润万东,2013-09-30,1,281.3120,1.30,281.3120,0.00,0
600056,中国医药,2013-09-30,5,848.7707,1.86,683.4784,0.53,2
600057,象屿股份,2013-09-30,1,410.5870,0.48,410.5870,0.00,0
600058,五矿发展,2013-09-30,3,804.2930,0.75,-521.5990,1.24,6
600059,古越龙山,2013-09-30,3,2892.1900,4.56,-110.9760,4.73,3
600060,海信电器,2013-09-30,6,13848.1460,10.60,-913.1740,11.30,5
600062,华润双鹤,2013-09-30,5,5557.8450,9.72,-1067.3920,11.59,7
600064,南京高科,2013-09-30,2,314.8070,0.61,314.8070,0.00,0
600066,宇通客车,2013-09-30,6,12108.4900,9.51,997.5400,8.71,5
600067,冠城大通,2013-09-30,6,6573.9040,5.53,-1224.8830,6.63,7
600068,葛洲坝,2013-09-30,3,2789.7610,0.80,-159.4180,0.85,3
600072,中船股份,2013-09-30,1,850.0000,1.78,0.0000,1.78,1
600073,上海梅林,2013-09-30,5,9232.6620,11.22,3906.9610,6.47,4
600079,人福医药,2013-09-30,7,6075.1630,11.49,627.8530,11.04,7
600085,同仁堂,2013-09-30,4,4884.0700,3.73,-107.6280,3.83,4
600086,东方金钰,2013-09-30,4,2081.4180,5.91,-1474.4530,10.09,4
600088,中视传媒,2013-09-30,3,698.1810,2.11,-1194.7000,5.71,4
600089,特变电工,2013-09-30,5,10730.2300,4.07,180.6200,4.00,6
600090,啤酒花,2013-09-30,1,110.0000,0.30,110.0000,0.00,0
600096,云天化,2013-09-30,1,659.9990,0.40,71.3790,0.35,1
600100,同方股份,2013-09-30,2,7379.9200,3.36,-2398.6980,4.92,5
600104,上汽集团,2013-09-30,2,7790.2400,0.71,927.8400,0.62,2
600106,重庆路桥,2013-09-30,1,180.0050,0.20,-208.4950,0.43,2
600107,美尔雅,2013-09-30,1,533.5010,1.48,0.0000,1.48,1
600108,亚盛集团,2013-09-30,4,11298.4800,5.80,-7933.9200,9.88,4
600109,国金证券,2013-09-30,2,698.1410,0.54,698.1410,0.00,0
600111,包钢稀土,2013-09-30,4,3295.4060,1.36,-688.7310,1.64,5
600113,浙江东日,2013-09-30,1,70.3127,0.22,70.3127,0.00,0
600118,中国卫星,2013-09-30,4,1888.5500,1.60,168.3940,1.88,4
600121,郑州煤电,2013-09-30,4,794.8720,0.84,296.8326,0.53,4
600123,兰花科创,2013-09-30,6,2467.9050,2.16,257.9990,1.93,6
600125,铁龙物流,2013-09-30,3,2910.8260,2.23,-957.1960,2.96,3
600126,杭钢股份,2013-09-30,2,736.8900,0.88,-78.7240,0.97,2
600128,弘业股份,2013-09-30,1,257.9410,1.05,-163.9240,1.71,1
600132,重庆啤酒,2013-09-30,1,161.4340,0.33,-134.4920,0.61,2
600138,中青旅,2013-09-30,5,4990.7720,12.02,1696.3580,7.93,4
600139,西部资源,2013-09-30,3,1099.1250,1.66,1099.1250,0.00,0
600141,兴发集团,2013-09-30,4,1620.3840,3.72,877.7890,1.70,2
600148,长春一东,2013-09-30,1,89.9822,0.64,89.9822,0.00,0
600149,廊坊发展,2013-09-30,2,463.2360,1.22,463.2360,0.00,0
600150,中国船舶,2013-09-30,3,1605.4140,1.16,18.4960,1.15,3
600151,航天机电,2013-09-30,4,5460.1900,4.37,4315.5820,0.92,2
600153,建发股份,2013-09-30,2,7618.1600,3.40,-2036.6700,4.31,3
600157,永泰能源,2013-09-30,3,3680.2740,2.08,640.2740,1.72,2
600158,中体产业,2013-09-30,2,525.0790,0.62,88.2440,0.52,2
600160,巨化股份,2013-09-30,1,403.7420,0.28,-26.3940,0.30,1
600161,天坛生物,2013-09-30,1,299.9970,0.58,-372.4990,1.30,3
600162,香江控股,2013-09-30,4,2871.2850,3.74,-307.1370,4.14,3
600167,联美控股,2013-09-30,3,978.5540,4.64,126.8450,4.04,3
600169,太原重工,2013-09-30,2,1556.2620,0.64,-132.2180,0.70,2
600170,上海建工,2013-09-30,4,1346.2150,0.49,396.4260,0.41,3
600171,上海贝岭,2013-09-30,5,1796.2890,2.67,1479.7650,0.47,2
600172,黄河旋风,2013-09-30,2,1080.0300,2.02,580.0350,0.94,1
600176,中国玻纤,2013-09-30,2,847.3900,0.97,-2629.2060,3.98,5
600180,瑞茂通,2013-09-30,1,550.2470,0.63,550.2470,0.00,0
600182,S佳通,2013-09-30,1,339.0020,1.00,68.0880,0.80,1
600183,生益科技,2013-09-30,1,2918.1100,2.05,-60.0000,2.09,1
600185,格力地产,2013-09-30,2,1100.0000,1.90,713.4500,0.67,1
600187,国中水务,2013-09-30,4,2063.8800,3.54,2063.8800,0.00,0
600188,兖州煤业,2013-09-30,6,1767.2880,0.36,413.5950,0.28,5
600189,吉林森工,2013-09-30,3,1290.7371,4.16,1290.7371,0.00,0
600196,复星医药,2013-09-30,6,11093.7200,4.95,-1024.1400,5.41,6
600197,伊力特,2013-09-30,3,1652.1580,3.75,-35.7900,3.83,3
600198,大唐电信,2013-09-30,3,1904.3360,2.57,1759.8670,0.19,1
600199,金种子酒,2013-09-30,5,2402.3660,4.32,-1727.4970,7.43,6
600200,江苏吴中,2013-09-30,1,154.6940,0.25,-15.1260,0.27,1
600201,金宇集团,2013-09-30,1,420.6330,1.50,420.6330,0.00,0
600206,有研硅股,2013-09-30,1,74.0000,0.27,74.0000,0.00,0
600208,新湖中宝,2013-09-30,5,25472.6600,4.07,-817.4100,4.20,5
600209,罗顿发展,2013-09-30,1,199.9990,0.46,199.9990,0.00,0
600216,浙江医药,2013-09-30,3,1633.4190,3.14,1172.0760,0.89,2
600219,南山铝业,2013-09-30,5,2485.4910,1.29,540.1880,1.01,4
600220,江苏阳光,2013-09-30,2,704.0030,0.39,-120.0320,0.46,2
600223,鲁商置业,2013-09-30,1,672.2270,0.67,-327.7730,1.00,1
600231,凌钢股份,2013-09-30,3,967.6670,1.20,692.1900,0.34,1
600240,华业地产,2013-09-30,2,2565.7000,1.80,1165.7000,0.98,1
600248,延长化建,2013-09-30,2,482.1520,1.13,231.6350,0.59,1
600252,中恒集团,2013-09-30,9,16595.0500,15.20,452.8060,14.79,9
600256,广汇能源,2013-09-30,3,16549.5300,3.15,-3955.7600,3.90,5
600258,首旅酒店,2013-09-30,2,249.9840,1.08,191.5987,0.25,1
600259,广晟有色,2013-09-30,5,295.9752,1.19,295.9752,0.00,0
600261,阳光照明,2013-09-30,5,6071.9840,9.41,1286.7940,7.41,6
600266,北京城建,2013-09-30,7,13447.9940,15.12,409.7800,14.66,6
600267,海正药业,2013-09-30,3,2491.5000,2.97,-2126.6530,5.50,4
600268,国电南自,2013-09-30,3,2684.4370,4.23,225.7510,3.87,4
600269,赣粤高速,2013-09-30,2,2999.9850,1.28,-378.3450,1.45,3
600270,外运发展,2013-09-30,2,795.1730,0.88,209.6800,0.65,1
600276,恒瑞医药,2013-09-30,4,4810.1890,3.54,1255.4000,2.61,3
600280,中央商场,2013-09-30,7,3045.9250,5.30,494.1740,8.89,6
600283,钱江水利,2013-09-30,1,130.0000,0.46,130.0000,0.00,0
600285,羚锐制药,2013-09-30,5,1783.1900,4.99,297.8820,4.32,3
600287,江苏舜天,2013-09-30,1,225.8180,0.52,-749.9180,2.23,1
600289,亿阳信通,2013-09-30,2,490.1960,0.86,-447.4900,1.62,1
600290,华仪电气,2013-09-30,1,1001.0800,1.90,1001.0800,0.00,0
600292,中电远达,2013-09-30,6,2149.5310,4.20,79.2040,4.04,5
600298,安琪酵母,2013-09-30,1,374.6330,1.14,-36.1370,1.25,1
600300,维维股份,2013-09-30,1,134.2330,0.08,-234.2830,0.22,2
600305,恒顺醋业,2013-09-30,4,1221.4320,9.61,-239.6970,11.49,5
600307,酒钢宏兴,2013-09-30,3,1836.7040,0.29,14.0880,0.29,3
600309,万华化学,2013-09-30,5,17246.9800,7.98,1836.7400,7.13,5
600312,平高电气,2013-09-30,5,5067.8910,6.19,-1593.6790,8.13,8
600313,中农资源,2013-09-30,1,952.7360,2.59,952.7360,0.00,0
600315,上海家化,2013-09-30,8,10841.6680,16.12,1113.1280,14.47,7
600316,洪都航空,2013-09-30,6,2954.6620,4.12,-122.7150,4.29,5
600318,巢东股份,2013-09-30,3,780.0960,3.22,-296.3780,4.45,2
600322,天房发展,2013-09-30,1,219.2370,0.20,-21.6740,0.22,1
600323,南海发展,2013-09-30,1,446.0060,0.77,446.0060,0.00,0
600326,西藏天路,2013-09-30,1,94.7781,0.17,-77.4813,0.31,2
600327,大东方,2013-09-30,3,719.9990,1.38,-2714.8410,6.58,6
600329,中新药业,2013-09-30,1,710.9770,0.96,710.9770,0.00,0
600332,白云山,2013-09-30,3,2279.3640,1.77,-642.8740,2.33,5
600335,国机汽车,2013-09-30,3,2630.4150,4.70,-343.2240,5.31,4
600337,美克股份,2013-09-30,3,3558.6280,5.50,389.9070,4.90,3
600345,长江通信,2013-09-30,2,811.6740,4.10,207.2390,3.05,2
600350,山东高速,2013-09-30,1,434.9860,0.09,-112.8080,0.11,1
600351,亚宝药业,2013-09-30,3,2574.3250,3.72,-91.8160,3.85,4
600361,华联综超,2013-09-30,2,2269.2100,3.41,-323.6700,3.89,2
600362,江西铜业,2013-09-30,3,2018.4680,0.58,647.1100,0.40,2
600365,通葡股份,2013-09-30,3,1175.7290,5.88,0.0000,5.88,3
600366,宁波韵升,2013-09-30,1,231.8860,0.45,-2201.3210,4.73,4
600372,中航电子,2013-09-30,3,3080.9480,1.75,1410.7120,1.23,4
600373,中文传媒,2013-09-30,3,1019.7060,1.55,-31.4061,1.60,4
600376,首开股份,2013-09-30,4,9021.1100,4.02,2990.7300,2.69,3
600378,天科股份,2013-09-30,1,92.7294,0.31,92.7294,0.00,0
600380,健康元,2013-09-30,2,539.9690,0.35,0.0000,0.35,2
600383,金地集团,2013-09-30,2,10237.2700,2.29,-9363.0300,4.38,3
600386,北巴传媒,2013-09-30,1,489.9910,1.22,233.3870,0.64,2
600388,龙净环保,2013-09-30,3,1377.6250,3.22,-75.6990,3.40,3
600389,江山股份,2013-09-30,4,1231.0920,6.22,106.1450,5.68,4
600391,成发科技,2013-09-30,1,124.9980,0.38,124.9980,0.00,0
600395,盘江股份,2013-09-30,1,470.0000,0.28,-155.4150,0.38,1
600396,金山股份,2013-09-30,1,149.9940,0.44,-900.6660,3.08,2
600398,凯诺科技,2013-09-30,2,3076.9340,4.76,3076.9340,0.00,0
600415,小商品城,2013-09-30,1,775.5070,0.28,-625.8790,0.51,2
600416,湘电股份,2013-09-30,4,2544.7290,4.18,1501.5900,1.71,2
600418,江淮汽车,2013-09-30,4,9968.0900,7.76,1599.0700,6.51,4
600419,新疆天宏,2013-09-30,1,38.0551,0.47,38.0551,0.00,0
600422,昆明制药,2013-09-30,6,5116.8360,15.00,-346.4070,17.39,7
600426,华鲁恒升,2013-09-30,2,1008.8040,1.06,-607.7310,1.70,3
600428,中远航运,2013-09-30,7,9063.1500,5.36,-2776.1810,7.00,8
600456,宝钛股份,2013-09-30,1,223.3730,0.52,0.0000,0.52,1
600458,时代新材,2013-09-30,1,695.8020,1.05,0.0000,1.05,1
600468,百利电气,2013-09-30,3,809.8120,1.78,224.1970,1.28,1
600486,扬农化工,2013-09-30,6,2800.6190,16.27,-131.7650,17.03,6
600496,精工钢构,2013-09-30,1,500.0000,0.85,0.0000,0.85,1
600498,烽火通信,2013-09-30,1,559.9900,0.58,150.0120,0.42,1
600499,科达机电,2013-09-30,5,3008.9910,4.52,618.9890,3.59,4
600500,中化国际,2013-09-30,4,3470.6190,2.41,627.8880,1.98,3
600503,华丽家族,2013-09-30,1,445.1300,0.39,445.1300,0.00,0
600505,西昌电力,2013-09-30,2,1979.6750,5.43,6.9190,5.41,2
600508,上海能源,2013-09-30,4,749.8470,1.04,455.4050,0.41,2
600509,天富热电,2013-09-30,1,372.8000,0.41,-435.0690,0.89,3
600511,国药股份,2013-09-30,6,4637.4920,9.69,454.5260,8.74,6
600516,方大炭素,2013-09-30,2,914.8320,0.53,81.7130,0.48,2
600518,康美药业,2013-09-30,4,9960.5300,4.53,-1443.6400,5.19,5
600519,贵州茅台,2013-09-30,2,1084.1450,1.04,-898.9370,1.91,3
600522,中天科技,2013-09-30,5,2278.3070,3.23,695.0820,2.25,3
600523,贵航股份,2013-09-30,1,1000.0000,3.46,-309.1303,4.53,3
600525,长园集团,2013-09-30,4,4083.5730,4.73,1948.0390,2.47,4
600528,中铁二局,2013-09-30,3,1190.5760,0.82,81.2990,0.76,3
600529,山东药玻,2013-09-30,2,712.3350,2.77,-241.3170,3.71,2
600531,豫光金铅,2013-09-30,1,44.0410,0.15,-67.0286,0.38,2
600535,天士力,2013-09-30,6,6416.0260,6.21,-935.8710,7.12,7
600536,中国软件,2013-09-30,3,992.0400,4.40,901.3251,0.40,1
600538,*ST国发,2013-09-30,1,984.9900,3.53,99.9900,3.17,1
600549,厦门钨业,2013-09-30,3,771.9100,1.13,24.7090,1.10,3
600550,天威保变,2013-09-30,3,1119.0440,0.82,142.9580,0.71,3
600552,方兴科技,2013-09-30,5,2053.9510,8.58,198.6940,7.75,6
600557,康缘药业,2013-09-30,4,2539.7660,6.11,-809.3400,8.06,6
600559,老白干酒,2013-09-30,6,1655.7140,11.83,114.8250,11.01,5
600563,法拉电子,2013-09-30,6,1734.9090,7.71,-224.0450,8.71,6
600566,洪城股份,2013-09-30,5,1174.6180,8.50,1174.6180,0.00,0
600571,信雅达,2013-09-30,3,1188.8640,5.87,-1563.3830,13.58,4
600580,卧龙电气,2013-09-30,4,2860.7030,2.58,1135.7780,2.51,3
600581,八一钢铁,2013-09-30,3,1208.1710,1.58,338.0080,1.14,2
600582,天地科技,2013-09-30,3,2244.5260,1.85,-793.0940,2.50,3
600583,海油工程,2013-09-30,5,11903.3700,3.06,-3726.5100,4.02,7
600585,海螺水泥,2013-09-30,2,5534.8500,1.04,-2202.1700,1.46,3
600586,金晶科技,2013-09-30,1,305.1790,0.21,305.1790,0.00,0
600587,新华医疗,2013-09-30,8,3394.2180,18.00,-214.2450,20.73,8
600588,用友软件,2013-09-30,2,4247.5460,4.43,1284.0960,3.09,1
600590,泰豪科技,2013-09-30,1,293.8950,0.59,0.0000,0.59,1
600595,中孚实业,2013-09-30,2,364.1860,0.24,364.1860,0.00,0
600596,新安股份,2013-09-30,5,4782.0650,7.04,2244.2350,3.74,3
600597,光明乳业,2013-09-30,4,7267.4380,5.93,-2412.9850,7.90,7
600598,北大荒,2013-09-30,4,2061.0890,1.16,1624.6420,0.25,1
600600,青岛啤酒,2013-09-30,2,2826.9540,2.09,393.6420,1.80,2
600601,方正科技,2013-09-30,3,1353.0590,0.62,-35.1430,0.63,3
600604,市北高新,2013-09-30,1,139.9920,0.25,139.9920,0.00,0
600606,金丰投资,2013-09-30,1,138.8400,0.27,-8.5600,0.28,1
600611,大众交通,2013-09-30,2,746.7480,0.47,299.9980,0.28,1
600612,老凤祥,2013-09-30,2,964.9350,1.84,-775.7560,3.33,2
600616,金枫酒业,2013-09-30,5,1825.0500,4.16,1143.6830,1.55,2
600622,嘉宝集团,2013-09-30,1,334.2050,0.65,-134.8800,0.91,2
600628,新世界,2013-09-30,3,791.5760,1.49,616.8630,0.33,1
600633,浙报传媒,2013-09-30,4,1512.3810,2.55,503.3770,1.70,4
600635,大众公用,2013-09-30,3,1326.3600,0.81,641.4650,0.42,2
600637,百视通,2013-09-30,5,3347.0860,3.01,5.9630,3.00,4
600638,新黄浦,2013-09-30,1,801.3530,1.43,801.3530,0.00,0
600639,浦东金桥,2013-09-30,1,865.0000,0.93,215.0000,0.70,1
600640,号百控股,2013-09-30,3,1684.4270,3.15,722.5470,1.80,2
600641,万业企业,2013-09-30,1,99.9028,0.12,-9.8822,0.14,1
600642,申能股份,2013-09-30,1,1297.0700,0.28,-4105.2100,1.19,3
600643,爱建股份,2013-09-30,1,312.9080,0.28,-2.7820,0.29,1
600649,城投控股,2013-09-30,4,7246.2600,2.43,-700.7720,2.66,5
600650,锦江投资,2013-09-30,1,630.0470,1.14,630.0470,0.00,0
600652,爱使股份,2013-09-30,1,135.9710,0.24,0.0000,0.24,1
600655,豫园商城,2013-09-30,1,919.4230,0.64,919.4230,0.00,0
600660,福耀玻璃,2013-09-30,3,7572.3700,3.78,118.2500,3.72,3
600661,新南洋,2013-09-30,6,1267.2990,7.30,1267.2990,0.00,0
600663,陆家嘴,2013-09-30,1,800.1000,0.43,800.1000,0.00,0
600664,哈药股份,2013-09-30,1,546.3740,0.28,-35.7360,0.30,1
600665,天地源,2013-09-30,2,839.8300,0.97,-660.1700,1.74,1
600674,川投能源,2013-09-30,1,3184.6300,1.61,-3.9200,1.62,1
600675,中华企业,2013-09-30,5,4424.1980,2.84,3717.9490,0.45,2
600686,金龙汽车,2013-09-30,5,6363.9600,14.38,11.9810,14.35,5
600690,青岛海尔,2013-09-30,4,12559.7300,4.66,1225.8500,4.20,4
600693,东百集团,2013-09-30,3,1662.9610,4.85,207.4650,4.24,3
600694,大商股份,2013-09-30,5,3493.0760,11.89,-376.9230,13.18,5
600697,欧亚集团,2013-09-30,5,3338.4120,20.98,-191.2670,22.19,6
600699,均胜电子,2013-09-30,2,294.6560,0.46,9.6560,0.45,1
600702,沱牌舍得,2013-09-30,2,415.6970,1.23,-1482.5450,5.63,4
600703,三安光电,2013-09-30,3,5411.9000,3.75,472.6400,3.42,3
600704,物产中大,2013-09-30,2,2670.1100,3.38,2670.1100,0.00,0
600705,中航投资,2013-09-30,4,2872.7280,1.89,468.4290,1.58,6
600707,*ST彩虹,2013-09-30,1,614.9680,0.83,-820.0000,1.95,2
600711,盛屯矿业,2013-09-30,2,640.9290,1.41,640.9290,0.00,0
600713,南京医药,2013-09-30,1,1173.9300,1.69,-1299.9000,3.57,1
600718,东软集团,2013-09-30,3,6738.6200,5.49,2483.9800,3.47,2
600720,祁连山,2013-09-30,3,3997.5860,5.15,-296.7400,7.19,6
600723,首商股份,2013-09-30,3,837.2520,1.27,482.4780,0.54,1
600724,宁波富达,2013-09-30,2,1367.2260,0.95,-795.8740,1.50,2
600728,佳都新太,2013-09-30,2,911.0600,2.51,-1175.7430,5.75,5
600729,重庆百货,2013-09-30,4,1684.2150,4.51,-1040.7500,7.30,6
600731,湖南海利,2013-09-30,3,1130.0340,4.41,91.6810,4.05,5
600734,实达集团,2013-09-30,1,399.9980,1.14,399.9980,0.00,0
600736,苏州高新,2013-09-30,1,245.7510,0.23,0.8080,0.23,1
600737,中粮屯河,2013-09-30,4,1948.8150,0.95,255.2720,0.83,5
600739,辽宁成大,2013-09-30,1,2013.3100,1.48,-86.6900,1.54,1
600741,华域汽车,2013-09-30,5,12283.1500,4.75,565.0300,4.54,5
600742,一汽富维,2013-09-30,1,387.8900,1.83,147.8970,1.13,2
600747,大连控股,2013-09-30,1,410.0040,0.39,-638.0320,0.98,3
600750,江中药业,2013-09-30,5,2060.2190,6.62,-1297.2750,10.79,6
600893,航空动力,2013-09-30,4,2141.1700,1.97,2141.1700,0.00,0
600894,广日股份,2013-09-30,4,3662.0460,4.64,2354.3970,1.66,2
600895,张江高科,2013-09-30,7,3601.5490,2.33,2163.4990,0.93,4
000001,平安银行,2013-09-30,4,16915.3200,2.06,-1781.0900,2.28,4
000002,万科A,2013-09-30,4,39795.2900,3.61,-2491.8900,3.84,4
000006,深振业A,2013-09-30,3,2962.6310,2.19,868.8530,1.55,2
000009,中国宝安,2013-09-30,5,4859.5290,3.87,306.4100,4.17,5
000012,南玻A,2013-09-30,5,8664.6100,4.18,-3055.4600,5.65,5
000021,长城开发,2013-09-30,1,167.6760,0.13,-187.8110,0.27,2
000024,招商地产,2013-09-30,7,7750.4840,4.51,1120.3120,3.86,6
000026,飞亚达A,2013-09-30,1,150.0000,0.38,-672.8210,2.09,2
000027,深圳能源,2013-09-30,5,3402.7290,1.29,-861.0780,1.61,6
000028,国药一致,2013-09-30,5,2691.8570,9.34,50.9890,9.16,5
000031,中粮地产,2013-09-30,3,1831.0640,1.01,869.3780,0.53,2
000039,中集集团,2013-09-30,4,6355.0520,2.39,295.0320,2.28,4
000043,中航地产,2013-09-30,2,783.8660,1.18,783.8660,0.00,0
000046,泛海建设,2013-09-30,2,3203.3700,0.70,-265.0300,0.76,2
000049,德赛电池,2013-09-30,7,1916.7380,14.01,-565.5350,18.14,8
000050,深天马A,2013-09-30,2,1882.4150,3.28,-1078.4170,5.16,5
000058,深赛格,2013-09-30,1,300.0000,0.38,300.0000,0.00,0
000060,中金岭南,2013-09-30,6,13380.3910,6.49,12.6160,6.48,7
000061,农产品,2013-09-30,2,2967.8100,1.75,-109.5200,1.81,2
000063,中兴通讯,2013-09-30,3,8672.9700,2.52,-3538.3200,3.55,4
000065,北方国际,2013-09-30,1,77.9987,0.37,77.9987,0.00,0
000066,长城电脑,2013-09-30,1,164.1760,0.12,-16.0980,0.14,1
000069,华侨城A,2013-09-30,4,20151.9400,2.77,-6324.9100,3.64,5
000078,海王生物,2013-09-30,2,222.4028,0.30,-8.0556,0.31,2
000088,盐田港,2013-09-30,2,716.7660,0.37,-5608.5970,3.26,6
000089,深圳机场,2013-09-30,1,384.2450,0.23,11.5490,0.22,1
000090,深天健,2013-09-30,1,266.3830,0.48,-230.6060,0.90,2
000099,中信海直,2013-09-30,3,296.2587,0.58,62.3553,0.46,2
000153,丰原药业,2013-09-30,2,490.3639,1.57,490.3639,0.00,0
000156,华数传媒,2013-09-30,1,36.2795,0.03,-34.2859,0.06,2
000157,中联重科,2013-09-30,1,5374.7500,0.70,-516.0100,0.76,1
000158,常山股份,2013-09-30,1,859.9780,1.20,859.9780,0.00,0
000159,国际实业,2013-09-30,1,83.5937,0.17,-667.9580,1.56,2
000400,许继电气,2013-09-30,9,7531.9520,15.32,952.8070,13.38,8
000401,冀东水泥,2013-09-30,2,1261.8770,0.94,-2137.7690,2.52,3
000402,金融街,2013-09-30,3,7909.3800,2.61,-777.7700,2.87,3
000403,*ST生化,2013-09-30,1,150.0000,0.55,0.0000,0.55,1
000404,华意压缩,2013-09-30,2,663.7450,1.19,417.7900,0.44,1
000407,胜利股份,2013-09-30,2,1122.6920,1.73,-2750.4840,5.97,5
000411,英特集团,2013-09-30,1,767.0420,3.70,-265.6570,4.98,2
000413,宝石A,2013-09-30,2,1153.5790,1.28,-146.4210,1.44,1
000418,小天鹅A,2013-09-30,2,1609.2260,2.54,-728.6680,3.70,3
000422,湖北宜化,2013-09-30,5,3182.4950,3.54,-632.6270,4.25,6
000423,东阿阿胶,2013-09-30,7,5321.4700,8.14,-1457.9830,10.37,8
000425,徐工机械,2013-09-30,3,3651.7000,1.77,-412.7300,1.97,3
000426,兴业矿业,2013-09-30,1,503.6850,1.05,-10.0220,1.17,1
600754,锦江股份,2013-09-30,4,2050.4630,3.40,-439.7690,4.13,4
600755,厦门国贸,2013-09-30,1,231.2630,0.17,-468.8060,0.53,3
600761,安徽合力,2013-09-30,5,2929.4080,5.70,-470.3130,6.61,5
600763,通策医疗,2013-09-30,4,1029.9890,6.42,-68.1120,6.85,4
600765,中航重机,2013-09-30,1,210.0000,0.27,-287.4630,0.64,2
600776,东方通信,2013-09-30,2,3210.6830,2.56,-430.4380,2.90,3
600778,友好集团,2013-09-30,2,617.0230,1.98,487.8630,0.41,1
600779,水井坊,2013-09-30,1,234.1480,0.48,-363.3700,1.22,2
600780,通宝能源,2013-09-30,2,591.4410,0.52,-1152.0200,1.52,2
600783,鲁信创投,2013-09-30,6,880.3010,1.18,569.7821,0.42,3
600785,新华百货,2013-09-30,2,612.8630,2.95,-140.0490,3.63,2
600787,中储股份,2013-09-30,2,900.0000,0.97,-2554.8000,3.72,3
600794,保税科技,2013-09-30,1,649.9870,1.37,250.0010,0.84,1
600795,国电电力,2013-09-30,2,18999.9900,1.10,2289.9000,0.97,2
600797,浙大网新,2013-09-30,2,736.3670,0.89,23.4420,0.85,2
600801,华新水泥,2013-09-30,2,2223.6800,2.38,-23.4690,2.40,2
600804,鹏博士,2013-09-30,1,2959.7800,2.14,-1762.6600,3.53,2
600805,悦达投资,2013-09-30,5,5476.7590,6.44,-1927.3630,8.70,6
600808,马钢股份,2013-09-30,1,5300.0000,0.69,0.0000,0.69,1
600809,山西汾酒,2013-09-30,6,2702.7280,3.12,-204.2200,3.36,5
600811,东方集团,2013-09-30,3,3447.5170,2.07,-598.4230,2.43,4
600812,华北制药,2013-09-30,2,5147.9100,3.73,144.8500,3.63,2
600815,厦工股份,2013-09-30,3,1490.8940,1.55,-272.1100,1.84,3
600820,隧道股份,2013-09-30,1,128.8280,0.10,-60.3280,0.15,1
600823,世茂股份,2013-09-30,1,732.8910,0.63,-1704.5900,2.08,2
600824,益民集团,2013-09-30,2,1639.7270,1.87,1639.7270,0.00,0
600826,兰生股份,2013-09-30,1,707.2280,1.68,707.2280,0.00,0
600827,友谊股份,2013-09-30,2,3206.7870,1.86,3206.7870,0.00,0
600828,成商集团,2013-09-30,2,1300.0000,2.28,-1143.3800,4.28,1
600831,广电网络,2013-09-30,1,430.0000,0.76,-83.2310,0.91,1
600832,东方明珠,2013-09-30,3,2382.3940,0.75,1415.1540,0.30,1
600835,上海机电,2013-09-30,5,9503.5130,9.29,7321.2170,2.13,2
600839,四川长虹,2013-09-30,3,4649.2100,1.01,-542.0900,1.12,3
600845,宝信软件,2013-09-30,1,114.7210,0.34,114.7210,0.00,0
600847,万里股份,2013-09-30,3,1061.0540,11.97,-200.5970,14.23,3
601607,上海医药,2013-09-30,4,6533.5900,2.43,609.9200,2.20,1
600850,华东电脑,2013-09-30,1,171.0610,0.53,0.0000,0.53,1
600858,银座股份,2013-09-30,3,3402.7810,6.54,171.8710,6.21,3
600859,王府井,2013-09-30,6,2286.9640,4.94,338.7250,4.21,4
600860,北人股份,2013-09-30,1,181.0020,0.43,-69.7230,0.59,1
600861,北京城乡,2013-09-30,1,213.7770,0.67,213.7770,0.00,0
600867,通化东宝,2013-09-30,6,8123.8220,8.72,-2347.0620,11.24,9
600872,中炬高新,2013-09-30,5,7134.4460,8.96,-65.8800,9.04,7
600874,创业环保,2013-09-30,1,108.0370,0.08,-10.4730,0.08,1
600875,东方电气,2013-09-30,1,503.6920,0.25,-165.6990,0.33,1
600879,航天电子,2013-09-30,3,4411.6120,4.24,177.9630,4.07,2
600880,博瑞传播,2013-09-30,9,6072.9380,9.67,228.5580,9.31,7
600881,亚泰集团,2013-09-30,1,1079.8100,0.57,-70.5800,0.61,1
600884,杉杉股份,2013-09-30,1,199.9980,0.49,-267.2860,1.14,2
600885,宏发股份,2013-09-30,5,2299.3690,4.82,1374.3190,1.94,2
600886,国投电力,2013-09-30,5,45855.7100,6.76,-2147.7600,7.37,5
600887,伊利股份,2013-09-30,5,9269.9600,4.54,2496.4300,3.35,3
000430,张家界,2013-09-30,5,1797.9110,5.60,-1333.9640,9.76,7
000501,鄂武商A,2013-09-30,2,3105.6800,6.12,-887.2030,7.87,3
000503,海虹控股,2013-09-30,4,3335.1270,3.71,-560.5610,4.33,5
000513,丽珠集团,2013-09-30,7,3558.7810,12.03,-400.2700,13.39,7
000514,渝开发,2013-09-30,1,1378.3300,1.63,0.0000,1.63,1
000516,开元投资,2013-09-30,5,4436.7900,6.22,2223.3520,3.10,4
000517,荣安地产,2013-09-30,1,98.0785,0.09,98.0785,0.00,0
000518,四环生物,2013-09-30,2,446.0820,0.43,-16.9910,0.45,2
000521,美菱电器,2013-09-30,2,925.3250,1.21,-420.9600,1.76,3
000525,红太阳,2013-09-30,7,2679.4990,5.28,80.5040,5.12,7
000528,柳工,2013-09-30,6,5784.5700,5.14,-1837.7920,6.77,5
000530,大冷股份,2013-09-30,1,149.9910,0.43,-928.4500,3.08,3
000531,穗恒运A,2013-09-30,1,454.2640,1.33,-125.7750,1.69,2
000536,华映科技,2013-09-30,3,2140.2330,3.06,-31.8440,3.10,3
000537,广宇发展,2013-09-30,5,3229.6600,6.30,3229.6600,0.00,0
000538,云南白药,2013-09-30,6,3175.7800,4.57,-754.2900,5.66,7
000539,粤电力A,2013-09-30,1,3224.2000,0.74,0.0000,0.74,1
000540,中天城投,2013-09-30,5,3730.1610,2.90,-822.8520,3.56,5
000543,皖能电力,2013-09-30,2,429.9860,0.41,-949.9540,1.31,4
000547,闽福发A,2013-09-30,2,2085.7100,2.50,110.8500,2.37,1
000550,江铃汽车,2013-09-30,1,604.8630,0.70,-427.6000,1.20,2
000553,沙隆达A,2013-09-30,5,1824.9440,3.07,641.7930,1.99,4
000559,万向钱潮,2013-09-30,4,3159.2910,1.98,-316.1680,2.18,4
000562,宏源证券,2013-09-30,5,8529.2420,2.15,2361.9670,1.55,5
000566,海南海药,2013-09-30,4,7578.0100,15.30,-461.4200,16.24,5
000568,泸州老窖,2013-09-30,5,6236.3200,4.45,-2245.1120,6.05,7
000572,海马汽车,2013-09-30,2,2819.7700,1.71,-1800.1700,2.81,2
000573,粤宏远A,2013-09-30,1,456.8810,0.73,-128.9890,0.94,1
000581,威孚高科,2013-09-30,5,6841.8200,6.71,989.5390,8.60,6
000589,黔轮胎A,2013-09-30,1,179.3900,0.37,-118.4580,0.61,2
000590,紫光古汉,2013-09-30,3,1033.3140,4.63,773.3260,1.16,1
000598,兴蓉投资,2013-09-30,2,771.7230,0.26,-34.2780,0.27,2
000599,青岛双星,2013-09-30,2,913.4920,1.74,37.4110,1.67,2
000600,建投能源,2013-09-30,1,229.4180,0.25,-532.7090,0.83,2
000603,盛达矿业,2013-09-30,2,253.5638,0.50,-22.8607,0.55,3
000608,阳光股份,2013-09-30,1,1156.8900,1.54,0.0000,1.54,1
000609,绵世股份,2013-09-30,1,238.5380,0.80,238.5380,0.00,0
000612,焦作万方,2013-09-30,4,2826.2290,4.35,1263.1100,2.41,3
000616,亿城股份,2013-09-30,3,5963.8140,4.17,-2018.2260,5.58,2
000620,新华联,2013-09-30,1,213.9030,0.13,0.0000,0.13,1
000623,吉林敖东,2013-09-30,6,4014.3770,4.49,-89.7790,4.59,5
000625,长安汽车,2013-09-30,2,7340.4600,1.57,-2551.3200,2.12,3
000627,天茂集团,2013-09-30,3,1411.5310,1.04,403.8760,0.74,3
000629,攀钢钒钛,2013-09-30,3,12576.5400,1.46,-1382.3400,1.63,3
000630,铜陵有色,2013-09-30,7,4816.5230,3.39,-350.8490,3.63,7
000635,英力特,2013-09-30,2,517.7320,1.71,-119.8794,2.10,2
000639,西王食品,2013-09-30,3,276.1012,1.47,-1151.5458,7.58,6
000650,仁和药业,2013-09-30,2,2747.4300,2.77,-3839.8200,6.65,4
000651,格力电器,2013-09-30,1,3945.6000,1.31,-2903.1200,2.28,2
000655,金岭矿业,2013-09-30,2,128.8964,0.22,-4.9436,0.22,2
000656,金科股份,2013-09-30,6,4449.0910,3.84,-1273.0890,4.94,7
000657,*ST中钨,2013-09-30,1,93.1909,0.42,0.0000,0.42,1
000661,长春高新,2013-09-30,5,1107.2730,8.43,-158.9310,9.64,6
000665,湖北广电,2013-09-30,1,194.9990,0.50,46.9931,0.38,2
000666,经纬纺机,2013-09-30,1,145.8920,0.21,145.8920,0.00,0
000669,金鸿能源,2013-09-30,6,1258.3440,4.68,-721.7210,7.36,9
000671,阳光城,2013-09-30,3,6820.2900,6.70,-63.8600,6.76,3
000673,当代东方,2013-09-30,2,390.6991,1.88,390.6991,0.00,0
000679,大连友谊,2013-09-30,2,1176.1260,3.30,-113.7140,3.62,3
000680,山推股份,2013-09-30,3,2613.0300,2.11,-2200.6080,4.23,6
000683,远兴能源,2013-09-30,3,575.4400,0.75,-165.2660,0.96,3
000686,东北证券,2013-09-30,2,1395.5770,1.43,177.7510,1.24,3
000690,宝新能源,2013-09-30,5,7002.8800,4.06,-1964.7700,5.19,7
000692,惠天热电,2013-09-30,3,1377.8390,5.17,-20.7060,5.25,3
001696,宗申动力,2013-09-30,1,430.0640,0.38,430.0640,0.00,0
000697,炼石有色,2013-09-30,1,431.1630,0.90,136.9830,0.61,1
000700,模塑科技,2013-09-30,1,96.6100,0.31,96.6100,0.00,0
000703,恒逸石化,2013-09-30,1,210.7140,0.18,0.7040,0.18,1
000708,大冶特钢,2013-09-30,1,380.5140,0.85,380.5140,0.00,0
000709,河北钢铁,2013-09-30,5,17492.0500,1.65,539.3300,1.60,4
000712,锦龙股份,2013-09-30,4,1685.3810,3.76,1187.7960,1.11,2
000716,南方食品,2013-09-30,4,1756.4600,7.14,-596.3600,9.56,5
000718,苏宁环球,2013-09-30,3,9383.9800,4.59,-1696.3400,5.42,4
000719,大地传媒,2013-09-30,1,71.0100,0.16,0.0000,0.16,1
000721,西安饮食,2013-09-30,1,100.0000,0.40,100.0000,0.00,0
000725,京东方A,2013-09-30,1,30000.0000,2.22,-4044.6000,2.52,1
000726,鲁泰A,2013-09-30,3,2772.5660,2.90,-315.3700,3.07,4
000728,国元证券,2013-09-30,1,1727.7400,0.88,-276.1800,1.02,1
000731,四川美丰,2013-09-30,3,3543.1600,5.99,-3348.7400,11.65,5
000732,泰禾集团,2013-09-30,5,2438.1120,2.40,1207.2230,1.21,2
000733,振华科技,2013-09-30,4,807.8260,2.26,-95.0550,2.52,5
000735,罗牛山,2013-09-30,1,749.9850,0.85,510.2940,0.27,1
000738,中航动控,2013-09-30,1,56.8862,0.05,5.4740,0.05,1
000739,普洛药业,2013-09-30,1,1518.3100,1.86,-1230.9920,3.37,3
000748,长城信息,2013-09-30,5,3708.6260,9.87,1145.9920,6.82,4
000750,国海证券,2013-09-30,6,2349.5380,1.31,457.5110,1.06,4
000758,中色股份,2013-09-30,6,2976.9930,3.02,-415.9380,3.45,6
000759,中百集团,2013-09-30,1,2282.3400,3.35,0.0000,3.35,1
000762,西藏矿业,2013-09-30,1,200.0000,0.42,-489.9960,1.45,2
000768,中航飞机,2013-09-30,6,7759.6880,2.92,-28.7190,2.93,6
000778,新兴铸管,2013-09-30,5,4389.2830,2.29,-1499.2850,3.07,6
000779,三毛派神,2013-09-30,1,310.0000,1.66,0.0000,1.66,1
000780,平庄能源,2013-09-30,7,2639.3520,2.60,473.2200,2.14,6
000783,长江证券,2013-09-30,2,5125.3200,2.16,-749.5000,2.48,2
000785,武汉中商,2013-09-30,1,80.7148,0.32,-74.1278,0.62,2
000786,北新建材,2013-09-30,2,1265.7930,2.20,-1147.6770,4.20,4
000789,江西水泥,2013-09-30,1,450.0600,1.10,-490.5270,2.30,4
000792,盐湖股份,2013-09-30,3,2052.1160,1.29,-214.9510,1.43,3
000793,华闻传媒,2013-09-30,2,2307.8400,1.70,-1511.2100,2.81,2
000797,中国武夷,2013-09-30,2,488.3980,1.25,-47.5120,1.38,2
000798,中水渔业,2013-09-30,1,100.6850,0.32,0.0000,0.32,1
000799,酒鬼酒,2013-09-30,1,368.4270,1.13,368.4270,0.00,0
000800,一汽轿车,2013-09-30,9,11008.9310,6.76,1936.7960,5.57,7
000801,四川九洲,2013-09-30,1,498.3920,1.08,248.3920,0.54,1
000807,云铝股份,2013-09-30,5,8447.4070,5.49,1531.8640,4.49,6
000811,烟台冰轮,2013-09-30,4,929.1650,2.35,-223.1480,2.92,4
000816,江淮动力,2013-09-30,2,2328.8940,2.14,2328.8940,0.00,0
000818,方大化工,2013-09-30,1,893.6140,1.31,0.0000,1.31,1
000825,太钢不锈,2013-09-30,4,8325.2500,1.46,-865.1700,1.61,4
000826,桑德环境,2013-09-30,8,5532.0300,8.56,-294.9580,9.02,9
000828,东莞控股,2013-09-30,1,223.9300,0.22,223.9300,0.00,0
000829,天音控股,2013-09-30,3,1222.9940,1.29,1222.9940,0.00,0
000837,秦川发展,2013-09-30,1,137.5580,0.39,0.0000,0.39,1
000839,中信国安,2013-09-30,5,4425.6220,2.82,-280.8160,3.00,5
000848,承德露露,2013-09-30,7,5482.5320,13.66,-284.7970,14.37,8
000851,高鸿股份,2013-09-30,1,72.7300,0.14,72.7300,0.00,0
000858,五粮液,2013-09-30,5,9143.5500,2.41,-2727.1400,3.13,6
000860,顺鑫农业,2013-09-30,5,2278.8330,5.20,-705.3190,6.80,6
000861,海印股份,2013-09-30,2,259.7650,0.53,-55.3390,0.64,3
000868,安凯客车,2013-09-30,2,2039.9450,2.93,299.9970,2.50,2
000875,吉电股份,2013-09-30,1,371.1800,0.44,100.0000,0.32,1
000876,新希望,2013-09-30,1,1850.4900,1.06,1032.6400,0.47,1
000877,天山股份,2013-09-30,3,2015.3120,2.29,-543.7460,2.91,4
000878,云南铜业,2013-09-30,3,4049.6270,2.86,40.4220,2.83,3
000880,潍柴重机,2013-09-30,1,168.5390,0.61,-635.0492,2.91,3
000883,湖北能源,2013-09-30,2,4221.5200,1.58,4094.0800,0.05,1
000887,中鼎股份,2013-09-30,8,7363.1080,6.87,-4293.7930,10.87,8
000888,峨眉山A,2013-09-30,5,2222.7270,9.45,-163.7180,10.15,6
000893,东凌粮油,2013-09-30,6,2029.1650,7.61,795.4792,4.62,6
000895,双汇发展,2013-09-30,6,9091.7690,4.13,-583.9910,4.40,7
001896,豫能控股,2013-09-30,1,167.8000,0.27,74.9989,0.15,1
000897,津滨发展,2013-09-30,2,561.2720,0.35,-589.1450,0.71,3
000900,现代投资,2013-09-30,1,134.8970,0.17,-78.4053,0.36,2
000903,云内动力,2013-09-30,2,393.2210,0.58,-16.5740,0.60,2
000911,南宁糖业,2013-09-30,2,265.7480,0.93,157.3692,0.38,2
000915,山大华特,2013-09-30,6,3521.4800,19.54,668.7430,15.83,6
000916,华北高速,2013-09-30,4,3856.3990,3.54,3856.3990,0.00,0
000917,电广传媒,2013-09-30,9,9585.1560,9.43,-41.3330,9.48,8
000919,金陵药业,2013-09-30,3,1820.5070,3.61,963.5070,1.70,2
000921,海信科龙,2013-09-30,4,3173.6520,2.34,427.3140,2.03,5
000925,众合机电,2013-09-30,2,1249.2240,4.01,649.2240,1.93,1
000926,福星股份,2013-09-30,4,3568.5690,5.01,-1113.0580,6.57,5
000927,一汽夏利,2013-09-30,3,1637.9370,1.03,-1730.7660,2.11,4
000931,中关村,2013-09-30,1,133.9190,0.20,-13.0710,0.22,1
000932,华菱钢铁,2013-09-30,3,5088.0410,1.69,106.5170,1.65,3
000933,神火股份,2013-09-30,1,1177.9800,0.62,-3275.1450,2.34,5
000937,冀中能源,2013-09-30,3,2380.1270,1.03,-226.5190,1.13,3
000938,紫光股份,2013-09-30,5,2220.4400,10.77,2220.4400,0.00,0
000939,凯迪电力,2013-09-30,1,499.9940,0.53,499.9940,0.00,0
000948,南天信息,2013-09-30,4,1698.7520,7.33,1208.9319,2.11,3
000951,中国重汽,2013-09-30,7,2091.2920,4.99,-328.9210,5.77,7
000952,广济药业,2013-09-30,2,258.2081,1.03,79.9841,0.71,1
000960,锡业股份,2013-09-30,4,4780.2400,4.15,366.1550,3.83,5
000961,中南建设,2013-09-30,8,9128.4770,7.82,-803.5330,8.50,8
000962,东方钽业,2013-09-30,2,114.9018,0.26,-4.1190,0.27,2
000963,华东医药,2013-09-30,7,4027.0840,9.28,-668.8090,10.82,8
000968,煤气化,2013-09-30,1,143.7120,0.28,-10.5170,0.30,1
000969,安泰科技,2013-09-30,5,2473.8670,2.87,-143.3020,3.03,5
000970,中科三环,2013-09-30,4,4019.1860,3.77,881.0060,2.95,3
000973,佛塑科技,2013-09-30,2,319.0000,0.35,-11.6750,0.36,2
000977,浪潮信息,2013-09-30,5,1085.1660,5.05,784.0770,1.40,2
000979,中弘股份,2013-09-30,2,1393.6550,0.72,-1293.0850,2.65,2
000980,金马股份,2013-09-30,1,127.6920,0.40,127.6920,0.00,0
000983,西山煤电,2013-09-30,3,5067.0000,1.61,-554.9400,1.78,3
000987,广州友谊,2013-09-30,2,664.2100,1.85,-5.7900,1.87,1
000989,九芝堂,2013-09-30,2,507.6910,1.71,-1062.3940,5.28,4
000997,新大陆,2013-09-30,6,3005.6190,5.89,1096.0580,3.74,5
000998,隆平高科,2013-09-30,5,5003.3420,12.03,2676.4530,5.60,4
000999,华润三九,2013-09-30,5,6270.1470,6.41,-2396.5900,8.85,7
600537,亿晶光电,2013-09-30,2,695.9400,1.43,454.4070,0.50,1
600408,安泰集团,2013-09-30,2,404.5860,0.40,-556.6800,0.95,4
600521,华海药业,2013-09-30,6,6046.6170,7.70,-1311.5830,9.37,6
600513,联环药业,2013-09-30,2,67.4946,0.43,67.4946,0.00,0
600375,华菱星马,2013-09-30,2,224.7230,0.40,-88.2610,0.77,2
600481,双良节能,2013-09-30,3,723.4680,0.89,451.7240,0.34,1
600459,贵研铂业,2013-09-30,1,91.5987,0.46,-308.3883,1.99,2
600570,恒生电子,2013-09-30,6,11886.7600,19.24,335.8400,18.70,6
600584,长电科技,2013-09-30,1,1600.0000,1.88,399.6400,1.41,1
600251,冠农股份,2013-09-30,2,84.8838,0.23,-492.3202,1.59,2
600436,片仔癀,2013-09-30,2,289.2460,1.80,112.8746,1.26,2
600031,三一重工,2013-09-30,1,2908.2700,0.38,-3130.8400,0.79,2
600435,北方导航,2013-09-30,1,92.3680,0.12,-158.9491,0.34,3
600439,瑞贝卡,2013-09-30,3,3451.6350,3.66,2106.3210,1.43,2
600271,航天信息,2013-09-30,1,1350.4000,1.46,161.3300,1.29,2
600423,柳化股份,2013-09-30,1,540.1210,1.35,-571.0090,2.78,1
600475,华光股份,2013-09-30,3,401.6504,1.57,301.6760,0.39,1
600425,青松建化,2013-09-30,1,749.9910,0.54,-750.0090,1.09,1
600029,南方航空,2013-09-30,1,2001.0700,0.20,-933.3400,0.30,1
600352,浙江龙盛,2013-09-30,4,9675.8500,6.49,-183.0800,6.62,4
600489,中金黄金,2013-09-30,3,4066.8230,1.38,772.1930,1.12,2
600348,阳泉煤业,2013-09-30,7,5154.1720,2.14,184.4840,2.07,5
600487,亨通光电,2013-09-30,1,50.0000,0.24,-370.6370,2.03,3
600547,山东黄金,2013-09-30,4,2253.0400,1.58,-321.8410,1.81,4
600449,宁夏建材,2013-09-30,1,329.2170,0.69,209.2170,0.25,1
600432,吉恩镍业,2013-09-30,4,1028.2170,1.27,127.3450,1.11,4
600429,三元股份,2013-09-30,3,1092.9120,1.23,914.2150,0.20,1
600401,海润光伏,2013-09-30,3,1364.2090,1.32,-440.5320,1.74,4
600403,大有能源,2013-09-30,4,1348.7180,0.56,-354.6460,0.71,3
600517,置信电气,2013-09-30,1,1066.9500,1.54,-1135.9300,3.19,2
600406,国电南瑞,2013-09-30,7,18380.5800,8.33,-3143.0100,9.76,7
600469,风神股份,2013-09-30,2,273.2740,0.73,-188.7230,1.23,3
600021,上海电力,2013-09-30,3,5933.0300,2.77,-2022.8700,3.72,4
600184,光电股份,2013-09-30,5,808.1697,3.86,-462.6413,6.07,6
600527,江南高纤,2013-09-30,4,7692.4900,9.59,-1158.5200,11.03,4
600446,金证股份,2013-09-30,1,900.0000,3.43,-960.1460,7.09,5
600340,华夏幸福,2013-09-30,4,3396.6570,3.85,71.4700,3.77,4
600354,敦煌种业,2013-09-30,1,435.1300,0.97,435.1300,0.00,0
000100,TCL集团,2013-09-30,5,35502.3800,4.18,-25845.3700,7.22,7
600387,海越股份,2013-09-30,5,3386.8750,8.77,464.8390,7.57,5
600325,华发股份,2013-09-30,1,1200.0000,1.47,-1289.9900,3.05,1
600438,通威股份,2013-09-30,1,277.2120,0.34,277.2120,0.00,0
600470,六国化工,2013-09-30,2,181.0770,0.35,67.4030,0.22,1
600035,楚天高速,2013-09-30,1,1923.4900,2.06,0.0000,2.06,1
600479,千金药业,2013-09-30,2,1374.9340,4.51,-1675.0350,10.01,4
600284,浦东建设,2013-09-30,1,1000.0000,1.44,-1150.2850,3.10,3
600594,益佰制药,2013-09-30,6,7143.5740,19.81,319.8210,18.92,6
600405,动力源,2013-09-30,2,613.8370,2.38,405.3780,0.81,1
600467,好当家,2013-09-30,5,4162.0200,5.70,-133.5520,5.88,4
002181,粤传媒,2013-09-30,2,577.7670,0.83,314.6830,0.38,2
600969,郴电国际,2013-09-30,2,657.1780,3.13,-15.1880,3.20,2
600572,康恩贝,2013-09-30,7,9009.6070,11.13,-307.2250,11.51,7
600988,赤峰黄金,2013-09-30,1,163.6140,0.58,78.4000,0.30,1
600976,武汉健民,2013-09-30,5,1526.4980,9.95,-308.0250,11.96,5
600497,驰宏锌锗,2013-09-30,3,4223.2430,2.53,-808.6890,3.02,5
600990,四创电子,2013-09-30,6,907.3339,6.64,176.3989,5.35,4
600114,东睦股份,2013-09-30,1,343.7390,1.67,212.9500,0.64,1
600993,马应龙,2013-09-30,4,1148.0400,3.46,-995.8440,6.47,5
600967,北方创业,2013-09-30,6,3436.3620,7.52,-854.5460,9.39,6
600963,岳阳林纸,2013-09-30,1,500.0000,0.48,-544.5750,1.00,2
600495,晋西车轴,2013-09-30,2,283.7870,0.68,-460.0314,2.46,4
600461,洪城水业,2013-09-30,1,150.0000,0.45,-596.9850,2.26,2
600997,开滦股份,2013-09-30,2,977.9910,0.79,-538.9500,1.23,3
600420,现代制药,2013-09-30,3,909.9910,3.16,-1410.0650,8.06,5
002001,新和成,2013-09-30,4,3377.0050,4.65,-507.4000,5.35,5
002003,伟星股份,2013-09-30,4,989.3880,3.82,85.1250,3.49,3
002004,华邦颖泰,2013-09-30,3,2273.3480,3.91,-197.2170,4.35,3
002005,德豪润达,2013-09-30,2,3499.0000,3.00,-1760.1900,4.51,4
600143,金发科技,2013-09-30,2,9613.2600,3.65,-100.0000,3.69,2
002007,华兰生物,2013-09-30,3,2120.9620,3.65,-28.1390,3.73,3
002008,大族激光,2013-09-30,7,7390.2170,7.08,335.6400,6.75,6
002009,天奇股份,2013-09-30,1,131.9970,0.41,-217.9990,1.09,2
002010,传化股份,2013-09-30,2,2461.5000,5.04,-358.3500,5.78,2
002011,盾安环境,2013-09-30,1,1049.9800,1.24,-725.4230,2.12,2
002013,中航精机,2013-09-30,2,572.4630,0.80,-3.9700,0.80,2
002014,永新股份,2013-09-30,3,2419.1890,7.43,-1633.0580,12.44,4
002017,东信和平,2013-09-30,4,848.5060,3.88,792.5840,0.26,1
002018,华星化工,2013-09-30,2,1210.9610,1.01,46.5340,0.97,2
002019,鑫富药业,2013-09-30,6,1657.1380,7.52,1657.1380,0.00,0
600482,风帆股份,2013-09-30,1,80.0240,0.17,-333.7610,0.90,2
002020,京新药业,2013-09-30,7,3152.0960,12.48,1741.9930,5.58,3
002021,中捷股份,2013-09-30,1,289.9410,0.51,-651.6710,1.66,1
002022,科华生物,2013-09-30,7,6100.2160,12.39,941.2220,10.48,5
002023,海特高新,2013-09-30,5,2850.8910,8.46,1066.9780,5.29,4
002024,苏宁云商,2013-09-30,7,32053.0300,4.34,11282.8400,2.81,4
002025,航天电器,2013-09-30,5,1771.4600,5.37,-211.0950,6.01,6
600983,合肥三洋,2013-09-30,6,2260.6250,4.24,992.1645,2.38,5
002028,思源电气,2013-09-30,5,4318.6440,9.82,-175.0810,10.22,6
002029,七匹狼,2013-09-30,4,3702.9820,4.90,828.5580,3.80,4
600987,航民股份,2013-09-30,1,656.5920,1.03,221.0780,0.69,1
002031,巨轮股份,2013-09-30,3,1201.1790,2.55,286.9210,1.92,2
600971,恒源煤电,2013-09-30,4,1430.0650,1.43,343.3900,1.09,4
002032,苏泊尔,2013-09-30,3,1732.9700,2.73,-145.8170,2.96,3
600978,宜华木业,2013-09-30,4,4434.4740,3.85,-270.7420,4.08,3
002033,丽江旅游,2013-09-30,3,617.9170,2.90,195.0370,1.99,2
002035,华帝股份,2013-09-30,6,3799.3170,13.22,1442.0860,8.20,4
600979,广安爱众,2013-09-30,3,3061.1030,4.26,-1149.9900,5.87,5
002037,久联发展,2013-09-30,2,1518.4570,4.64,-1315.7400,8.66,4
002038,双鹭药业,2013-09-30,5,2904.6410,6.36,-1.6620,6.36,5
600027,华电国际,2013-09-30,2,11097.5400,1.51,-4029.1500,2.05,3
002039,黔源电力,2013-09-30,1,300.0000,1.47,0.0000,1.47,1
600970,中材国际,2013-09-30,1,345.8100,0.32,-147.8450,0.45,2
002041,登海种业,2013-09-30,4,888.1170,2.52,-132.6070,2.90,5
002042,华孚色纺,2013-09-30,2,1841.1580,2.21,-1341.0380,3.82,3
002049,同方国芯,2013-09-30,6,1550.4570,5.11,104.0780,4.77,6
002050,三花股份,2013-09-30,1,815.7960,1.37,815.7960,0.00,0
601588,北辰实业,2013-09-30,2,4396.3100,1.31,36.9500,1.29,2
601633,长城汽车,2013-09-30,7,6918.7450,2.27,-1653.7690,2.82,7
601866,中海集运,2013-09-30,3,2961.0380,0.25,-5511.7280,0.73,7
601899,紫金矿业,2013-09-30,2,12180.2700,0.56,-3906.1700,0.74,3
002672,东江环保,2013-09-30,4,1424.2560,6.31,643.3680,3.46,4
300150,世纪瑞尔,2013-09-30,5,1031.9730,3.82,1031.9730,0.00,0
002051,中工国际,2013-09-30,4,2623.1110,4.12,-120.8640,4.31,4
002052,同洲电子,2013-09-30,2,830.4590,1.22,650.4590,0.26,1
002053,云南盐化,2013-09-30,1,142.2240,0.77,0.0000,0.77,1
601788,光大证券,2013-09-30,1,1312.3600,0.38,12.3900,0.38,1
002500,山西证券,2013-09-30,1,1042.3500,0.43,-98.5300,0.48,1
601988,中国银行,2013-09-30,1,10049.9000,0.04,4218.0800,0.02,1
601628,中国人寿,2013-09-30,3,6167.4100,0.22,-469.2300,0.23,3
601601,中国太保,2013-09-30,1,4325.3700,0.48,49.9900,0.47,1
000333,美的集团,2013-09-30,3,3799.5100,2.25,3799.5100,0.00,0
600018,上港集团,2013-09-30,2,3314.2300,0.15,3314.2300,0.00,0
300139,福星晓程,2013-09-30,1,129.5000,1.18,-123.2039,2.31,3
300181,佐力药业,2013-09-30,5,1164.3300,8.09,547.6860,4.28,3
002281,光迅科技,2013-09-30,3,309.3286,1.66,226.5705,0.45,2
300205,天喻信息,2013-09-30,7,1803.2980,8.39,-467.6710,10.56,8
601857,中国石油,2013-09-30,3,9216.8700,0.05,-509.8700,0.05,3
002302,西部建设,2013-09-30,1,72.8709,0.16,-376.9549,0.96,3
002462,嘉事堂,2013-09-30,2,927.7690,3.87,355.9290,2.38,1
002106,莱宝高科,2013-09-30,5,4479.1700,6.35,-111.8440,6.50,4
601600,中国铝业,2013-09-30,1,2000.0000,0.15,255.1200,0.13,1
002626,金达威,2013-09-30,3,514.5404,2.86,344.5474,0.94,1
601088,中国神华,2013-09-30,4,9999.8300,0.50,-802.0800,0.54,4
300105,龙源技术,2013-09-30,4,1388.6160,4.87,-631.8120,7.09,9
300026,红日药业,2013-09-30,7,3039.7230,8.13,-280.3990,8.88,7
601333,广深铁路,2013-09-30,4,12597.9300,1.78,2561.3900,1.42,3
002187,广百股份,2013-09-30,1,344.9840,1.01,204.9840,0.41,1
002230,科大讯飞,2013-09-30,6,2894.7490,6.18,-207.9360,6.62,6
002167,东方锆业,2013-09-30,1,123.7010,0.30,-44.4900,0.41,1
300342,天银机电,2013-09-30,3,265.5426,2.66,265.5426,0.00,0
002643,烟台万润,2013-09-30,4,2979.0150,10.81,330.6560,9.61,5
002332,仙琚制药,2013-09-30,2,990.6590,2.90,115.7350,2.56,2
601126,四方股份,2013-09-30,6,2187.6950,5.38,758.5500,3.51,5
002153,石基信息,2013-09-30,6,3099.2430,10.03,-150.4990,10.51,5
002331,皖通科技,2013-09-30,1,265.2920,1.24,-327.9390,2.77,3
300269,联建光电,2013-09-30,1,120.5130,1.02,120.5130,0.00,0
002063,远光软件,2013-09-30,4,3989.0820,8.63,-2803.2100,14.71,6
601038,一拖股份,2013-09-30,1,99.9940,0.10,99.9940,0.00,0
601111,中国国航,2013-09-30,2,3800.0000,0.29,-556.7100,0.33,2
002056,横店东磁,2013-09-30,3,228.6368,0.56,-121.1850,0.85,4
002116,中国海诚,2013-09-30,1,165.6480,0.81,-16.9720,0.89,2
002457,青龙管业,2013-09-30,1,220.0000,0.66,-916.9260,3.39,3
002338,奥普光电,2013-09-30,3,495.0380,4.13,-181.6070,5.64,4
002570,贝因美,2013-09-30,5,4493.1240,7.03,605.2740,6.08,4
002185,华天科技,2013-09-30,6,6515.2980,10.03,1604.7710,7.56,5
300149,量子高科,2013-09-30,1,30.6440,0.15,-17.8536,0.24,1
002320,海峡股份,2013-09-30,2,864.8910,2.03,864.8910,0.00,0
002206,海利得,2013-09-30,2,679.9710,1.52,39.9970,1.43,2
601158,重庆水务,2013-09-30,4,3304.0090,0.69,-1674.5870,1.04,4
601168,西部矿业,2013-09-30,1,1086.4300,0.46,-71.0700,0.49,1
002222,福晶科技,2013-09-30,1,144.4870,0.51,15.5510,0.45,1
002203,海亮股份,2013-09-30,1,256.1700,0.33,256.1700,0.00,0
300294,博雅生物,2013-09-30,1,33.4277,0.44,-80.0003,1.50,1
000338,潍柴动力,2013-09-30,4,5424.6770,2.71,-921.4760,3.17,5
002416,爱施德,2013-09-30,4,2096.0810,2.10,1776.1000,0.32,2
002261,拓维信息,2013-09-30,4,772.9520,2.73,772.9520,0.00,0
002140,东华科技,2013-09-30,5,3673.2440,8.24,1281.6670,5.36,6
002080,中材科技,2013-09-30,7,3299.2320,8.25,-1018.7740,10.80,7
002117,东港股份,2013-09-30,2,337.8030,1.11,-404.6880,2.45,4
300034,钢研高纳,2013-09-30,5,783.8260,3.70,22.0255,3.59,5
601808,中海油服,2013-09-30,3,3084.5900,0.69,1028.1370,0.46,2
002534,杭锅股份,2013-09-30,1,104.8970,0.26,-5.0890,0.27,1
002358,森源电气,2013-09-30,5,2898.6730,7.29,-679.2360,10.40,7
601880,大连港,2013-09-30,1,307.8540,0.07,-311.6320,0.14,2
002182,云海金属,2013-09-30,1,322.1580,1.12,-100.0000,1.47,2
002430,杭氧股份,2013-09-30,1,267.0510,0.33,-711.4630,1.21,2
002405,四维图新,2013-09-30,1,277.8730,0.40,-4847.8070,7.41,4
601001,大同煤业,2013-09-30,2,1015.0570,0.61,608.6150,0.24,1
002202,金风科技,2013-09-30,4,7314.3800,2.71,-739.4100,2.99,4
601965,中国汽研,2013-09-30,7,4036.1180,6.30,-139.6520,6.52,7
002463,沪电股份,2013-09-30,1,547.2460,0.39,113.9130,0.31,1
002690,美亚光电,2013-09-30,5,1872.9020,7.20,15.3570,7.14,7
002143,高金食品,2013-09-30,1,110.9900,0.53,110.9900,0.00,0
002054,德美化工,2013-09-30,2,641.8850,1.99,94.1000,1.70,2
002055,得润电子,2013-09-30,5,1733.2960,4.18,-992.8460,6.58,5
002146,荣盛发展,2013-09-30,2,3605.4700,1.91,-181.2800,2.01,2
002065,东华软件,2013-09-30,4,4289.5940,6.22,-78.8090,6.33,4
600048,保利地产,2013-09-30,1,4400.0000,0.62,-3119.3800,1.05,1
601006,大秦铁路,2013-09-30,1,9301.5700,0.63,-10416.5000,1.33,2
601699,潞安环能,2013-09-30,2,1793.7180,0.78,-525.8550,1.01,2
002089,新海宜,2013-09-30,3,1229.9770,2.78,-1126.1730,5.32,2
002234,民和股份,2013-09-30,4,1980.0580,6.56,953.6330,3.40,3
002078,太阳纸业,2013-09-30,4,1660.8670,1.44,834.5800,0.72,3
002091,江苏国泰,2013-09-30,1,150.0000,0.42,-849.5030,2.78,4
002096,南岭民爆,2013-09-30,2,620.0479,1.67,160.0699,1.24,1
002118,紫鑫药业,2013-09-30,4,1632.5120,3.18,1542.7101,0.18,1
002064,华峰氨纶,2013-09-30,5,4770.4550,6.46,3264.5450,2.04,3
002073,软控股份,2013-09-30,5,3665.9770,4.94,-844.1470,6.08,4
002079,苏州固锝,2013-09-30,1,707.6870,0.97,319.4320,0.53,1
601666,平煤股份,2013-09-30,3,1785.7070,0.76,585.0160,0.51,2
002076,雪莱特,2013-09-30,1,131.4000,0.71,-18.6000,0.81,1
002068,黑猫股份,2013-09-30,1,456.1510,0.95,-1134.2190,3.32,2
300180,华峰超纤,2013-09-30,1,179.7620,1.14,-320.7860,3.17,2
002287,奇正藏药,2013-09-30,2,41.9124,0.10,-78.5736,0.30,1
300024,机器人,2013-09-30,3,1028.7490,3.46,-239.0050,4.26,3
300082,奥克股份,2013-09-30,1,100.2230,0.30,-270.1490,1.10,2
002308,威创股份,2013-09-30,5,3968.2530,4.75,-2826.4870,8.15,7
002396,星网锐捷,2013-09-30,5,1158.9690,3.30,518.5850,1.82,3
601898,中煤能源,2013-09-30,1,1043.1200,0.08,-1068.1700,0.16,2
601918,国投新集,2013-09-30,3,1668.5040,0.64,-148.8470,0.98,3
002461,珠江啤酒,2013-09-30,1,102.5640,0.15,-72.1801,0.26,2
002081,金螳螂,2013-09-30,5,4828.1790,4.11,-736.3800,4.74,5
002084,海鸥卫浴,2013-09-30,1,384.9990,0.95,0.0000,0.95,1
002172,澳洋科技,2013-09-30,1,570.0000,1.01,69.4970,0.90,1
002168,深圳惠程,2013-09-30,1,138.9170,0.18,-18.9000,0.21,1
002085,万丰奥威,2013-09-30,3,850.9210,2.18,850.9210,0.00,0
002086,东方海洋,2013-09-30,1,83.1103,0.34,83.1103,0.00,0
300049,福瑞股份,2013-09-30,1,99.9927,0.80,99.9927,0.00,0
002092,中泰化学,2013-09-30,1,554.6010,0.40,-6.0660,0.49,1
002350,北京科锐,2013-09-30,4,1198.9660,5.49,1198.9660,0.00,0
002093,国脉科技,2013-09-30,2,339.1310,0.39,-66.1260,0.47,2
002099,海翔药业,2013-09-30,3,1463.2760,4.51,-1070.1530,7.81,3
002100,天康生物,2013-09-30,1,236.8790,0.55,236.8790,0.00,0
601101,昊华能源,2013-09-30,6,1947.3460,1.62,1107.6510,0.70,4
601908,京运通,2013-09-30,3,1048.6710,1.22,224.9940,0.96,3
002104,恒宝股份,2013-09-30,6,3119.6040,7.08,298.1540,6.40,5
002108,沧州明珠,2013-09-30,2,249.8255,0.73,-417.5035,1.96,3
601002,晋亿实业,2013-09-30,2,301.7020,0.38,-100.9930,0.55,3
002107,沃华医药,2013-09-30,2,383.6546,2.34,327.0371,0.35,1
002115,三维通信,2013-09-30,4,1981.2840,4.82,981.2420,2.44,2
002250,联化科技,2013-09-30,8,9966.1260,18.97,-33.8130,19.04,8
002216,三全食品,2013-09-30,2,1191.3110,2.96,382.4980,2.01,1
002349,精华制药,2013-09-30,3,303.4420,1.52,238.4420,0.33,1
601003,柳钢股份,2013-09-30,1,106.2610,0.04,-2.8730,0.04,1
002123,荣信股份,2013-09-30,2,783.4290,1.55,-759.1540,3.06,3
601007,金陵饭店,2013-09-30,1,90.9830,0.30,90.9830,0.00,0
002126,银轮股份,2013-09-30,2,768.5260,2.35,768.5260,0.00,0
002129,中环股份,2013-09-30,4,4960.3820,5.64,-720.1650,6.46,4
002131,利欧股份,2013-09-30,1,232.7350,0.73,-137.5550,1.16,2
300303,聚飞光电,2013-09-30,8,3157.7980,14.51,955.3230,10.12,8
601118,海南橡胶,2013-09-30,4,3795.8290,0.97,2134.9420,0.42,3
002136,安纳达,2013-09-30,2,331.2750,1.54,331.2750,0.00,0
601958,金钼股份,2013-09-30,3,1269.1700,0.39,-58.5900,0.41,3
002128,露天煤业,2013-09-30,3,1163.6970,0.88,303.1420,0.65,2
300016,北陆药业,2013-09-30,3,895.7650,2.93,-1218.3050,6.92,4
002279,久其软件,2013-09-30,1,29.2764,0.17,0.0000,0.17,1
300271,华宇软件,2013-09-30,6,1750.8390,11.79,398.2470,9.14,4
300318,博晖创新,2013-09-30,1,153.5330,0.94,45.3130,0.66,1
603993,洛阳钼业,2013-09-30,3,625.0016,0.12,308.5601,0.06,3
002138,顺络电子,2013-09-30,5,2837.5770,8.65,182.8610,8.09,5
300295,三六五网,2013-09-30,6,502.3961,9.42,224.4182,5.21,4
601028,玉龙股份,2013-09-30,7,2942.9760,9.27,2942.9760,0.00,0
002371,七星电子,2013-09-30,3,2795.5220,7.94,27.1900,7.86,3
002159,三特索道,2013-09-30,2,964.3460,8.04,-391.3300,11.30,3
002148,北纬通信,2013-09-30,8,2144.1630,18.91,777.7500,12.05,6
002152,广电运通,2013-09-30,3,3886.3530,5.20,1165.5050,3.64,2
002150,通润装备,2013-09-30,1,83.0076,0.33,83.0076,0.00,0
002296,辉煌科技,2013-09-30,2,485.3380,2.73,258.3190,1.28,2
002157,正邦科技,2013-09-30,5,1196.9720,2.78,-14.6840,2.81,4
002156,通富微电,2013-09-30,2,335.8880,0.52,171.8800,0.25,1
002155,辰州矿业,2013-09-30,4,2722.8800,2.73,-255.5010,2.99,4
002158,汉钟精机,2013-09-30,1,74.9936,0.31,-95.6764,0.71,2
002254,泰和新材,2013-09-30,4,2836.8770,5.57,1559.7210,2.51,4
002161,远望谷,2013-09-30,2,450.1060,0.61,175.7180,0.37,1
002179,中航光电,2013-09-30,7,2851.1560,6.15,1000.5620,3.99,6
002177,御银股份,2013-09-30,1,656.7260,0.86,461.1590,0.26,1
002423,中原特钢,2013-09-30,1,50.0000,0.11,50.0000,0.00,0
601390,中国中铁,2013-09-30,1,2922.2600,0.14,-7084.2000,0.47,4
002191,劲嘉股份,2013-09-30,3,1733.5940,2.70,1523.5940,0.33,1
002190,成飞集成,2013-09-30,2,168.6016,0.49,64.1696,0.30,1
002194,武汉凡谷,2013-09-30,1,41.3790,0.07,-1123.8400,2.10,3
002199,东晶电子,2013-09-30,3,1586.0920,8.37,1586.0920,0.00,0
300213,佳讯飞鸿,2013-09-30,1,180.5840,1.43,-25.3330,1.63,1
002197,证通电子,2013-09-30,2,216.7903,1.03,216.7903,0.00,0
002436,兴森科技,2013-09-30,2,852.3140,3.82,-240.7060,4.89,2
002583,海能达,2013-09-30,3,539.6910,1.94,-349.9950,3.20,5
601999,出版传媒,2013-09-30,2,189.4480,0.34,189.4480,0.00,0
002454,松芝股份,2013-09-30,1,150.0000,0.48,0.0140,0.48,1
601238,广汽集团,2013-09-30,3,4236.3020,0.66,2075.5190,0.34,3
002391,长青股份,2013-09-30,2,836.1570,3.98,556.1660,1.33,1
002397,梦洁家纺,2013-09-30,1,153.5200,1.02,-889.2045,6.90,4
002215,诺普信,2013-09-30,4,4583.0800,8.44,1403.3190,5.85,3
300229,拓尔思,2013-09-30,3,479.2200,2.34,-258.5110,3.62,4
002214,大立科技,2013-09-30,4,1175.3910,5.88,1175.3910,0.00,0
002226,江南化工,2013-09-30,6,2534.0400,6.33,1016.2210,3.84,6
601766,中国南车,2013-09-30,2,18470.2900,1.34,4624.7900,1.00,1
002221,东华能源,2013-09-30,3,787.1980,1.34,-2666.2470,5.89,6
300140,启源装备,2013-09-30,3,330.4484,2.71,302.2322,0.23,1
002364,中恒电气,2013-09-30,4,1690.0740,6.65,121.5340,6.17,4
002219,独一味,2013-09-30,3,1408.0000,3.20,-371.3020,4.04,4
601186,中国铁建,2013-09-30,1,6541.3800,0.53,-2307.8600,0.72,2
002273,水晶光电,2013-09-30,7,4062.9830,10.82,434.4410,9.67,6
002297,博云新材,2013-09-30,3,604.3250,1.88,410.0040,0.91,1
002223,鱼跃医疗,2013-09-30,6,4537.4790,8.54,-390.0210,9.27,6
002550,千红制药,2013-09-30,2,322.6460,2.02,-500.7320,5.15,4
002244,滨江集团,2013-09-30,5,3979.1420,2.94,-1425.9710,4.00,5
002227,奥特迅,2013-09-30,1,46.0004,0.42,30.4103,0.14,1
002237,恒邦股份,2013-09-30,3,552.5368,1.21,427.7008,0.27,1
002231,奥维通信,2013-09-30,2,245.0000,0.69,245.0000,0.00,0
002249,大洋电机,2013-09-30,2,3774.9680,5.27,-309.9880,5.71,3
002236,大华股份,2013-09-30,6,7660.3200,6.68,1090.5600,5.73,5
002252,上海莱士,2013-09-30,1,283.8760,0.58,0.0000,0.58,1
002238,天威视讯,2013-09-30,3,321.3847,1.00,-243.9431,1.76,4
002247,帝龙新材,2013-09-30,1,80.1392,0.62,54.5109,0.20,1
002372,伟星新材,2013-09-30,4,683.1230,2.05,683.1230,0.00,0
002241,歌尔声学,2013-09-30,5,7293.5000,4.78,-499.1850,5.11,6
002242,九阳股份,2013-09-30,4,4956.2870,6.51,4801.7800,0.20,1
601777,力帆股份,2013-09-30,1,70.8270,0.07,-7.0030,0.08,1
002251,步步高,2013-09-30,4,2274.5460,3.81,410.9810,5.70,5
002450,康得新,2013-09-30,3,5223.1700,5.57,-846.6100,6.47,4
002255,海陆重工,2013-09-30,5,3442.1420,13.33,55.2910,13.12,5
002262,恩华药业,2013-09-30,2,966.0300,2.95,256.9970,2.16,1
002258,利尔化学,2013-09-30,1,354.7360,1.75,222.9250,0.65,1
002419,天虹商场,2013-09-30,3,748.5680,0.94,-431.2340,1.47,3
300028,金亚科技,2013-09-30,1,159.9900,0.60,159.9900,0.00,0
002322,理工监测,2013-09-30,1,200.0000,0.71,-352.5740,1.96,2
601216,内蒙君正,2013-09-30,1,863.0900,0.67,863.0900,0.00,0
002342,巨力索具,2013-09-30,2,698.1500,0.73,209.5970,0.51,1
300054,鼎龙股份,2013-09-30,5,1693.8410,6.19,449.2680,4.57,3
300011,鼎汉技术,2013-09-30,1,119.3780,0.52,0.0000,0.52,1
601668,中国建筑,2013-09-30,3,52890.2000,1.76,-3843.8000,1.89,3
002271,东方雨虹,2013-09-30,4,3305.8360,9.19,-174.0740,10.13,4
002269,美邦服饰,2013-09-30,2,259.1150,0.26,-178.8340,0.44,3
300079,数码视讯,2013-09-30,4,3968.8080,11.67,1159.7440,8.29,3
002601,佰利联,2013-09-30,5,812.9914,4.25,770.3388,0.23,1
300233,金城医药,2013-09-30,2,312.1669,2.58,-20.2911,2.75,1
300115,长盈精密,2013-09-30,8,3042.6720,11.79,-202.4710,12.58,9
300015,爱尔眼科,2013-09-30,6,2233.1000,5.16,320.1110,4.42,6
002299,圣农发展,2013-09-30,3,3324.1340,3.65,3324.1340,0.00,0
002344,海宁皮城,2013-09-30,3,3260.5570,2.91,-1110.7030,3.90,3
002284,亚太股份,2013-09-30,3,303.2460,1.06,-199.8860,1.75,3
300036,超图软件,2013-09-30,1,218.0490,1.82,-52.6891,2.26,2
002277,友阿股份,2013-09-30,1,752.5950,1.35,-1643.7950,4.29,3
300002,神州泰岳,2013-09-30,4,3212.1830,5.24,2417.0060,1.30,1
002438,江苏神通,2013-09-30,1,53.0000,0.25,53.0000,0.00,0
601233,桐昆股份,2013-09-30,3,3645.0480,3.78,2268.8660,1.43,4
002285,世联地产,2013-09-30,4,1413.7920,3.33,451.2220,2.27,2
300070,碧水源,2013-09-30,6,6774.4820,7.65,-343.7310,8.04,6
002291,星期六,2013-09-30,1,1352.5600,3.72,-122.0770,4.06,2
002292,奥飞动漫,2013-09-30,5,3239.4990,5.27,182.6740,4.98,4
002293,罗莱家纺,2013-09-30,3,1277.2930,4.55,-721.0850,7.12,5
002294,信立泰,2013-09-30,5,1602.9380,2.45,206.8130,2.14,4
601299,中国北车,2013-09-30,4,28096.7500,2.72,-4299.7400,3.14,4
601117,中国化学,2013-09-30,1,1778.2600,0.36,-3281.9800,1.03,2
300038,梅泰诺,2013-09-30,4,750.6541,4.67,-59.4669,5.15,3
002683,宏大爆破,2013-09-30,8,2872.2730,13.12,1043.5260,8.35,5
002529,海源机械,2013-09-30,1,31.0000,0.19,31.0000,0.00,0
300072,三聚环保,2013-09-30,6,5498.9210,10.87,1180.8500,8.54,4
300052,中青宝,2013-09-30,2,776.2160,2.99,776.2160,0.00,0
601618,中国中冶,2013-09-30,3,6079.2100,0.32,-624.7400,0.35,3
002496,辉丰股份,2013-09-30,3,776.8040,3.17,165.9800,2.49,2
300353,东土科技,2013-09-30,1,100.0000,1.17,80.0094,0.37,1
002556,辉隆股份,2013-09-30,1,319.9960,0.67,319.9960,0.00,0
002431,棕榈园林,2013-09-30,2,1105.6170,2.40,-572.9870,3.64,3
300075,数字政通,2013-09-30,4,1130.8330,8.97,229.3870,7.15,4
002412,汉森制药,2013-09-30,5,637.8496,4.31,158.0306,3.24,2
300171,东富龙,2013-09-30,3,625.3010,3.01,-221.3390,4.07,4
300093,金刚玻璃,2013-09-30,1,291.9880,1.35,0.0000,1.35,1
002422,科伦药业,2013-09-30,4,4125.1790,8.59,-39.4930,8.68,4
300058,蓝色光标,2013-09-30,2,1837.2200,3.96,-589.0820,6.02,3
300285,国瓷材料,2013-09-30,3,770.5358,6.17,127.6741,10.30,7
002415,海康威视,2013-09-30,6,14400.4500,3.58,8389.6010,2.99,5
601888,中国国旅,2013-09-30,5,3328.7470,3.41,873.1770,2.79,4
002489,浙江永强,2013-09-30,2,355.9678,0.74,259.2762,0.20,1
002301,齐心文具,2013-09-30,1,120.0000,0.31,-250.3820,0.96,2
601989,中国重工,2013-09-30,1,5055.2300,0.33,-2735.6700,0.53,1
002315,焦点科技,2013-09-30,4,710.1618,6.04,609.9128,0.85,1
002303,美盈森,2013-09-30,5,862.8520,4.83,-492.3640,7.58,5
002305,南国置业,2013-09-30,2,2470.0100,2.56,-946.5350,3.55,3
300264,佳创视讯,2013-09-30,1,72.8050,0.48,72.8050,0.00,0
300012,华测检测,2013-09-30,4,2173.0960,5.88,-396.8750,6.96,3
300007,汉威电子,2013-09-30,2,459.1940,3.89,3.7400,3.86,2
300064,豫金刚石,2013-09-30,3,1959.6350,3.22,1274.0950,1.13,2
300023,宝德股份,2013-09-30,1,159.9850,1.78,159.9850,0.00,0
300047,天源迪科,2013-09-30,3,658.0970,2.09,-1647.2870,7.31,6
300032,金龙机电,2013-09-30,7,2222.8620,7.79,-948.7460,11.11,6
300033,同花顺,2013-09-30,4,503.7344,3.75,-141.9406,4.80,4
300037,新宙邦,2013-09-30,3,557.8423,3.26,-1811.5377,13.84,5
300091,金通灵,2013-09-30,2,650.8830,3.11,650.8830,0.00,0
300031,宝通带业,2013-09-30,1,249.9970,1.67,122.1785,0.85,2
300101,国腾电子,2013-09-30,1,500.0000,1.80,-661.5920,4.18,2
300071,华谊嘉信,2013-09-30,5,1399.2430,9.01,220.6000,7.59,5
300005,探路者,2013-09-30,6,5733.8620,13.54,1327.9080,10.41,4
300045,华力创通,2013-09-30,1,550.7260,2.05,341.1290,0.78,1
300027,华谊兄弟,2013-09-30,4,2390.5200,3.95,-686.6570,5.09,5
300003,乐普医疗,2013-09-30,2,1325.2390,1.63,315.6330,1.24,2
300010,立思辰,2013-09-30,3,1161.5870,4.45,364.0360,3.06,2
300006,莱美药业,2013-09-30,7,1871.5000,10.23,-371.6000,12.26,7
300238,冠昊生物,2013-09-30,3,609.3980,4.99,438.6600,1.40,1
300035,中科电气,2013-09-30,3,913.9660,5.08,-219.9390,6.30,3
300041,回天胶业,2013-09-30,2,532.1730,3.15,-27.3520,3.31,2
300001,特锐德,2013-09-30,3,495.1412,2.47,-404.5414,4.49,4
300066,三川股份,2013-09-30,4,781.2800,5.01,-553.2650,8.56,5
300009,安科生物,2013-09-30,3,1228.4260,5.09,-365.8510,6.61,4
300142,沃森生物,2013-09-30,2,406.9190,2.23,83.1460,1.78,2
002310,东方园林,2013-09-30,7,4085.8370,6.74,-1152.0610,8.64,8
002309,中利科技,2013-09-30,4,1487.9270,3.10,992.3140,1.03,2
002311,海大集团,2013-09-30,4,5851.1040,5.92,-123.2340,6.04,5
002312,三泰电子,2013-09-30,4,2150.6400,5.81,1561.8790,3.20,2
300127,银河磁体,2013-09-30,3,195.1794,1.21,20.4318,1.08,3
002313,日海通讯,2013-09-30,2,900.9790,2.83,302.7020,1.88,4
300252,金信诺,2013-09-30,5,1049.7890,6.39,283.8728,7.09,5
002400,省广股份,2013-09-30,8,6163.1220,15.99,29.9710,15.91,7
002568,百润股份,2013-09-30,4,528.8280,3.31,248.1683,1.75,3
002324,普利特,2013-09-30,1,323.3780,1.20,0.0000,1.20,1
601799,星宇股份,2013-09-30,4,342.0299,1.43,212.4549,0.54,1
002314,雅致股份,2013-09-30,1,738.0000,2.54,28.2140,2.45,1
002327,富安娜,2013-09-30,2,1269.5130,3.95,-592.1110,5.79,4
002318,久立特材,2013-09-30,4,1875.4600,6.01,177.0530,5.44,4
002317,众生药业,2013-09-30,6,2875.3340,7.99,1002.7840,5.20,4
002474,榕基软件,2013-09-30,2,355.0860,1.14,169.3460,0.60,1
002321,华英农业,2013-09-30,1,1025.9900,2.41,717.3610,1.05,1
002325,洪涛股份,2013-09-30,6,6716.9970,9.53,-3487.4730,14.78,7
300004,南风股份,2013-09-30,1,200.0000,1.06,-450.0000,3.46,2
601179,中国西电,2013-09-30,1,2685.6100,0.52,2685.6100,0.00,0
300014,亿纬锂能,2013-09-30,7,2192.7720,11.02,-311.1870,12.58,8
601877,正泰电器,2013-09-30,4,4667.0490,4.64,-56.8970,4.70,4
300017,网宿科技,2013-09-30,7,2262.8130,14.45,-451.5530,17.48,7
300019,硅宝科技,2013-09-30,2,357.4480,2.19,296.7280,0.37,1
300020,银江股份,2013-09-30,4,1678.3430,6.94,-1244.1360,12.11,6
300025,华星创业,2013-09-30,3,385.2011,1.80,-378.7319,4.90,1
002385,大北农,2013-09-30,5,10482.3900,6.48,2437.9500,5.01,5
002335,科华恒盛,2013-09-30,2,828.1800,3.72,103.7830,3.25,2
002340,格林美,2013-09-30,1,454.8730,0.60,-272.9970,0.97,2
002339,积成电子,2013-09-30,1,1109.0400,2.93,-303.5610,3.73,2
002341,新纶科技,2013-09-30,1,285.9250,0.77,-312.0060,1.60,1
002538,司尔特,2013-09-30,1,375.7000,1.27,-1176.3300,5.24,3
002345,潮宏基,2013-09-30,1,265.4760,0.63,0.0000,0.74,1
002348,高乐股份,2013-09-30,3,1149.2920,2.43,1149.2920,0.00,0
601258,庞大集团,2013-09-30,3,1565.1170,0.60,-3599.6650,1.97,4
002492,恒基达鑫,2013-09-30,1,42.5200,0.35,42.5200,0.00,0
300335,迪森股份,2013-09-30,7,2110.3090,10.09,624.5770,7.10,7
002351,漫步者,2013-09-30,2,166.6240,0.57,35.5285,0.45,2
002353,杰瑞股份,2013-09-30,5,3255.2230,5.45,375.1350,4.82,5
002355,兴民钢圈,2013-09-30,1,589.9970,1.15,589.9970,0.00,0
300030,阳普医疗,2013-09-30,3,811.1090,5.48,561.1090,1.69,1
002549,凯美特气,2013-09-30,4,1390.8940,5.15,-450.9962,6.82,7
002375,亚厦股份,2013-09-30,5,5136.9750,8.08,-455.9330,8.80,5
300039,上海凯宝,2013-09-30,6,5874.0830,11.17,830.8140,9.59,6
002367,康力电梯,2013-09-30,4,3347.2380,8.79,686.2690,6.99,3
002368,太极股份,2013-09-30,3,922.6170,3.89,-853.5680,7.49,4
300048,合康变频,2013-09-30,2,1860.0000,5.50,-1492.0320,9.91,5
002566,益盛药业,2013-09-30,4,801.8250,3.63,714.2115,0.40,1
002376,新北洋,2013-09-30,5,6784.9000,11.31,368.8610,10.69,5
601106,中国一重,2013-09-30,2,2492.3000,0.38,-206.8400,0.41,2
300043,星辉车模,2013-09-30,6,2617.4230,10.83,-879.5610,14.46,8
300050,世纪鼎利,2013-09-30,4,1205.1260,5.58,1205.1260,0.00,0
002378,章源钨业,2013-09-30,1,156.7760,0.37,56.4290,0.23,2
002382,蓝帆股份,2013-09-30,5,506.2871,2.11,456.2871,0.21,1
002421,达实智能,2013-09-30,5,1838.5270,8.81,-1294.7940,15.01,6
002630,华西能源,2013-09-30,4,1015.1100,6.08,-842.2250,11.12,5
002392,北京利尔,2013-09-30,1,698.9360,1.17,607.5474,0.17,1
002394,联发股份,2013-09-30,1,63.4804,0.29,0.0000,0.29,1
300055,万邦达,2013-09-30,4,2545.0820,11.12,829.7610,7.50,4
300057,万顺股份,2013-09-30,7,3889.5220,9.22,242.4570,8.64,8
002398,建研集团,2013-09-30,2,945.9510,3.59,103.0060,3.20,2
002390,信邦制药,2013-09-30,4,1022.6750,5.89,907.3800,0.66,1
601669,中国水电,2013-09-30,2,6616.0400,0.69,-12404.7600,1.98,4
002410,广联达,2013-09-30,4,2139.7440,3.98,256.2450,3.51,3
002604,龙力生物,2013-09-30,3,2010.2570,8.30,133.3460,7.75,3
002476,宝莫股份,2013-09-30,1,112.3700,0.18,112.3700,0.00,0
002401,中海科技,2013-09-30,1,189.5130,0.94,189.5130,0.00,0
300059,东方财富,2013-09-30,4,7456.8300,11.10,2707.1620,7.07,3
002411,九九久,2013-09-30,2,764.9930,2.20,764.9930,0.00,0
002439,启明星辰,2013-09-30,7,3597.9890,17.33,338.5780,15.70,6
002414,高德红外,2013-09-30,1,379.8350,0.63,379.8350,0.00,0
300062,中能电气,2013-09-30,1,41.9813,0.27,41.9813,0.00,0
002433,太安堂,2013-09-30,3,604.1750,2.17,544.1750,0.22,1
601018,宁波港,2013-09-30,1,2188.3700,0.17,-142.9500,0.18,1
300068,南都电源,2013-09-30,1,645.5440,1.08,-1366.4680,3.36,2
601369,陕鼓动力,2013-09-30,1,2390.2000,1.46,-352.9390,1.67,2
002573,国电清新,2013-09-30,3,1078.5360,2.02,-3555.0390,8.70,6
002428,云南锗业,2013-09-30,1,1619.3000,2.48,1619.3000,0.00,0
002424,贵州百灵,2013-09-30,3,1262.0500,2.68,1262.0500,0.00,0
002426,胜利精密,2013-09-30,2,553.2970,1.38,-156.9180,1.77,2
002456,欧菲光,2013-09-30,5,2079.0540,4.47,-968.1700,6.55,7
002447,壹桥苗业,2013-09-30,2,763.2470,2.85,763.2470,0.00,0
002429,兆驰股份,2013-09-30,5,10780.9270,10.10,6217.4230,4.27,5
300076,GQY视讯,2013-09-30,1,200.0050,1.89,200.0050,0.00,0
002440,闰土股份,2013-09-30,3,1152.3690,3.00,-924.6930,5.42,5
002437,誉衡药业,2013-09-30,4,1336.1410,4.77,-93.6300,5.11,5
300080,新大新材,2013-09-30,4,1608.6980,3.20,98.6070,3.00,3
300083,劲胜股份,2013-09-30,6,1277.9110,6.39,116.9110,5.81,5
300078,中瑞思创,2013-09-30,5,692.8061,4.14,692.8061,0.00,0
300074,华平股份,2013-09-30,7,2933.8580,13.34,429.8180,11.38,6
601012,隆基股份,2013-09-30,4,4848.6630,9.00,2529.2340,4.31,3
002441,众业达,2013-09-30,1,183.8520,0.79,-845.7360,4.44,3
300235,方直科技,2013-09-30,5,483.7953,5.50,483.7953,0.00,0
002444,巨星科技,2013-09-30,5,3332.0640,3.29,1074.5010,4.45,7
002466,天齐锂业,2013-09-30,2,62.4718,0.42,-462.8707,3.57,8
002445,中南重工,2013-09-30,1,356.1680,1.41,-99.6390,1.81,1
300086,康芝药业,2013-09-30,3,690.0115,3.45,-820.9798,7.55,5
300081,恒信移动,2013-09-30,1,72.3999,0.54,0.0000,0.54,1
002458,益生股份,2013-09-30,1,230.0000,0.82,-255.7004,1.73,4
300272,开能环保,2013-09-30,4,850.4830,4.50,445.6775,2.14,3
300088,长信科技,2013-09-30,8,6484.2090,13.25,780.1790,11.65,8
300090,盛运股份,2013-09-30,5,3126.3820,11.99,897.8850,8.73,5
300085,银之杰,2013-09-30,3,396.0880,3.30,-124.7687,4.34,5
002460,赣锋锂业,2013-09-30,3,615.3767,4.03,-70.4296,4.49,4
601718,际华集团,2013-09-30,1,2002.0000,0.52,-2999.0420,1.30,3
300253,卫宁软件,2013-09-30,9,1893.4590,17.70,-147.7860,19.08,9
002663,普邦园林,2013-09-30,6,3579.3860,6.40,1027.6260,4.57,5
601208,东材科技,2013-09-30,2,1281.0820,2.08,-759.3100,3.31,3
002655,共达电声,2013-09-30,2,694.8960,2.90,68.4765,2.61,4
300102,乾照光电,2013-09-30,1,480.1750,1.63,480.1750,0.00,0
002484,江海股份,2013-09-30,4,678.7033,3.26,649.7622,0.14,1
300126,锐奇股份,2013-09-30,3,720.4338,4.75,319.0366,2.65,3
300104,乐视网,2013-09-30,5,3771.5810,4.72,1245.1340,3.18,4
002470,金正大,2013-09-30,5,3945.7540,5.64,768.7710,4.54,6
300305,裕兴股份,2013-09-30,1,38.9900,0.27,38.9900,0.00,0
300107,建新股份,2013-09-30,1,151.7000,1.13,151.7000,0.00,0
300113,顺网科技,2013-09-30,7,1233.8700,9.35,-640.1000,14.20,8
300106,西部牧业,2013-09-30,2,454.3413,3.88,116.0593,2.89,1
300133,华策影视,2013-09-30,9,5218.6990,8.99,-854.3890,10.46,9
002471,中超电缆,2013-09-30,1,59.9962,0.12,59.9962,0.00,0
300156,天立环保,2013-09-30,2,311.9469,1.08,69.9869,0.84,1
002530,丰东股份,2013-09-30,1,273.4620,1.02,-20.0000,1.10,1
002595,豪迈科技,2013-09-30,1,460.0000,2.30,72.0000,1.94,1
002614,蒙发利,2013-09-30,2,1624.3210,6.77,421.9810,5.01,2
002475,立讯精密,2013-09-30,4,2795.0390,5.11,-1213.4620,7.32,8
601886,江河创建,2013-09-30,1,600.0000,0.54,-4849.1200,4.87,3
300128,锦富新材,2013-09-30,6,1734.8690,4.24,-54.1500,8.75,8
601098,中南传媒,2013-09-30,4,3824.3000,2.13,821.1430,1.67,5
002477,雏鹰农牧,2013-09-30,5,7990.2450,9.35,3941.3620,7.58,5
002479,富春环保,2013-09-30,1,72.9207,0.10,-7.3940,0.11,1
002480,新筑股份,2013-09-30,5,3872.3780,13.83,649.9850,11.51,5
002481,双塔食品,2013-09-30,3,3103.8800,7.18,1337.5070,8.18,5
300121,阳谷华泰,2013-09-30,1,142.6100,1.02,-123.9711,1.90,2
300119,瑞普生物,2013-09-30,5,1217.0780,6.28,72.0930,5.90,5
300125,易世达,2013-09-30,3,569.4790,4.83,-109.9348,5.76,5
002482,广田股份,2013-09-30,4,2194.9820,4.24,147.9090,3.97,5
300138,晨光生物,2013-09-30,1,120.0000,0.67,0.0000,0.67,1
002521,齐峰新材,2013-09-30,3,2008.3390,4.78,448.3040,3.71,2
300122,智飞生物,2013-09-30,4,1120.7440,2.80,197.8430,2.31,3
300123,太阳鸟,2013-09-30,2,371.3730,2.67,-114.8795,3.50,2
002518,科士达,2013-09-30,2,79.4737,0.38,59.5464,0.10,1
600998,九州通,2013-09-30,4,4962.3140,3.49,-418.6620,3.79,4
002491,通鼎光电,2013-09-30,2,184.9614,0.67,184.9614,0.00,0
002497,雅化集团,2013-09-30,4,1487.3710,3.10,-282.4860,3.69,4
300134,大富科技,2013-09-30,4,2089.0190,6.53,102.1690,6.21,2
002494,华斯股份,2013-09-30,1,279.1580,2.46,88.8040,1.68,1
002498,汉缆股份,2013-09-30,1,52.9789,0.05,-5.4260,0.05,1
300137,先河环保,2013-09-30,1,119.9940,0.59,-759.4330,5.64,2
300132,青松股份,2013-09-30,1,339.0200,1.76,0.0000,1.76,1
300136,信维通信,2013-09-30,7,1696.5450,12.38,-707.8040,18.03,9
002567,唐人神,2013-09-30,3,1675.2830,3.98,-1067.5790,6.63,4
603123,翠微股份,2013-09-30,1,80.0000,0.26,-29.7260,0.36,1
002697,红旗连锁,2013-09-30,2,188.0000,0.47,188.0000,0.00,0
601928,凤凰传媒,2013-09-30,6,3997.9490,1.57,-1685.6990,2.23,5
002501,利源铝业,2013-09-30,5,2856.8040,6.10,972.5700,4.03,4
300141,和顺电气,2013-09-30,1,40.1899,0.24,-82.1701,0.74,1
300164,通源石油,2013-09-30,5,2771.1270,11.66,732.1050,8.58,4
002511,中顺洁柔,2013-09-30,1,300.9960,0.96,-600.0000,2.89,3
002554,惠博普,2013-09-30,5,1908.8970,4.19,-804.2350,5.95,6
002508,老板电器,2013-09-30,7,2979.8780,11.64,405.7510,10.06,6
300331,苏大维格,2013-09-30,4,675.3642,10.89,145.3792,8.55,2
002503,搜于特,2013-09-30,3,378.0540,0.88,-1065.0240,3.34,4
002509,天广消防,2013-09-30,3,1099.6440,2.75,-208.5500,3.27,4
300325,德威新材,2013-09-30,1,68.6871,0.43,68.6871,0.00,0
300144,宋城股份,2013-09-30,6,7678.6030,13.76,2899.5590,8.56,6
002507,涪陵榨菜,2013-09-30,6,1321.5540,8.53,101.7884,7.87,6
002515,金字火腿,2013-09-30,1,83.4846,0.58,53.4920,0.21,1
300289,利德曼,2013-09-30,5,911.3740,5.93,-76.3991,6.43,5
002512,达华智能,2013-09-30,3,515.5131,1.62,515.5131,0.00,0
300145,南方泵业,2013-09-30,4,1008.9290,6.95,205.2780,5.58,3
300148,天舟文化,2013-09-30,3,437.0180,2.87,387.0180,0.33,1
300158,振东制药,2013-09-30,1,100.0000,0.35,100.0000,0.00,0
300168,万达信息,2013-09-30,6,2043.7780,8.40,-72.9270,8.70,5
603167,渤海轮渡,2013-09-30,1,100.0000,0.21,-343.9840,0.92,1
300157,恒泰艾普,2013-09-30,7,6060.2100,16.41,3146.0160,15.78,7
002522,浙江众成,2013-09-30,1,94.9412,0.56,24.9509,0.41,1
300146,汤臣倍健,2013-09-30,9,2673.2970,8.15,-149.9750,8.61,8
002547,春兴精工,2013-09-30,2,912.0720,3.21,565.3780,1.22,1
300155,安居宝,2013-09-30,5,585.8782,3.21,-332.4899,5.03,7
002606,大连电瓷,2013-09-30,1,30.0000,0.15,0.0000,0.15,1
002524,光正集团,2013-09-30,4,2436.6320,4.84,-1128.2270,7.08,6
300147,香雪制药,2013-09-30,6,4833.3690,12.33,-399.0180,13.35,7
002532,新界泵业,2013-09-30,5,547.1104,3.42,469.8202,0.48,1
002540,亚太科技,2013-09-30,3,640.3025,1.54,555.1310,0.20,1
601933,永辉超市,2013-09-30,2,3956.5000,2.43,2204.3200,1.14,1
300223,北京君正,2013-09-30,2,151.4128,1.46,151.4128,0.00,0
300165,天瑞仪器,2013-09-30,3,232.8469,1.51,0.0000,1.51,3
300159,新研股份,2013-09-30,5,723.2773,4.01,-276.8097,5.54,6
002609,捷顺科技,2013-09-30,1,200.6470,1.09,200.6470,0.00,0
002557,洽洽食品,2013-09-30,6,2588.6840,7.66,73.2266,7.44,6
300170,汉得信息,2013-09-30,7,3208.9290,12.06,1029.3050,12.28,7
300166,东方国信,2013-09-30,6,711.8835,5.74,-65.0297,6.27,5
300174,元力股份,2013-09-30,1,134.1610,0.99,0.0000,0.99,1
300175,朗源股份,2013-09-30,4,2027.3210,4.31,1517.8340,1.08,2
002541,鸿路钢构,2013-09-30,1,436.8530,1.63,0.0000,1.63,1
300177,中海达,2013-09-30,7,1585.8080,7.85,1050.2860,2.66,3
300178,腾邦国际,2013-09-30,3,547.2940,4.48,-423.9036,7.94,6
300176,鸿特精密,2013-09-30,1,23.4969,0.22,-12.1910,0.33,1
002551,尚荣医疗,2013-09-30,5,2263.5640,8.18,783.9000,8.02,5
601137,博威合金,2013-09-30,1,42.4140,0.20,0.0000,0.20,1
300183,东软载波,2013-09-30,6,671.4218,3.05,257.9796,1.88,6
300197,铁汉生态,2013-09-30,6,954.6125,3.02,-1455.8985,7.63,9
002543,万和电气,2013-09-30,1,69.4132,0.17,69.4132,0.00,0
300182,捷成股份,2013-09-30,10,2544.2630,11.44,414.7620,9.58,9
300203,聚光科技,2013-09-30,3,1183.3585,2.66,131.3699,2.36,3
002558,世纪游轮,2013-09-30,1,11.9619,0.20,-25.0000,0.62,1
300198,纳川股份,2013-09-30,7,2098.1040,10.03,56.8380,9.77,6
300186,大华农,2013-09-30,2,600.8171,1.13,64.0601,1.01,1
002553,南方轴承,2013-09-30,1,20.8490,0.24,20.8490,0.00,0
300195,长荣股份,2013-09-30,7,1088.7390,7.66,35.4633,7.41,8
300188,美亚柏科,2013-09-30,6,1004.5759,4.53,189.2311,3.68,5
300220,金运激光,2013-09-30,1,100.3040,1.43,100.3040,0.00,0
300196,长海股份,2013-09-30,9,1824.0159,15.20,77.3532,14.56,9
300187,永清环保,2013-09-30,2,284.8396,1.42,-179.1459,2.32,3
002698,博实股份,2013-09-30,1,378.1000,0.94,-1170.5436,3.86,9
300190,维尔利,2013-09-30,5,1113.0180,7.11,82.8160,6.58,4
002565,上海绿新,2013-09-30,6,4218.7880,12.11,1553.1780,7.80,4
002577,雷柏科技,2013-09-30,2,139.9701,0.49,139.9701,0.00,0
300204,舒泰神,2013-09-30,2,224.9538,0.94,-69.9490,1.23,3
002563,森马服饰,2013-09-30,4,758.5993,1.13,303.8354,0.68,2
300199,翰宇药业,2013-09-30,3,1296.4600,3.24,736.7050,1.40,1
002571,德力股份,2013-09-30,4,964.4790,2.46,77.3060,2.61,3
002564,张化机,2013-09-30,1,272.3390,0.74,-60.0000,0.90,1
300226,上海钢联,2013-09-30,5,917.5177,7.65,633.1697,2.37,3
002572,索菲亚,2013-09-30,7,3865.1510,8.76,48.6940,8.68,7
002581,万昌科技,2013-09-30,1,144.3640,1.03,144.3640,0.00,0
300206,理邦仪器,2013-09-30,8,1925.5226,14.81,760.2506,8.96,6
300202,聚龙股份,2013-09-30,5,2775.5730,9.09,238.6250,8.31,5
300210,森远股份,2013-09-30,8,1312.3916,9.74,321.5081,7.35,7
300209,天泽信息,2013-09-30,3,430.5919,2.69,-55.4031,3.04,2
601566,九牧王,2013-09-30,5,1529.3800,2.64,759.2910,1.33,3
300207,欣旺达,2013-09-30,7,1628.0390,6.66,-427.6970,8.41,8
300212,易华录,2013-09-30,5,2330.7220,8.70,-849.0630,11.86,6
300218,安利股份,2013-09-30,3,475.0280,2.25,-20.0000,2.34,3
601222,林洋电子,2013-09-30,6,2342.5680,6.59,211.5470,6.00,6
300219,鸿利光电,2013-09-30,5,860.2980,3.50,-681.2940,6.28,6
300257,开山股份,2013-09-30,4,1950.9010,4.55,218.8610,4.04,3
300215,电科院,2013-09-30,6,1715.8770,4.77,940.5970,2.15,4
300217,东方电热,2013-09-30,5,1889.2480,9.55,315.0974,7.96,7
300222,科大智能,2013-09-30,1,68.1432,0.63,-63.0477,1.21,2
300227,光韵达,2013-09-30,3,451.1375,3.37,276.0240,1.31,3
300228,富瑞特装,2013-09-30,6,1955.4600,14.59,386.1050,11.71,7
300224,正海磁材,2013-09-30,7,1226.4350,5.11,785.9252,1.84,4
300240,飞力达,2013-09-30,1,30.0000,0.18,-170.1750,1.19,1
601311,骆驼股份,2013-09-30,6,3638.6840,4.27,-2454.4500,7.15,8
002586,围海股份,2013-09-30,2,695.0100,2.28,484.0100,0.69,1
002589,瑞康医药,2013-09-30,6,1004.0453,10.70,-44.8150,11.18,6
002587,奥拓电子,2013-09-30,1,97.6846,0.88,12.6937,0.77,1
300232,洲明科技,2013-09-30,2,510.4230,5.05,-37.0000,5.42,3
300237,美晨科技,2013-09-30,1,30.0000,0.53,30.0000,0.00,0
002588,史丹利,2013-09-30,4,1122.9068,5.11,-139.0122,5.74,6
300241,瑞丰光电,2013-09-30,4,600.2234,2.77,-682.9036,5.93,6
300258,精锻科技,2013-09-30,3,596.5840,3.31,-524.9920,6.23,5
002607,亚夏汽车,2013-09-30,1,54.3342,0.24,-100.5598,0.68,1
300244,迪安诊断,2013-09-30,2,561.1850,4.69,-2.8520,4.72,2
300246,宝莱特,2013-09-30,1,281.7760,1.93,233.0252,0.33,1
002603,以岭药业,2013-09-30,6,1312.3680,2.33,452.8820,1.56,4
002620,瑞和股份,2013-09-30,6,996.9620,8.31,359.1973,5.31,3
300251,光线传媒,2013-09-30,9,3159.5300,6.24,1103.8920,4.06,8
300255,常山药业,2013-09-30,4,1047.0440,5.56,-0.8070,5.56,4
601636,旗滨集团,2013-09-30,2,536.1010,0.77,5.7370,0.77,2
300267,尔康制药,2013-09-30,7,1545.2400,6.46,477.3410,4.46,6
300259,新天科技,2013-09-30,9,1988.1570,10.95,607.2530,7.60,6
002618,丹邦科技,2013-09-30,2,406.1300,2.22,-482.1360,5.55,5
002629,仁智油服,2013-09-30,1,99.9999,0.58,99.9999,0.00,0
300273,和佳股份,2013-09-30,8,6332.0800,14.39,701.2650,12.80,9
300261,雅本化学,2013-09-30,1,81.2417,0.35,-180.0589,1.13,3
002611,东方精工,2013-09-30,1,52.0000,0.29,0.0000,0.29,1
300263,隆华节能,2013-09-30,7,1152.2265,7.06,366.5645,4.81,4
002612,朗姿股份,2013-09-30,7,1259.6604,6.30,527.6043,3.66,4
002621,大连三垒,2013-09-30,1,50.0000,0.33,50.0000,0.00,0
300266,兴源过滤,2013-09-30,3,329.4141,2.83,93.1047,2.03,3
300274,阳光电源,2013-09-30,6,3215.1580,9.97,373.6830,8.81,5
601100,恒立油缸,2013-09-30,4,2223.8510,3.53,-1108.2110,5.29,5
002628,成都路桥,2013-09-30,3,1302.7420,1.77,920.6550,1.14,2
002623,亚玛顿,2013-09-30,2,380.0000,2.38,-703.0078,6.77,4
002631,德尔家居,2013-09-30,1,152.3810,0.95,152.3810,0.00,0
603001,奥康国际,2013-09-30,2,1230.5640,3.07,638.8540,1.48,2
300293,蓝英装备,2013-09-30,5,916.5416,5.09,756.0343,0.89,3
002635,安洁科技,2013-09-30,9,2628.7030,14.60,-309.0040,16.32,9
002648,卫星石化,2013-09-30,5,1068.5600,2.67,826.3400,0.61,1
002646,青青稞酒,2013-09-30,5,1840.7020,4.09,248.3640,3.54,5
300281,金明精机,2013-09-30,1,41.1999,0.34,-136.4023,1.48,3
002638,勤上光电,2013-09-30,5,1503.1860,4.01,-2834.6500,11.58,8
300286,安科瑞,2013-09-30,1,39.9823,0.56,39.9823,0.00,0
300288,朗玛信息,2013-09-30,8,587.9800,5.51,291.7250,2.77,3
002668,奥马电器,2013-09-30,1,70.0039,0.42,70.0039,0.00,0
300324,旋极信息,2013-09-30,8,1116.0803,9.96,370.5663,6.66,7
601313,江南嘉捷,2013-09-30,1,491.5550,1.18,-208.4270,1.68,1
603077,和邦股份,2013-09-30,3,653.4790,1.45,506.8590,0.33,2
002664,信质电机,2013-09-30,2,280.7360,2.11,183.7256,0.73,1
002649,博彦科技,2013-09-30,2,358.9340,2.39,-771.8931,7.54,7
300287,飞利信,2013-09-30,6,1869.3140,14.84,617.6110,9.93,4
300298,三诺生物,2013-09-30,8,646.0052,4.89,1.3856,4.88,8
300291,华录百纳,2013-09-30,5,860.7810,6.52,-190.5850,7.96,6
002650,加加食品,2013-09-30,3,803.6930,3.49,-227.8860,4.48,4
002666,德联集团,2013-09-30,1,109.9960,0.34,-80.0150,0.59,2
300307,慈星股份,2013-09-30,2,653.9040,0.82,453.9040,0.25,1
300310,宜通世纪,2013-09-30,3,447.9281,2.55,136.9927,1.77,4
002653,海思科,2013-09-30,7,3346.3400,3.10,1112.4160,2.79,7
300296,利亚德,2013-09-30,3,471.3800,3.14,-298.4930,5.13,7
300309,吉艾科技,2013-09-30,7,1627.0520,7.49,223.0080,6.46,6
300301,长方照明,2013-09-30,1,325.3250,1.19,-737.5261,3.94,4
300306,远方光电,2013-09-30,1,49.9940,0.42,49.9940,0.00,0
601515,东风股份,2013-09-30,5,645.3044,1.16,164.7772,0.86,3
300326,凯利泰,2013-09-30,5,381.4942,4.96,225.9992,2.02,2
601231,环旭电子,2013-09-30,10,4133.9590,4.09,1918.4680,2.19,5
002658,雪迪龙,2013-09-30,6,1011.1855,3.68,215.2281,5.79,8
300300,汉鼎股份,2013-09-30,8,2242.0257,11.71,-41.1414,11.93,6
002660,茂硕电源,2013-09-30,2,551.8130,2.80,-1488.5730,10.34,5
002661,克明面业,2013-09-30,4,314.3804,3.78,111.5052,2.44,3
002674,兴业科技,2013-09-30,2,391.7250,1.63,121.1652,1.13,2
300332,天壕节能,2013-09-30,1,954.0960,2.98,954.0960,0.00,0
300320,海达股份,2013-09-30,1,82.0899,0.62,82.0899,0.00,0
300314,戴维医疗,2013-09-30,3,218.8219,1.37,218.8219,0.00,0
002675,东诚生化,2013-09-30,1,80.0000,0.46,30.0000,0.46,1
300302,同有科技,2013-09-30,1,31.7794,0.53,-50.3525,1.37,3
300312,邦讯技术,2013-09-30,1,199.9950,1.25,-223.4583,3.97,2
300315,掌趣科技,2013-09-30,8,4549.1470,6.45,2269.3940,6.33,7
603000,人民网,2013-09-30,5,745.0330,2.70,-376.3765,4.06,8
300299,富春通信,2013-09-30,2,141.3619,1.17,1.3412,1.16,3
002671,龙泉股份,2013-09-30,1,195.9840,1.04,195.9840,0.00,0
002699,美盛文化,2013-09-30,2,67.0000,0.72,0.0000,0.72,2
603366,日出东方,2013-09-30,3,1026.9530,2.57,-452.3500,3.70,3
300316,晶盛机电,2013-09-30,1,98.4807,0.37,98.4807,0.00,0
002678,珠江钢琴,2013-09-30,4,915.7030,0.96,590.9150,0.68,2
300322,硕贝德,2013-09-30,4,538.9475,4.81,36.1295,4.49,3
300339,润和软件,2013-09-30,6,809.7731,5.28,747.6297,0.40,1
300336,新文化,2013-09-30,7,470.2150,4.90,-182.5405,6.80,7
002689,博林特,2013-09-30,4,659.2700,1.64,659.2700,0.00,0
603008,喜临门,2013-09-30,1,573.0050,1.82,-316.0550,2.82,3
300334,津膜科技,2013-09-30,6,1397.0777,8.03,349.7769,9.03,7
002701,奥瑞金,2013-09-30,7,1097.6044,3.58,-82.1088,3.85,8
300348,长亮科技,2013-09-30,6,314.9954,6.09,314.9954,0.00,0
300337,银邦股份,2013-09-30,5,1705.8720,9.13,98.9826,8.60,5
002695,煌上煌,2013-09-30,1,28.1770,0.23,-31.0875,0.48,2
300349,金卡股份,2013-09-30,7,481.0950,5.35,-129.5073,6.78,8
300328,宜安科技,2013-09-30,2,123.3592,1.10,-157.8032,2.51,3
300323,华灿光电,2013-09-30,3,1064.2010,3.55,1064.2010,0.00,0
300346,南大光电,2013-09-30,2,273.6980,2.72,-223.0284,4.94,5
300355,蒙草抗旱,2013-09-30,3,289.5210,1.41,-185.8240,2.31,4
300351,永贵电器,2013-09-30,3,442.8770,4.33,-40.3622,4.73,7
300347,泰格医药,2013-09-30,3,322.1824,3.02,95.7155,2.12,6
300352,北信源,2013-09-30,2,314.9200,2.36,104.9835,1.57,2
002700,新疆浩源,2013-09-30,3,91.9947,1.25,91.9947,0.00,0
