600000,浦发银行,2013-06-30,1,11141.4000,0.60,11141.4000,0.00,0
600005,武钢股份,2013-06-30,3,5502.7200,0.55,94.7800,0.54,3
600007,中国国贸,2013-06-30,3,2656.9650,2.64,-32.9600,2.67,3
600008,首创股份,2013-06-30,2,581.4010,0.26,70.0160,0.23,2
600009,上海机场,2013-06-30,2,4157.6100,2.16,628.1700,1.83,2
600010,包钢股份,2013-06-30,5,9272.8600,1.16,1019.7900,1.03,4
600019,宝钢股份,2013-06-30,3,10261.4500,0.62,3255.0200,0.41,2
600028,中国石化,2013-06-30,4,27313.5300,0.23,12964.2300,0.16,3
600030,中信证券,2013-06-30,1,5448.9100,0.49,-300.0000,0.52,1
600033,福建高速,2013-06-30,1,245.2990,0.09,4.2940,0.09,1
600050,中国联通,2013-06-30,6,50910.9600,2.40,18528.3000,1.53,3
600054,黄山旅游,2013-06-30,2,1015.9770,2.16,-788.0920,3.83,3
600056,中国医药,2013-06-30,2,165.2923,0.53,-837.7770,3.23,5
600058,五矿发展,2013-06-30,6,1325.8920,1.24,412.8380,0.85,3
600059,古越龙山,2013-06-30,3,3003.1660,4.73,-262.0310,5.14,4
600060,海信电器,2013-06-30,5,14761.3200,11.30,-3534.6100,14.00,6
600062,华润双鹤,2013-06-30,7,6625.2370,11.59,276.3850,11.11,7
600066,宇通客车,2013-06-30,5,11110.9500,8.71,4094.7060,9.95,6
600067,冠城大通,2013-06-30,7,7798.7870,6.63,2269.2990,4.70,5
600068,葛洲坝,2013-06-30,3,2949.1790,0.85,1552.2390,0.40,1
600071,凤凰光学,2013-06-30,1,100.0220,0.42,0.0000,0.42,1
600072,中船股份,2013-06-30,1,850.0000,1.78,-77.4100,1.94,2
600073,上海梅林,2013-06-30,4,5325.7010,6.47,3964.5790,1.82,3
600075,新疆天业,2013-06-30,1,112.9480,0.26,41.8980,0.16,1
600078,澄星股份,2013-06-30,2,273.9430,0.41,166.4630,0.16,1
600079,人福医药,2013-06-30,7,5447.3100,11.04,-1416.5270,13.91,8
600085,同仁堂,2013-06-30,4,4991.6980,3.83,-77.3740,3.89,4
600086,东方金钰,2013-06-30,4,3555.8710,10.09,-367.3670,11.14,5
600088,中视传媒,2013-06-30,4,1892.8810,5.71,1016.6750,2.64,2
600089,特变电工,2013-06-30,6,10549.6100,4.00,7040.1100,1.33,2
600096,云天化,2013-06-30,1,588.6200,0.35,68.6200,0.75,1
600097,开创国际,2013-06-30,2,339.4820,1.68,108.2060,1.14,1
600098,广州发展,2013-06-30,7,5923.5030,2.16,1114.9370,1.75,6
600100,同方股份,2013-06-30,5,9778.6180,4.92,781.9920,4.53,3
600101,明星电力,2013-06-30,1,102.0800,0.31,-1757.6960,5.74,4
600104,上汽集团,2013-06-30,2,6862.4000,0.62,763.4000,0.55,2
600105,永鼎股份,2013-06-30,1,786.6360,2.06,0.0000,2.06,1
600106,重庆路桥,2013-06-30,2,388.5000,0.43,192.2060,0.22,1
600107,美尔雅,2013-06-30,1,533.5010,1.48,0.0000,1.48,1
600108,亚盛集团,2013-06-30,4,19232.4000,9.88,320.0900,9.71,4
600111,包钢稀土,2013-06-30,5,3984.1370,1.64,2000.0100,0.82,2
600115,东方航空,2013-06-30,2,4980.5300,0.39,2205.7600,0.25,1
600116,三峡水利,2013-06-30,1,100.0000,0.37,-259.9980,1.35,2
600117,西宁特钢,2013-06-30,1,121.2120,0.16,1.1680,0.16,1
600118,中国卫星,2013-06-30,4,1720.1560,1.88,-502.6790,2.43,3
600121,郑州煤电,2013-06-30,4,498.0394,0.53,-237.3676,0.78,5
600123,兰花科创,2013-06-30,6,2209.9060,1.93,-1209.6590,2.99,6
600125,铁龙物流,2013-06-30,3,3868.0220,2.96,-5669.0180,7.31,5
600126,杭钢股份,2013-06-30,2,815.6140,0.97,-792.6760,1.92,1
600128,弘业股份,2013-06-30,1,421.8650,1.71,-130.9660,2.24,1
600129,太极集团,2013-06-30,1,134.9850,0.32,134.9850,0.00,0
600132,重庆啤酒,2013-06-30,2,295.9260,0.61,-89.9707,0.80,3
600138,中青旅,2013-06-30,4,3294.4140,7.93,-353.4580,8.78,4
600141,兴发集团,2013-06-30,2,742.5950,1.70,-162.8310,2.08,2
600150,中国船舶,2013-06-30,3,1586.9180,1.15,238.9040,0.98,2
600151,航天机电,2013-06-30,2,1144.6080,0.92,510.3050,0.51,3
600153,建发股份,2013-06-30,3,9654.8300,4.31,-2409.4200,5.39,4
600157,永泰能源,2013-06-30,2,3040.0000,1.72,-1660.9200,2.66,3
600158,中体产业,2013-06-30,2,436.8350,0.52,436.8350,0.00,0
600160,巨化股份,2013-06-30,1,430.1360,0.30,-42.8340,0.33,1
600161,天坛生物,2013-06-30,3,672.4960,1.30,121.2270,1.07,3
600162,香江控股,2013-06-30,3,3178.4220,4.14,342.1470,3.69,3
600167,联美控股,2013-06-30,3,851.7090,4.04,392.8150,2.17,2
600169,太原重工,2013-06-30,2,1688.4800,0.70,555.7100,0.47,1
600170,上海建工,2013-06-30,3,949.7890,0.41,486.6030,0.20,1
600171,上海贝岭,2013-06-30,2,316.5240,0.47,170.7140,0.22,1
600172,黄河旋风,2013-06-30,1,499.9950,0.94,499.9950,0.00,0
600176,中国玻纤,2013-06-30,5,3476.5960,3.98,-1826.2450,6.08,5
600177,雅戈尔,2013-06-30,1,1241.7500,0.56,0.0000,0.56,1
600182,S佳通,2013-06-30,1,270.9140,0.80,187.0405,0.25,1
600183,生益科技,2013-06-30,1,2978.1100,2.09,-60.0000,2.13,1
600185,格力地产,2013-06-30,1,386.5500,0.67,-43.4500,0.74,1
600188,兖州煤业,2013-06-30,5,1353.6930,0.28,155.9250,0.24,4
600195,中牧股份,2013-06-30,1,122.0000,0.31,-308.9890,1.11,1
600196,复星医药,2013-06-30,6,12117.8600,5.41,474.7600,5.20,5
600197,伊力特,2013-06-30,3,1687.9480,3.83,-349.9470,4.62,5
600198,大唐电信,2013-06-30,1,144.4690,0.19,0.0000,0.19,1
600199,金种子酒,2013-06-30,6,4129.8630,7.43,400.1300,6.71,5
600200,江苏吴中,2013-06-30,1,169.8200,0.27,-168.7610,0.54,2
600207,安彩高科,2013-06-30,2,599.9960,0.87,599.9960,0.00,0
600208,新湖中宝,2013-06-30,5,26290.0700,4.20,-9719.8800,5.75,6
600216,浙江医药,2013-06-30,2,461.3430,0.89,-200.7490,1.27,2
600219,南山铝业,2013-06-30,4,1945.3030,1.01,-1138.1990,1.59,3
600220,江苏阳光,2013-06-30,2,824.0350,0.46,159.2740,0.37,2
600221,海南航空,2013-06-30,2,2446.6000,0.20,1657.9790,0.13,1
600223,鲁商置业,2013-06-30,1,1000.0000,1.00,-1453.3100,2.45,2
600227,赤天化,2013-06-30,1,207.1520,0.22,-237.5880,0.47,2
600231,凌钢股份,2013-06-30,1,275.4770,0.34,-3624.3300,4.85,6
600239,云南城投,2013-06-30,1,1340.0000,1.63,-1851.7270,3.88,3
600240,华业地产,2013-06-30,1,1400.0000,0.98,-2622.9400,2.84,3
600246,万通地产,2013-06-30,1,221.3490,0.18,221.3490,0.00,0
600248,延长化建,2013-06-30,1,250.5170,0.59,250.5170,0.00,0
600252,中恒集团,2013-06-30,9,16142.2440,14.79,2787.3290,12.23,8
600256,广汇能源,2013-06-30,5,20505.2900,3.90,14346.3000,1.76,2
600258,首旅酒店,2013-06-30,1,58.3853,0.25,58.3853,0.00,0
600261,阳光照明,2013-06-30,6,4785.1900,7.41,496.4460,6.65,4
600266,北京城建,2013-06-30,6,13038.2140,14.66,-441.3580,15.16,7
600267,海正药业,2013-06-30,4,4618.1530,5.50,-1661.9930,7.48,4
600268,国电南自,2013-06-30,4,2458.6860,3.87,1154.0460,2.05,1
600269,赣粤高速,2013-06-30,3,3378.3300,1.45,2.6160,1.45,3
600270,外运发展,2013-06-30,1,585.4930,0.65,-851.5250,1.59,3
600276,恒瑞医药,2013-06-30,3,3554.7890,2.61,-594.7880,3.36,4
600280,中央商场,2013-06-30,6,2551.7510,8.89,1156.7110,9.72,6
600285,羚锐制药,2013-06-30,3,1485.3080,4.32,-110.7870,6.97,4
600287,江苏舜天,2013-06-30,1,975.7360,2.23,-150.0040,2.58,1
600289,亿阳信通,2013-06-30,1,937.6860,1.62,937.6860,0.00,0
600292,中电远达,2013-06-30,5,2070.3270,4.04,533.2450,3.00,5
600298,安琪酵母,2013-06-30,1,410.7700,1.25,210.7700,0.61,1
600300,维维股份,2013-06-30,2,368.5160,0.22,-20.1780,0.23,2
600303,曙光股份,2013-06-30,1,277.8520,0.48,-206.0420,0.84,1
600305,恒顺醋业,2013-06-30,5,1461.1290,11.49,-159.2150,12.74,6
600307,酒钢宏兴,2013-06-30,3,1822.6160,0.29,-2058.0930,0.62,3
600308,华泰股份,2013-06-30,1,316.9590,0.27,-375.6730,0.59,3
600309,万华化学,2013-06-30,5,15410.2400,7.13,1444.4800,6.46,5
600310,桂东电力,2013-06-30,1,405.8180,1.47,-190.1670,2.16,1
600311,荣华实业,2013-06-30,2,433.2880,0.65,27.2900,0.61,2
600312,平高电气,2013-06-30,8,6661.5700,8.13,1939.3100,5.77,6
600315,上海家化,2013-06-30,7,9728.5400,14.47,2647.6610,15.79,7
600316,洪都航空,2013-06-30,5,3077.3770,4.29,424.8980,3.70,4
600318,巢东股份,2013-06-30,2,1076.4740,4.45,-1172.2788,9.29,5
600322,天房发展,2013-06-30,1,240.9110,0.22,-416.2010,0.59,2
600326,西藏天路,2013-06-30,2,172.2594,0.31,68.6364,0.19,1
600327,大东方,2013-06-30,6,3434.8400,6.58,-1189.3390,8.86,7
600332,白云山,2013-06-30,5,2922.2380,2.33,801.0430,2.62,7
600333,长春燃气,2013-06-30,4,624.8930,1.18,-79.9790,1.33,4
600335,国机汽车,2013-06-30,4,2973.6390,5.31,0.0000,5.31,4
600337,美克股份,2013-06-30,3,3168.7210,4.90,2704.3600,0.73,1
600339,天利高新,2013-06-30,1,125.1560,0.22,15.7700,0.19,1
600345,长江通信,2013-06-30,2,604.4350,3.05,604.4350,0.00,0
600350,山东高速,2013-06-30,1,547.7940,0.11,-956.6990,0.31,3
600351,亚宝药业,2013-06-30,4,2666.1410,3.85,1708.5920,1.38,1
600360,华微电子,2013-06-30,1,123.4840,0.17,-541.6560,0.98,1
600361,华联综超,2013-06-30,2,2592.8800,3.89,-385.5100,4.47,2
600362,江西铜业,2013-06-30,2,1371.3580,0.40,-1313.1470,0.78,4
600363,联创光电,2013-06-30,1,150.0000,0.34,150.0000,0.00,0
600365,通葡股份,2013-06-30,3,1175.7290,5.88,115.2580,7.57,3
600366,宁波韵升,2013-06-30,4,2433.2070,4.73,1833.2270,1.17,1
600372,中航电子,2013-06-30,4,1670.2360,1.23,-221.2270,1.40,4
600373,中文传媒,2013-06-30,4,1051.1121,1.60,-464.8649,2.30,4
600376,首开股份,2013-06-30,3,6030.3800,2.69,-1647.5600,5.14,5
600380,健康元,2013-06-30,2,539.9690,0.35,-1659.9860,1.42,2
600383,金地集团,2013-06-30,3,19600.3000,4.38,1990.4500,3.94,3
600386,北巴传媒,2013-06-30,2,256.6040,0.64,9.3840,0.61,1
600388,龙净环保,2013-06-30,3,1453.3240,3.40,-218.4400,7.82,4
600389,江山股份,2013-06-30,4,1124.9470,5.68,-272.1960,7.06,4
600395,盘江股份,2013-06-30,1,625.4150,0.38,116.4120,0.31,1
600396,金山股份,2013-06-30,2,1050.6600,3.08,-45.6480,3.22,2
600399,抚顺特钢,2013-06-30,1,124.4140,0.24,124.4140,0.00,0
600415,小商品城,2013-06-30,2,1401.3860,0.51,-407.0750,0.66,2
600416,湘电股份,2013-06-30,2,1043.1390,1.71,275.1040,1.26,1
600418,江淮汽车,2013-06-30,4,8369.0200,6.51,2455.0900,4.60,4
600422,昆明制药,2013-06-30,7,5463.2430,17.39,-186.7180,17.98,7
600426,华鲁恒升,2013-06-30,3,1616.5350,1.70,-389.8560,2.10,2
600428,中远航运,2013-06-30,8,11839.3310,7.00,1481.0110,6.13,7
600456,宝钛股份,2013-06-30,1,223.3730,0.52,-676.6470,2.09,4
600458,时代新材,2013-06-30,1,695.8020,1.05,695.8020,0.00,0
600468,百利电气,2013-06-30,1,585.6150,1.28,0.0000,1.28,1
600486,扬农化工,2013-06-30,6,2932.3840,17.03,501.1470,14.12,6
600488,天药股份,2013-06-30,2,367.9350,0.38,367.9350,0.00,0
600496,精工钢构,2013-06-30,1,500.0000,0.85,-2475.4280,5.07,3
600498,烽火通信,2013-06-30,1,409.9780,0.42,-753.8240,2.41,3
600499,科达机电,2013-06-30,4,2390.0020,3.59,-143.9460,3.89,3
600500,中化国际,2013-06-30,3,2842.7310,1.98,-1284.3890,2.87,5
600505,西昌电力,2013-06-30,2,1972.7560,5.41,0.0000,5.41,2
600508,上海能源,2013-06-30,2,294.4420,0.41,1.0390,0.41,2
600509,天富热电,2013-06-30,3,807.8690,0.89,-778.9340,1.75,4
600510,黑牡丹,2013-06-30,1,371.7410,0.47,-664.7910,1.30,2
600511,国药股份,2013-06-30,6,4182.9660,8.74,-3229.0850,15.48,8
600516,方大炭素,2013-06-30,2,833.1190,0.48,320.7690,0.33,1
600518,康美药业,2013-06-30,5,11404.1700,5.19,964.5500,4.75,5
600519,贵州茅台,2013-06-30,3,1983.0820,1.91,-55.0360,1.96,3
600522,中天科技,2013-06-30,3,1583.2250,2.25,-462.0500,2.90,2
600523,贵航股份,2013-06-30,3,1309.1303,4.53,-140.4170,5.02,4
600525,长园集团,2013-06-30,4,2135.5340,2.47,1645.5340,0.57,1
600526,菲达环保,2013-06-30,3,620.0180,3.05,620.0180,0.00,0
600528,中铁二局,2013-06-30,3,1109.2770,0.76,622.1950,0.33,1
600529,山东药玻,2013-06-30,2,953.6520,3.71,-100.4180,4.10,2
600531,豫光金铅,2013-06-30,2,111.0696,0.38,-58.2928,0.57,3
600533,栖霞建设,2013-06-30,1,838.0560,0.80,-1361.8640,2.10,1
600535,天士力,2013-06-30,7,7351.8970,7.12,3412.1830,7.63,7
600536,中国软件,2013-06-30,1,90.7149,0.40,90.7149,0.00,0
600538,*ST国发,2013-06-30,1,885.0000,3.17,-294.9940,4.23,2
600548,深高速,2013-06-30,1,395.1080,0.18,0.0000,0.18,1
600549,厦门钨业,2013-06-30,3,747.2010,1.10,277.3040,0.69,1
600550,天威保变,2013-06-30,3,976.0860,0.71,51.8250,0.67,3
600552,方兴科技,2013-06-30,6,1855.2570,7.75,1245.1740,5.21,4
600557,康缘药业,2013-06-30,6,3349.1060,8.06,-1234.5790,11.03,6
600559,老白干酒,2013-06-30,5,1540.8890,11.01,-627.2960,15.49,7
600563,法拉电子,2013-06-30,6,1958.9540,8.71,1487.9780,2.09,3
600569,安阳钢铁,2013-06-30,1,149.9430,0.06,-266.0740,0.17,2
600571,信雅达,2013-06-30,4,2752.2470,13.58,1154.4700,7.88,2
600578,京能电力,2013-06-30,1,463.8660,0.20,-873.4620,0.58,2
600580,卧龙电气,2013-06-30,3,1724.9250,2.51,1724.9250,0.00,0
600581,八一钢铁,2013-06-30,2,870.1630,1.14,-92.8150,1.26,2
600582,天地科技,2013-06-30,3,3037.6200,2.50,-4482.1200,6.19,5
600583,海油工程,2013-06-30,7,15629.8800,4.02,4862.3200,2.77,6
600585,海螺水泥,2013-06-30,3,7737.0200,1.46,2231.6200,1.04,2
600587,新华医疗,2013-06-30,8,3608.4630,20.73,96.5620,20.18,7
600588,用友软件,2013-06-30,1,2963.4500,3.09,36.7500,3.05,1
600590,泰豪科技,2013-06-30,1,293.8950,0.59,0.0000,0.59,1
600596,新安股份,2013-06-30,3,2537.8300,3.74,-2591.3690,7.55,5
600597,光明乳业,2013-06-30,7,9680.4230,7.90,1889.7940,6.36,6
600598,北大荒,2013-06-30,1,436.4470,0.25,-2174.0540,1.47,5
600600,青岛啤酒,2013-06-30,2,2433.3120,1.80,380.8300,1.52,2
600601,方正科技,2013-06-30,3,1388.2020,0.63,39.4420,0.61,3
600606,金丰投资,2013-06-30,1,147.4000,0.28,147.4000,0.00,0
600611,大众交通,2013-06-30,1,446.7500,0.28,206.8740,0.15,1
600612,老凤祥,2013-06-30,2,1740.6910,3.33,41.7260,3.25,3
600616,金枫酒业,2013-06-30,2,681.3670,1.55,-55.3330,1.68,2
600622,嘉宝集团,2013-06-30,2,469.0850,0.91,11.8800,0.89,1
600628,新世界,2013-06-30,1,174.7130,0.33,-153.7590,0.62,2
600633,浙报传媒,2013-06-30,4,1009.0040,1.70,239.9730,1.79,2
600635,大众公用,2013-06-30,2,684.8950,0.42,72.9900,0.37,2
600636,三爱富,2013-06-30,2,189.3576,0.50,45.3576,0.38,1
600637,百视通,2013-06-30,4,3341.1230,3.00,-180.3020,3.16,4
600639,浦东金桥,2013-06-30,1,650.0000,0.70,-350.0000,1.08,1
600640,号百控股,2013-06-30,2,961.8800,1.80,961.8800,0.00,0
600641,万业企业,2013-06-30,1,109.7850,0.14,0.8300,0.14,1
600642,申能股份,2013-06-30,3,5402.2800,1.19,1236.5500,0.88,2
600643,爱建股份,2013-06-30,1,315.6900,0.29,-425.9010,0.67,1
600644,乐山电力,2013-06-30,1,122.6100,0.38,5.0770,0.36,1
600645,中源协和,2013-06-30,1,300.0000,0.92,119.2700,0.56,1
600649,城投控股,2013-06-30,5,7947.0320,2.66,6957.1540,0.33,1
600651,飞乐音响,2013-06-30,1,201.3180,0.27,201.3180,0.00,0
600652,爱使股份,2013-06-30,1,135.9710,0.24,135.9710,0.00,0
600660,福耀玻璃,2013-06-30,3,7454.1200,3.72,385.7100,3.53,3
600662,强生控股,2013-06-30,2,278.5250,0.26,-15.4810,0.28,2
600664,哈药股份,2013-06-30,1,582.1100,0.30,582.1100,0.00,0
600665,天地源,2013-06-30,1,1500.0000,1.74,-2346.7400,4.45,2
600668,尖峰集团,2013-06-30,2,1132.5200,3.29,-298.6930,4.16,4
600674,川投能源,2013-06-30,1,3188.5500,1.62,1389.7300,0.91,1
600675,中华企业,2013-06-30,2,706.2490,0.45,-2736.2750,2.21,3
600676,交运股份,2013-06-30,1,275.8620,0.32,0.0000,0.32,1
600686,金龙汽车,2013-06-30,5,6351.9790,14.35,3582.9440,6.26,4
600688,上海石化,2013-06-30,3,4800.1060,0.67,-842.0350,0.78,4
600690,青岛海尔,2013-06-30,4,11333.8800,4.20,3222.9900,3.01,3
600693,东百集团,2013-06-30,3,1455.4960,4.24,-317.5560,5.17,4
600694,大商股份,2013-06-30,5,3869.9990,13.18,-957.0340,16.43,5
600697,欧亚集团,2013-06-30,6,3529.6790,22.19,-635.5230,26.18,7
600699,均胜电子,2013-06-30,1,285.0000,0.45,-20.0170,0.53,2
600702,沱牌舍得,2013-06-30,4,1898.2420,5.63,-224.5220,6.29,5
600703,三安光电,2013-06-30,3,4939.2600,3.42,-2889.4700,5.42,3
600705,中航投资,2013-06-30,6,2404.2990,1.58,2404.2990,0.00,0
600707,*ST彩虹,2013-06-30,2,1434.9680,1.95,-40.0000,2.00,2
600712,南宁百货,2013-06-30,1,1500.0000,2.75,-100.4400,2.94,1
600713,南京医药,2013-06-30,1,2473.8300,3.57,143.5550,3.36,3
600718,东软集团,2013-06-30,2,4254.6400,3.47,-102.5800,3.55,2
600720,祁连山,2013-06-30,6,4294.3260,7.19,-1362.1840,9.47,5
600723,首商股份,2013-06-30,1,354.7740,0.54,-872.0100,1.86,3
600724,宁波富达,2013-06-30,2,2163.1000,1.50,-1289.9980,2.39,3
600728,佳都新太,2013-06-30,5,2086.8030,5.75,1617.8090,1.29,2
600729,重庆百货,2013-06-30,6,2724.9650,7.30,-54.6970,7.45,6
600731,湖南海利,2013-06-30,5,1038.3530,4.05,-938.3790,7.71,7
600736,苏州高新,2013-06-30,1,244.9430,0.23,73.3230,0.16,1
600737,中粮屯河,2013-06-30,5,1693.5430,0.83,636.8740,1.05,2
600739,辽宁成大,2013-06-30,1,2100.0000,1.54,-1395.0300,2.56,2
600741,华域汽车,2013-06-30,5,11718.1200,4.54,-5759.0000,6.77,7
600742,一汽富维,2013-06-30,2,239.9930,1.13,-163.4770,1.91,1
600747,大连控股,2013-06-30,3,1048.0360,0.98,1048.0360,0.00,0
600750,江中药业,2013-06-30,6,3357.4940,10.79,-821.1300,13.43,8
600894,广日股份,2013-06-30,2,1307.6490,1.66,457.6710,1.08,1
600895,张江高科,2013-06-30,4,1438.0500,0.93,-77.7760,0.98,4
600897,厦门空港,2013-06-30,1,100.7930,0.34,-45.8930,0.49,1
000001,平安银行,2013-06-30,4,18696.4100,2.28,9603.7500,1.77,3
000002,万科A,2013-06-30,4,42287.1800,3.84,2048.5000,3.66,4
000006,深振业A,2013-06-30,2,2093.7780,1.55,621.8080,1.14,1
000009,中国宝安,2013-06-30,5,4553.1190,4.17,1240.9470,3.04,3
000012,南玻A,2013-06-30,5,11720.0700,5.65,5582.7800,2.96,4
000021,长城开发,2013-06-30,2,355.4870,0.27,-2032.4380,1.81,4
000024,招商地产,2013-06-30,6,6630.1720,3.86,-721.0050,4.28,7
000025,特力A,2013-06-30,1,67.2929,0.31,67.2929,0.00,0
000026,飞亚达A,2013-06-30,2,822.8210,2.09,-656.8000,3.77,3
000027,深圳能源,2013-06-30,6,4263.8070,1.61,422.3670,1.45,5
000028,国药一致,2013-06-30,5,2640.8680,9.16,-592.2040,11.22,6
000031,中粮地产,2013-06-30,2,961.6860,0.53,-2660.0020,2.00,3
000039,中集集团,2013-06-30,4,6060.0200,2.28,330.4200,2.15,5
000046,泛海建设,2013-06-30,2,3468.4000,0.76,227.8300,0.71,2
000049,德赛电池,2013-06-30,8,2482.2730,18.14,453.8690,14.82,9
000050,深天马A,2013-06-30,5,2960.8320,5.16,-699.8630,6.37,5
000059,辽通化工,2013-06-30,3,2316.2990,1.93,-737.7670,2.54,4
000060,中金岭南,2013-06-30,7,13367.7750,6.48,784.4350,6.10,7
000061,农产品,2013-06-30,2,3077.3300,1.81,538.9200,1.50,2
000063,中兴通讯,2013-06-30,4,12211.2900,3.55,-515.8400,3.70,4
000066,长城电脑,2013-06-30,1,180.2740,0.14,-429.2410,0.46,3
000069,华侨城A,2013-06-30,5,26476.8500,3.64,-8449.1800,4.80,7
000078,海王生物,2013-06-30,2,230.4584,0.31,-9.5466,0.33,2
000088,盐田港,2013-06-30,6,6325.3630,3.26,-829.3780,3.68,6
000089,深圳机场,2013-06-30,1,372.6960,0.22,0.0000,0.22,1
000090,深天健,2013-06-30,2,496.9890,0.90,-296.9980,1.58,3
000099,中信海直,2013-06-30,2,233.9034,0.46,-197.9879,0.84,4
000156,华数传媒,2013-06-30,2,70.5654,0.06,70.5654,0.00,0
000157,中联重科,2013-06-30,1,5890.7600,0.76,-6129.5600,1.56,2
000159,国际实业,2013-06-30,2,751.5517,1.56,0.7813,1.56,2
000301,东方市场,2013-06-30,3,747.6900,0.61,-97.5660,0.69,3
000400,许继电气,2013-06-30,8,6579.1450,13.38,2800.5920,9.99,5
000401,冀东水泥,2013-06-30,3,3399.6460,2.52,719.0760,1.99,2
000402,金融街,2013-06-30,3,8687.1500,2.87,411.3000,2.73,3
000403,*ST生化,2013-06-30,1,150.0000,0.55,-50.9900,0.74,1
000404,华意压缩,2013-06-30,1,245.9550,0.44,169.6482,0.14,1
000407,胜利股份,2013-06-30,5,3873.1760,5.97,1823.5020,3.16,2
000410,沈阳机床,2013-06-30,1,107.6120,0.14,107.6120,0.00,0
000411,英特集团,2013-06-30,2,1032.6990,4.98,394.1480,3.08,1
000413,宝石A,2013-06-30,1,1300.0000,1.44,-299.9900,4.18,1
000415,渤海租赁,2013-06-30,1,226.3330,0.18,-11.7900,0.19,1
000417,合肥百货,2013-06-30,2,2613.8090,3.35,-1011.0510,4.65,3
000418,小天鹅A,2013-06-30,3,2337.8940,3.70,-686.2360,4.78,4
000422,湖北宜化,2013-06-30,6,3815.1220,4.25,1400.9530,2.69,3
000423,东阿阿胶,2013-06-30,8,6779.4530,10.37,-58.7900,10.46,9
000425,徐工机械,2013-06-30,3,4064.4300,1.97,-626.8740,2.27,4
000426,兴业矿业,2013-06-30,1,513.7070,1.17,-420.8180,2.13,2
600754,锦江股份,2013-06-30,4,2490.2320,4.13,-72.9720,4.25,4
600755,厦门国贸,2013-06-30,3,700.0690,0.53,-505.6470,0.91,4
600761,安徽合力,2013-06-30,5,3399.7210,6.61,-1107.2980,8.77,7
600763,通策医疗,2013-06-30,4,1098.1010,6.85,-965.8230,12.87,7
600765,中航重机,2013-06-30,2,497.4630,0.64,-522.3110,1.31,2
600771,广誉远,2013-06-30,2,735.8680,3.02,94.6260,2.63,2
600773,西藏城投,2013-06-30,1,85.6977,0.15,-164.3843,0.43,1
600776,东方通信,2013-06-30,3,3641.1210,2.90,579.2840,2.44,2
600778,友好集团,2013-06-30,1,129.1600,0.41,-809.6490,3.01,3
600779,水井坊,2013-06-30,2,597.5180,1.22,-70.7910,1.37,2
600780,通宝能源,2013-06-30,2,1743.4610,1.52,-5420.8690,6.25,5
600783,鲁信创投,2013-06-30,3,310.5189,0.42,76.3989,0.31,2
600785,新华百货,2013-06-30,2,752.9120,3.63,0.0000,3.63,2
600787,中储股份,2013-06-30,3,3454.8000,3.72,-1872.4300,5.73,5
600791,京能置业,2013-06-30,1,201.3360,0.44,201.3360,0.00,0
600794,保税科技,2013-06-30,1,399.9860,0.84,399.9860,0.00,0
600795,国电电力,2013-06-30,2,16710.0900,0.97,-3213.3700,1.16,2
600797,浙大网新,2013-06-30,2,712.9250,0.85,0.9700,0.85,2
600801,华新水泥,2013-06-30,2,2247.1490,2.40,-648.8820,3.10,3
600804,鹏博士,2013-06-30,2,4722.4400,3.53,-352.5900,3.79,2
600805,悦达投资,2013-06-30,6,7404.1220,8.70,-1209.9010,12.15,7
600808,马钢股份,2013-06-30,1,5300.0000,0.69,-200.0000,0.71,1
600809,山西汾酒,2013-06-30,5,2906.9480,3.36,-743.7330,4.22,7
600811,东方集团,2013-06-30,4,4045.9400,2.43,456.1010,2.15,3
600812,华北制药,2013-06-30,2,5003.0600,3.63,-1770.4700,4.91,3
600815,厦工股份,2013-06-30,3,1763.0040,1.84,-1977.7120,3.90,6
600820,隧道股份,2013-06-30,1,189.1560,0.15,-109.2580,0.23,1
600823,世茂股份,2013-06-30,2,2437.4810,2.08,-1117.3090,3.04,3
600828,成商集团,2013-06-30,1,2443.3800,4.28,96.5600,4.11,3
600831,广电网络,2013-06-30,1,513.2310,0.91,-155.0000,1.19,1
600832,东方明珠,2013-06-30,1,967.2400,0.30,-96.3600,0.33,1
600835,上海机电,2013-06-30,2,2182.2960,2.13,1429.2510,0.74,2
600839,四川长虹,2013-06-30,3,5191.3000,1.12,165.3900,1.09,3
600847,万里股份,2013-06-30,3,1261.6510,14.23,-21.7960,14.48,3
601607,上海医药,2013-06-30,1,5923.6700,2.20,-1353.3800,2.71,2
600850,华东电脑,2013-06-30,1,171.0610,0.53,171.0610,0.00,0
600851,海欣股份,2013-06-30,1,550.0000,0.46,550.0000,0.00,0
600858,银座股份,2013-06-30,3,3230.9100,6.21,-2558.9980,11.13,4
600859,王府井,2013-06-30,4,1948.2390,4.21,-1071.5810,6.53,5
600860,北人股份,2013-06-30,1,250.7250,0.59,250.7250,0.00,0
600863,内蒙华电,2013-06-30,1,2266.7400,0.88,-5773.9800,3.12,3
600867,通化东宝,2013-06-30,9,10470.8840,11.24,1214.8110,11.92,8
600871,仪征化纤,2013-06-30,1,1959.0700,0.49,-170.3100,0.53,2
600872,中炬高新,2013-06-30,7,7200.3260,9.04,3389.9880,4.78,4
600874,创业环保,2013-06-30,1,118.5100,0.08,1.0800,0.08,1
600875,东方电气,2013-06-30,1,669.3910,0.33,-966.4340,0.82,3
600879,航天电子,2013-06-30,2,4233.6490,4.07,1917.3790,2.86,1
600880,博瑞传播,2013-06-30,7,5844.3800,9.31,3843.5910,3.19,4
600881,亚泰集团,2013-06-30,1,1150.3900,0.61,-114.5400,0.67,1
600884,杉杉股份,2013-06-30,2,467.2840,1.14,333.0350,0.33,1
600885,宏发股份,2013-06-30,2,925.0500,1.94,925.0500,0.00,0
600886,国投电力,2013-06-30,5,48003.4700,7.37,23591.6000,6.80,5
600887,伊利股份,2013-06-30,3,6773.5300,3.35,-333.7000,3.80,3
000430,张家界,2013-06-30,7,3131.8750,9.76,891.6540,6.98,6
000488,晨鸣纸业,2013-06-30,1,1000.0000,0.48,-462.1200,0.71,1
000501,鄂武商A,2013-06-30,3,3992.8830,7.87,-989.8670,9.82,3
000503,海虹控股,2013-06-30,5,3895.6880,4.33,1383.6780,2.79,2
000506,中润资源,2013-06-30,1,238.8870,0.26,-90.9720,0.43,1
000507,珠海港,2013-06-30,1,132.5380,0.17,132.5380,0.00,0
000513,丽珠集团,2013-06-30,7,3959.0510,13.39,-580.0620,15.35,8
000514,渝开发,2013-06-30,1,1378.3300,1.63,-333.5400,2.23,1
000516,开元投资,2013-06-30,4,2213.4380,3.10,-1602.6990,5.35,5
000518,四环生物,2013-06-30,2,463.0730,0.45,-15.5130,0.46,2
000521,美菱电器,2013-06-30,3,1346.2850,1.76,-438.8540,2.34,3
000525,红太阳,2013-06-30,7,2598.9950,5.12,-575.5490,6.26,7
000528,柳工,2013-06-30,5,7622.3620,6.77,181.6600,6.61,6
000529,广弘控股,2013-06-30,1,1100.0000,1.88,-58.8800,1.99,1
000530,大冷股份,2013-06-30,3,1078.4410,3.08,-1157.1470,6.39,5
000531,穗恒运A,2013-06-30,2,580.0390,1.69,359.8910,0.64,1
000536,华映科技,2013-06-30,3,2172.0770,3.10,-95.9890,3.24,2
000538,云南白药,2013-06-30,7,3930.0700,5.66,799.7670,4.51,5
000539,粤电力A,2013-06-30,1,3224.2000,0.74,-1542.1100,1.09,2
000540,中天城投,2013-06-30,5,4553.0130,3.56,2080.1250,1.93,3
000543,皖能电力,2013-06-30,4,1379.9400,1.31,581.3820,0.76,2
000547,闽福发A,2013-06-30,1,1974.8600,2.37,0.0000,2.37,1
000550,江铃汽车,2013-06-30,2,1032.4630,1.20,-665.0190,1.97,3
000551,创元科技,2013-06-30,1,1001.9900,2.50,1001.9900,0.00,0
000553,沙隆达A,2013-06-30,4,1183.1510,1.99,-153.2480,2.25,5
000554,泰山石油,2013-06-30,1,228.2550,0.47,-20.0000,0.52,1
000558,莱茵置业,2013-06-30,1,138.8920,0.22,138.8920,0.00,0
000559,万向钱潮,2013-06-30,4,3475.4590,2.18,-102.3110,2.25,4
000562,宏源证券,2013-06-30,5,6167.2750,1.55,3193.9880,1.50,4
000566,海南海药,2013-06-30,5,8039.4300,16.24,218.3800,15.79,4
000568,泸州老窖,2013-06-30,7,8481.4320,6.05,-1313.1980,7.00,7
000572,海马汽车,2013-06-30,2,4619.9400,2.81,4619.9400,0.00,0
000573,粤宏远A,2013-06-30,1,585.8700,0.94,22.1900,0.91,1
000581,威孚高科,2013-06-30,6,5852.2810,8.60,205.6430,8.30,6
000589,黔轮胎A,2013-06-30,2,297.8480,0.61,140.7370,0.32,1
000590,紫光古汉,2013-06-30,1,259.9880,1.16,-175.2585,1.95,3
000592,中福实业,2013-06-30,2,2023.6240,2.39,-346.9590,2.80,2
000596,古井贡酒,2013-06-30,3,1365.4590,2.71,-151.4870,3.01,3
000597,东北制药,2013-06-30,2,399.9666,1.20,-437.5894,2.51,3
000598,兴蓉投资,2013-06-30,2,806.0010,0.27,-2778.2690,2.40,2
000599,青岛双星,2013-06-30,2,876.0810,1.67,287.2480,1.12,1
000600,建投能源,2013-06-30,2,762.1270,0.83,-452.2790,1.33,3
000603,盛达矿业,2013-06-30,3,276.4245,0.55,-178.1705,0.90,3
000608,阳光股份,2013-06-30,1,1156.8900,1.54,0.0000,1.54,1
000612,焦作万方,2013-06-30,3,1563.1190,2.41,750.8910,1.69,4
000616,亿城股份,2013-06-30,2,7982.0400,5.58,549.3690,6.24,3
000620,新华联,2013-06-30,1,213.9030,0.13,-23.5090,0.15,1
000623,吉林敖东,2013-06-30,5,4104.1560,4.59,1024.1280,3.44,3
000625,长安汽车,2013-06-30,3,9891.7800,2.12,-3958.5000,2.97,4
000627,天茂集团,2013-06-30,3,1007.6550,0.74,-208.0800,0.90,3
000629,攀钢钒钛,2013-06-30,3,13958.8800,1.63,-5240.0200,2.24,4
000630,铜陵有色,2013-06-30,7,5167.3720,3.63,-288.3570,3.84,7
000635,英力特,2013-06-30,2,637.6114,2.10,70.3040,1.87,2
000639,西王食品,2013-06-30,6,1427.6470,7.58,-851.9660,12.10,8
000650,仁和药业,2013-06-30,4,6587.2500,6.65,-845.0000,7.50,4
000651,格力电器,2013-06-30,2,6848.7200,2.28,-3199.4500,3.34,3
000652,泰达股份,2013-06-30,2,630.4840,0.43,630.4840,0.00,0
000655,金岭矿业,2013-06-30,2,133.8400,0.22,-231.1570,0.61,2
000656,金科股份,2013-06-30,7,5722.1800,4.94,930.9680,4.14,7
000657,*ST中钨,2013-06-30,1,93.1909,0.42,93.1909,0.00,0
000661,长春高新,2013-06-30,6,1266.2040,9.64,-167.3280,10.92,6
000665,湖北广电,2013-06-30,2,148.0059,0.38,0.0000,0.38,2
000669,金鸿能源,2013-06-30,9,1980.0650,7.36,-246.7700,8.28,10
000671,阳光城,2013-06-30,3,6884.1500,6.76,1476.5770,10.09,5
000678,襄阳轴承,2013-06-30,1,144.0920,0.34,-122.3800,0.62,1
000679,大连友谊,2013-06-30,3,1289.8400,3.62,218.0730,3.01,3
000680,山推股份,2013-06-30,6,4813.6380,4.23,424.2980,3.85,3
000682,东方电子,2013-06-30,2,664.9450,0.68,-21.8910,0.70,2
000683,远兴能源,2013-06-30,3,740.7060,0.96,1.5100,0.96,3
000686,东北证券,2013-06-30,3,1217.8260,1.24,42.1260,1.20,2
000690,宝新能源,2013-06-30,7,8967.6500,5.19,-759.4880,5.63,6
000692,惠天热电,2013-06-30,3,1398.5450,5.25,276.7970,4.21,3
000697,炼石有色,2013-06-30,1,294.1800,0.61,90.3490,0.42,1
000703,恒逸石化,2013-06-30,1,210.0100,0.18,-345.2260,0.48,2
000709,河北钢铁,2013-06-30,4,16952.7200,1.60,511.1600,1.55,4
000712,锦龙股份,2013-06-30,2,497.5850,1.11,-184.7040,1.52,2
000713,丰乐种业,2013-06-30,1,56.9400,0.19,-258.1200,1.05,2
000716,南方食品,2013-06-30,5,2352.8200,9.56,1429.3070,5.18,3
000718,苏宁环球,2013-06-30,4,11080.3200,5.42,-2678.1300,6.73,4
000719,大地传媒,2013-06-30,1,71.0100,0.16,-72.0000,0.33,2
000722,湖南发展,2013-06-30,1,101.9070,0.22,101.9070,0.00,0
000725,京东方A,2013-06-30,1,34044.6000,2.52,13761.0000,1.50,1
000726,鲁泰A,2013-06-30,4,3087.9360,3.07,120.0030,2.94,5
000728,国元证券,2013-06-30,1,2003.9200,1.02,-2253.0200,2.17,2
000731,四川美丰,2013-06-30,5,6891.9000,11.65,-2003.2350,15.32,7
000732,泰禾集团,2013-06-30,2,1230.8890,1.21,-66.1110,1.28,2
000733,振华科技,2013-06-30,5,902.8810,2.52,212.6670,1.93,2
000735,罗牛山,2013-06-30,1,239.6910,0.27,1.7500,0.27,1
000738,中航动控,2013-06-30,1,51.4122,0.05,51.4122,0.00,0
000739,普洛药业,2013-06-30,3,2749.3020,3.37,2060.6140,1.84,2
000748,长城信息,2013-06-30,4,2562.6340,6.82,1822.6540,1.97,1
000750,国海证券,2013-06-30,4,1892.0270,1.06,1533.1320,0.20,1
000758,中色股份,2013-06-30,6,3392.9310,3.45,129.1390,3.31,6
000759,中百集团,2013-06-30,1,2282.3400,3.35,0.0000,3.35,1
000762,西藏矿业,2013-06-30,2,689.9960,1.45,-710.6820,2.94,3
000768,中航飞机,2013-06-30,6,7788.4070,2.93,890.6090,2.60,6
000777,中核科技,2013-06-30,2,94.9658,0.45,-18.9766,0.53,2
000778,新兴铸管,2013-06-30,6,5888.5680,3.07,691.6980,2.71,6
000779,三毛派神,2013-06-30,1,310.0000,1.66,0.0000,1.66,1
000780,平庄能源,2013-06-30,6,2166.1320,2.14,-441.9710,2.57,6
000783,长江证券,2013-06-30,2,5874.8200,2.48,2689.8700,1.34,1
000785,武汉中商,2013-06-30,2,154.8426,0.62,74.1278,0.32,1
000786,北新建材,2013-06-30,4,2413.4700,4.20,193.5290,3.86,4
000788,北大医药,2013-06-30,1,149.9680,0.25,-24.4250,0.29,1
000789,江西水泥,2013-06-30,4,940.5870,2.30,-607.3330,3.79,5
000792,盐湖股份,2013-06-30,3,2267.0670,1.43,1445.4650,0.52,1
000793,华闻传媒,2013-06-30,2,3819.0500,2.81,-644.6800,3.28,2
000797,中国武夷,2013-06-30,2,535.9100,1.38,535.9100,0.00,0
000798,中水渔业,2013-06-30,1,100.6850,0.32,100.6850,0.00,0
000800,一汽轿车,2013-06-30,7,9072.1350,5.57,3062.0250,3.69,5
000801,四川九洲,2013-06-30,1,250.0000,0.54,-69.0800,0.69,1
000807,云铝股份,2013-06-30,6,6915.5430,4.49,-1244.9850,5.30,6
000811,烟台冰轮,2013-06-30,4,1152.3130,2.92,523.1510,1.59,2
000818,方大化工,2013-06-30,1,893.6140,1.31,0.0000,1.31,1
000823,超声电子,2013-06-30,1,279.1100,0.63,92.0800,0.42,1
000825,太钢不锈,2013-06-30,4,9190.4200,1.61,87.7400,1.60,4
000826,桑德环境,2013-06-30,9,5826.9880,9.02,-1279.8540,11.04,9
000830,鲁西化工,2013-06-30,3,8626.8300,5.89,1857.0600,4.62,3
000837,秦川发展,2013-06-30,1,137.5580,0.39,-326.3190,1.33,2
000839,中信国安,2013-06-30,5,4706.4380,3.00,651.1440,2.59,4
000848,承德露露,2013-06-30,8,5767.3290,14.37,623.8230,12.81,7
000850,华茂股份,2013-06-30,1,268.2820,0.28,268.2820,0.00,0
000858,五粮液,2013-06-30,6,11870.6900,3.13,541.3400,2.98,6
000860,顺鑫农业,2013-06-30,6,2984.1520,6.80,-1055.1810,9.21,7
000861,海印股份,2013-06-30,3,315.1040,0.64,-595.0601,1.85,5
000868,安凯客车,2013-06-30,2,1739.9480,2.50,1739.9480,0.00,0
000875,吉电股份,2013-06-30,1,271.1800,0.32,-4045.1620,5.14,6
000876,新希望,2013-06-30,1,817.8500,0.47,817.8500,0.00,0
000877,天山股份,2013-06-30,4,2559.0580,2.91,-91.4150,3.01,4
000878,云南铜业,2013-06-30,3,4009.2050,2.83,893.2760,2.20,3
000880,潍柴重机,2013-06-30,3,803.5882,2.91,163.2952,2.32,1
000882,华联股份,2013-06-30,2,2500.9100,2.33,-138.4400,2.46,2
000883,湖北能源,2013-06-30,1,127.4400,0.05,-0.6600,0.05,1
000887,中鼎股份,2013-06-30,8,11656.9010,10.87,5279.5060,10.70,6
000888,峨眉山A,2013-06-30,6,2386.4450,10.15,-180.9630,10.92,6
000893,东凌粮油,2013-06-30,6,1233.6858,4.62,577.9739,2.46,5
000895,双汇发展,2013-06-30,7,9675.7600,4.40,5904.1520,3.43,5
001896,豫能控股,2013-06-30,1,92.8011,0.15,92.8011,0.00,0
000897,津滨发展,2013-06-30,3,1150.4170,0.71,240.8090,0.56,2
000898,*ST鞍钢,2013-06-30,1,2100.0000,0.29,-1236.1900,0.46,2
000899,赣能股份,2013-06-30,2,509.9980,0.79,509.9980,0.00,0
000900,现代投资,2013-06-30,2,213.3023,0.36,100.0723,0.19,1
000901,航天科技,2013-06-30,1,120.2760,0.48,-151.5030,1.09,2
000903,云内动力,2013-06-30,2,409.7950,0.60,-250.1860,0.97,3
000906,物产中拓,2013-06-30,1,45.3306,0.14,-29.6694,0.23,1
000911,南宁糖业,2013-06-30,2,108.3788,0.38,-1.1430,0.38,2
000915,山大华特,2013-06-30,6,2852.7370,15.83,-398.5610,18.04,7
000917,电广传媒,2013-06-30,8,9626.4890,9.48,4925.7850,4.63,5
000919,金陵药业,2013-06-30,2,857.0000,1.70,-35.6700,1.77,2
000920,南方汇通,2013-06-30,3,812.4040,1.93,812.4040,0.00,0
000921,海信科龙,2013-06-30,5,2746.3380,2.03,1207.2880,1.14,4
000925,众合机电,2013-06-30,1,600.0000,1.93,600.0000,0.00,0
000926,福星股份,2013-06-30,5,4681.6270,6.57,-2846.4980,10.57,7
000927,一汽夏利,2013-06-30,4,3368.7030,2.11,-1797.2880,3.24,6
000931,中关村,2013-06-30,1,146.9900,0.22,0.9500,0.22,1
000932,华菱钢铁,2013-06-30,3,4981.5240,1.65,-1895.2900,2.28,5
000933,神火股份,2013-06-30,5,4453.1250,2.34,515.6100,2.07,4
000935,四川双马,2013-06-30,2,136.1212,0.22,86.2832,0.08,1
000936,华西股份,2013-06-30,1,277.8160,0.37,-28.9960,0.41,1
000937,冀中能源,2013-06-30,3,2606.6460,1.13,-2430.4230,2.18,6
000948,南天信息,2013-06-30,3,489.8201,2.11,489.8201,0.00,0
000951,中国重汽,2013-06-30,7,2420.2130,5.77,-600.4240,7.20,8
000952,广济药业,2013-06-30,1,178.2240,0.71,-213.0550,1.55,2
000959,首钢股份,2013-06-30,1,454.9740,0.15,454.9740,0.00,0
000960,锡业股份,2013-06-30,5,4414.0850,3.83,39.2630,4.83,5
000961,中南建设,2013-06-30,8,9932.0100,8.50,-1225.9690,9.55,9
000962,东方钽业,2013-06-30,2,119.0208,0.27,47.6167,0.16,1
000963,华东医药,2013-06-30,8,4695.8930,10.82,223.5890,10.30,7
000966,长源电力,2013-06-30,1,411.0000,0.74,-2893.9980,5.96,6
000968,煤气化,2013-06-30,1,154.2290,0.30,-992.5970,2.23,4
000969,安泰科技,2013-06-30,5,2617.1690,3.03,381.8350,2.59,4
000970,中科三环,2013-06-30,3,3138.1800,2.95,1094.4040,3.84,4
000973,佛塑科技,2013-06-30,2,330.6750,0.36,-11.1610,0.37,2
000977,浪潮信息,2013-06-30,2,301.0890,1.40,301.0890,0.00,0
000979,中弘股份,2013-06-30,2,2686.7400,2.65,-1379.0890,4.02,2
000982,中银绒业,2013-06-30,2,1017.8130,1.42,48.4770,1.35,2
000983,西山煤电,2013-06-30,3,5621.9400,1.78,-2117.3700,2.46,4
000987,广州友谊,2013-06-30,1,670.0000,1.87,-395.4730,2.97,3
000988,华工科技,2013-06-30,1,194.5770,0.22,-983.6200,1.32,2
000989,九芝堂,2013-06-30,4,1570.0850,5.28,-868.5850,8.19,5
000997,新大陆,2013-06-30,5,1909.5610,3.74,660.6640,2.45,3
000998,隆平高科,2013-06-30,4,2326.8890,5.60,-424.7360,6.62,5
000999,华润三九,2013-06-30,7,8666.7370,8.85,210.6980,8.64,7
600537,亿晶光电,2013-06-30,1,241.5330,0.50,241.5330,0.00,0
600408,安泰集团,2013-06-30,4,961.2660,0.95,-44.6890,1.00,4
600521,华海药业,2013-06-30,6,7358.2000,9.37,3568.1640,6.92,4
600575,芜湖港,2013-06-30,1,1000.0000,0.41,199.8200,0.66,1
600375,华菱星马,2013-06-30,2,312.9840,0.77,-178.3030,1.21,3
600502,安徽水利,2013-06-30,1,85.5000,0.17,-417.9510,1.50,2
600481,双良节能,2013-06-30,1,271.7440,0.34,81.5510,0.23,1
600459,贵研铂业,2013-06-30,2,399.9870,1.99,39.9870,1.79,1
600570,恒生电子,2013-06-30,6,11550.9200,18.70,1496.0600,16.12,5
600584,长电科技,2013-06-30,1,1200.3600,1.41,669.9440,0.62,2
600251,冠农股份,2013-06-30,2,577.2040,1.59,-161.4500,2.04,1
600436,片仔癀,2013-06-30,2,176.3714,1.26,37.1414,0.99,1
600031,三一重工,2013-06-30,2,6039.1100,0.79,-1151.1300,0.94,2
600435,北方导航,2013-06-30,3,251.3171,0.34,9.6998,0.32,3
600439,瑞贝卡,2013-06-30,2,1345.3140,1.43,948.7790,0.42,1
600271,航天信息,2013-06-30,2,1189.0700,1.29,337.3330,0.92,1
600423,柳化股份,2013-06-30,1,1111.1300,2.78,-28.0400,2.85,1
600475,华光股份,2013-06-30,1,99.9744,0.39,99.9744,0.00,0
600425,青松建化,2013-06-30,1,1500.0000,1.09,-2084.0990,5.20,6
600029,南方航空,2013-06-30,1,2934.4100,0.30,-2984.1400,0.60,2
600352,浙江龙盛,2013-06-30,4,9858.9300,6.62,2456.3400,5.04,3
600020,中原高速,2013-06-30,1,224.7260,0.10,3.9380,0.10,1
600489,中金黄金,2013-06-30,2,3294.6300,1.12,1618.4900,0.57,1
600348,阳泉煤业,2013-06-30,5,4969.6880,2.07,-1567.1570,2.72,7
600487,亨通光电,2013-06-30,3,420.6370,2.03,325.5653,0.46,2
600547,山东黄金,2013-06-30,4,2574.8810,1.81,-435.1530,2.12,5
600449,宁夏建材,2013-06-30,1,120.0000,0.25,120.0000,0.00,0
600432,吉恩镍业,2013-06-30,4,900.8720,1.11,232.1560,0.82,4
600429,三元股份,2013-06-30,1,178.6970,0.20,-177.1830,0.40,1
600401,海润光伏,2013-06-30,4,1804.7410,1.74,1512.6630,0.28,1
600507,方大特钢,2013-06-30,3,888.6080,0.68,417.5000,0.36,2
600403,大有能源,2013-06-30,3,1703.3640,0.71,789.2340,0.76,3
600517,置信电气,2013-06-30,2,2202.8800,3.19,211.9160,2.88,3
600406,国电南瑞,2013-06-30,7,21523.5900,9.76,7360.0300,8.99,6
600469,风神股份,2013-06-30,3,461.9970,1.23,-709.9960,3.13,3
600021,上海电力,2013-06-30,4,7955.9000,3.72,-1525.2280,4.43,6
600184,光电股份,2013-06-30,6,1270.8110,6.07,155.2565,5.33,5
600527,江南高纤,2013-06-30,4,8851.0100,11.03,-2131.7100,13.69,5
600545,新疆城建,2013-06-30,2,304.0720,0.45,157.8320,0.22,1
600446,金证股份,2013-06-30,5,1860.1460,7.09,-145.5610,7.68,4
600340,华夏幸福,2013-06-30,4,3325.1870,3.77,-387.6260,4.21,4
600540,新赛股份,2013-06-30,1,43.2950,0.14,43.2950,0.00,0
000100,TCL集团,2013-06-30,7,61347.7500,7.22,-9062.4500,8.31,7
600387,海越股份,2013-06-30,5,2922.0360,7.57,186.3680,7.09,5
600325,华发股份,2013-06-30,1,2489.9900,3.05,-2000.0000,5.50,2
600470,六国化工,2013-06-30,1,113.6740,0.22,0.9400,0.22,1
600035,楚天高速,2013-06-30,1,1923.4900,2.06,-410.3000,2.51,1
600479,千金药业,2013-06-30,4,3049.9690,10.01,-988.8830,13.25,5
600284,浦东建设,2013-06-30,3,2150.2850,3.10,-9.1870,3.12,3
600594,益佰制药,2013-06-30,6,6823.7530,18.92,-112.6240,19.23,6
600405,动力源,2013-06-30,1,208.4590,0.81,208.4590,0.00,0
600467,好当家,2013-06-30,4,4295.5720,5.88,562.3420,5.11,3
600960,渤海活塞,2013-06-30,2,102.0907,0.63,-97.9093,1.23,1
002181,粤传媒,2013-06-30,2,263.0840,0.38,0.0000,0.38,2
600969,郴电国际,2013-06-30,2,672.3660,3.20,-465.0670,5.41,3
600572,康恩贝,2013-06-30,7,9316.8320,11.51,-1060.8180,12.82,8
600988,赤峰黄金,2013-06-30,1,85.2140,0.30,85.2140,0.00,0
600976,武汉健民,2013-06-30,5,1834.5230,11.96,811.5730,6.67,5
600497,驰宏锌锗,2013-06-30,5,5031.9320,3.02,69.8440,3.79,7
600990,四创电子,2013-06-30,4,730.9350,5.35,187.0118,4.63,3
600114,东睦股份,2013-06-30,1,130.7890,0.64,130.7890,0.00,0
600993,马应龙,2013-06-30,5,2143.8840,6.47,-952.6210,9.34,7
600967,北方创业,2013-06-30,6,4290.9080,9.39,1919.6530,10.37,6
600963,岳阳林纸,2013-06-30,2,1044.5750,1.00,-2417.7360,3.32,3
600495,晋西车轴,2013-06-30,4,743.8184,2.46,220.3894,1.73,3
600461,洪城水业,2013-06-30,2,746.9850,2.26,0.0000,2.26,2
600997,开滦股份,2013-06-30,3,1516.9410,1.23,-2255.0930,3.06,5
600995,文山电力,2013-06-30,2,209.5890,0.44,-875.4120,2.27,2
600420,现代制药,2013-06-30,5,2320.0560,8.06,1095.0570,4.26,4
002001,新和成,2013-06-30,5,3884.4050,5.35,-164.5930,5.58,5
002003,伟星股份,2013-06-30,3,904.2630,3.49,-38.5600,3.64,3
002004,华邦颖泰,2013-06-30,3,2470.5650,4.35,-167.3640,4.64,4
002005,德豪润达,2013-06-30,4,5259.1900,4.51,862.1670,3.77,5
600143,金发科技,2013-06-30,2,9713.2600,3.69,-298.8500,3.80,2
002006,精功科技,2013-06-30,1,162.3620,0.36,-16.8800,0.39,1
002007,华兰生物,2013-06-30,3,2149.1010,3.73,-254.8460,4.17,4
002008,大族激光,2013-06-30,6,7054.5770,6.75,-982.1870,7.70,6
002009,天奇股份,2013-06-30,2,349.9960,1.09,349.9960,0.00,0
002010,传化股份,2013-06-30,2,2819.8500,5.78,1279.9400,3.16,1
002011,盾安环境,2013-06-30,2,1775.4030,2.12,1775.4030,0.00,0
002013,中航精机,2013-06-30,2,576.4330,0.80,-203.9020,1.09,3
002014,永新股份,2013-06-30,4,4052.2470,12.44,189.3630,11.86,5
002017,东信和平,2013-06-30,1,55.9220,0.26,-299.8840,1.63,1
002018,华星化工,2013-06-30,2,1164.4270,0.97,915.1210,0.85,1
600482,风帆股份,2013-06-30,2,413.7850,0.90,-397.1940,1.76,4
002020,京新药业,2013-06-30,3,1410.1030,5.58,739.7000,5.31,3
002021,中捷股份,2013-06-30,1,941.6120,1.66,-3163.4990,7.23,6
002022,科华生物,2013-06-30,5,5158.9940,10.48,706.3410,9.05,4
002023,海特高新,2013-06-30,4,1783.9130,5.29,-1007.4470,8.28,6
002024,苏宁云商,2013-06-30,4,20770.1900,2.81,10525.9600,1.39,2
002025,航天电器,2013-06-30,6,1982.5550,6.01,-714.6550,8.17,6
600983,合肥三洋,2013-06-30,5,1268.4605,2.38,-48.1795,2.47,6
002027,七喜控股,2013-06-30,1,97.0311,0.32,0.0000,0.32,1
002028,思源电气,2013-06-30,6,4493.7250,10.22,677.5030,8.68,5
002029,七匹狼,2013-06-30,4,2874.4240,3.80,-1890.1630,9.46,7
600987,航民股份,2013-06-30,1,435.5140,0.69,145.1720,0.69,1
002030,达安基因,2013-06-30,2,363.1360,0.79,178.1130,0.44,1
002031,巨轮股份,2013-06-30,2,914.2580,1.92,152.2820,1.83,2
600971,恒源煤电,2013-06-30,4,1086.6750,1.09,395.6900,0.69,3
002032,苏泊尔,2013-06-30,3,1878.7870,2.96,366.6900,2.38,3
600978,宜华木业,2013-06-30,3,4705.2160,4.08,-736.7560,4.72,4
002033,丽江旅游,2013-06-30,2,422.8800,1.99,-90.7680,3.14,3
002035,华帝股份,2013-06-30,4,2357.2310,8.20,1028.8970,4.62,4
600979,广安爱众,2013-06-30,5,4211.0930,5.87,3511.1060,0.98,1
002037,久联发展,2013-06-30,4,2834.1970,8.66,825.1800,9.82,5
002038,双鹭药业,2013-06-30,5,2906.3030,6.36,422.8050,6.52,5
600027,华电国际,2013-06-30,3,15126.6900,2.05,-623.3300,2.14,3
002039,黔源电力,2013-06-30,1,300.0000,1.47,-201.6200,2.46,2
600970,中材国际,2013-06-30,2,493.6550,0.45,-298.3000,0.72,2
002041,登海种业,2013-06-30,5,1020.7240,2.90,215.0310,2.29,5
002042,华孚色纺,2013-06-30,3,3182.1960,3.82,905.7600,2.73,2
002047,*ST成霖,2013-06-30,1,150.0000,0.33,150.0000,0.00,0
002048,宁波华翔,2013-06-30,3,1336.6110,2.52,517.2530,1.55,2
002049,同方国芯,2013-06-30,6,1446.3790,4.77,-541.2250,6.55,6
601588,北辰实业,2013-06-30,2,4359.3600,1.29,491.1400,1.15,2
002594,比亚迪,2013-06-30,2,2107.2500,0.90,952.5500,0.49,1
601633,长城汽车,2013-06-30,7,8572.5140,2.82,592.4810,2.62,7
601866,中海集运,2013-06-30,7,8472.7660,0.73,-3482.0840,1.02,6
601899,紫金矿业,2013-06-30,3,16086.4400,0.74,745.0700,0.70,3
002672,东江环保,2013-06-30,4,780.8880,3.46,231.7604,3.65,6
002051,中工国际,2013-06-30,4,2743.9750,4.31,-515.8270,5.12,5
002052,同洲电子,2013-06-30,1,180.0000,0.26,-1104.8670,3.76,4
002053,云南盐化,2013-06-30,1,142.2240,0.77,0.0000,0.77,1
601788,光大证券,2013-06-30,1,1299.9700,0.38,1299.9700,0.00,0
002500,山西证券,2013-06-30,1,1140.8800,0.48,87.6000,0.44,1
601169,北京银行,2013-06-30,1,7049.3700,0.80,7049.3700,0.00,0
601988,中国银行,2013-06-30,1,5831.8200,0.02,531.8300,0.02,1
601998,中信银行,2013-06-30,2,11878.5200,0.25,5795.6900,0.13,1
601628,中国人寿,2013-06-30,3,6636.6400,0.23,1166.7700,0.19,2
601601,中国太保,2013-06-30,1,4275.3800,0.47,4275.3800,0.00,0
300139,福星晓程,2013-06-30,3,252.7039,2.31,72.2199,1.65,2
300181,佐力药业,2013-06-30,3,616.6440,4.28,616.6440,0.00,0
002281,光迅科技,2013-06-30,2,82.7581,0.45,53.2455,0.16,1
300205,天喻信息,2013-06-30,8,2270.9690,10.56,1624.4277,4.51,4
601857,中国石油,2013-06-30,3,9726.7400,0.05,927.2500,0.05,3
002302,西部建设,2013-06-30,3,449.8258,0.96,-511.8832,4.58,5
002462,嘉事堂,2013-06-30,1,571.8400,2.38,571.8400,0.00,0
002106,莱宝高科,2013-06-30,4,4591.0140,6.50,-1486.8640,8.61,6
601600,中国铝业,2013-06-30,1,1744.8800,0.13,-173.9100,0.14,1
300077,国民技术,2013-06-30,3,483.3930,1.78,483.3930,0.00,0
002626,金达威,2013-06-30,1,169.9930,0.94,49.9980,0.67,1
601088,中国神华,2013-06-30,4,10801.9100,0.54,424.1100,0.52,4
300105,龙源技术,2013-06-30,9,2020.4280,7.09,512.0500,5.29,8
300026,红日药业,2013-06-30,7,3320.1220,8.88,955.5160,9.48,8
002139,拓邦股份,2013-06-30,1,197.6100,0.90,123.6106,0.34,1
601333,广深铁路,2013-06-30,3,10036.5400,1.42,-31.9600,1.42,3
002187,广百股份,2013-06-30,1,140.0000,0.41,-41.2900,0.53,1
002230,科大讯飞,2013-06-30,6,3102.6850,6.62,-1491.8210,12.15,6
002167,东方锆业,2013-06-30,1,168.1910,0.41,-2763.4990,7.08,2
002643,烟台万润,2013-06-30,5,2648.3590,9.61,1793.9410,6.20,3
002332,仙琚制药,2013-06-30,2,874.9240,2.56,398.8080,1.39,1
601126,四方股份,2013-06-30,5,1429.1450,3.51,434.0520,2.45,3
002267,陕天然气,2013-06-30,1,136.4440,0.13,-9.2700,0.14,1
002153,石基信息,2013-06-30,5,3249.7420,10.51,-262.2420,11.36,5
601608,中信重工,2013-06-30,1,315.1570,0.12,6.9590,0.11,1
002331,皖通科技,2013-06-30,3,593.2310,2.77,-106.8310,5.23,3
002063,远光软件,2013-06-30,6,6792.2920,14.71,-628.6140,16.07,6
601111,中国国航,2013-06-30,2,4356.7100,0.33,317.5500,0.31,2
002205,国统股份,2013-06-30,1,547.2070,4.71,0.0000,4.71,1
002056,横店东磁,2013-06-30,4,349.8218,0.85,-655.7052,2.45,6
002116,中国海诚,2013-06-30,2,182.6200,0.89,-475.6212,3.21,3
002457,青龙管业,2013-06-30,3,1136.9260,3.39,-950.6060,6.23,6
002338,奥普光电,2013-06-30,4,676.6450,5.64,88.2060,4.90,3
002570,贝因美,2013-06-30,4,3887.8500,6.08,2494.2380,3.27,2
002185,华天科技,2013-06-30,5,4910.5270,7.56,4910.5270,0.00,0
300149,量子高科,2013-06-30,1,48.4976,0.24,48.4976,0.00,0
002206,海利得,2013-06-30,2,639.9740,1.43,-379.0260,2.28,1
601158,重庆水务,2013-06-30,4,4978.5960,1.04,1800.0270,0.66,4
601168,西部矿业,2013-06-30,1,1157.5000,0.49,-115.2200,0.53,1
002222,福晶科技,2013-06-30,1,128.9360,0.45,128.9360,0.00,0
300294,博雅生物,2013-06-30,1,113.4280,1.50,113.4280,0.00,0
000338,潍柴动力,2013-06-30,5,6346.1530,3.17,-507.6240,3.43,6
002416,爱施德,2013-06-30,2,319.9810,0.32,319.9810,0.00,0
002140,东华科技,2013-06-30,6,2391.5770,5.36,-676.1430,6.88,6
002080,中材科技,2013-06-30,7,4318.0060,10.80,2072.7740,5.61,7
002061,江山化工,2013-06-30,1,156.6420,0.45,-554.9191,3.06,5
601919,*ST远洋,2013-06-30,1,2329.9300,0.23,-2952.9000,0.52,2
002117,东港股份,2013-06-30,4,742.4910,2.45,742.4910,0.00,0
300034,钢研高纳,2013-06-30,5,761.8005,3.59,446.7465,1.49,2
601808,中海油服,2013-06-30,2,2056.4530,0.46,-166.0370,0.49,2
002534,杭锅股份,2013-06-30,1,109.9860,0.27,-52.0627,0.40,2
002358,森源电气,2013-06-30,7,3577.9090,10.40,787.5530,8.11,5
002347,泰尔重工,2013-06-30,1,48.3288,0.26,48.3288,0.00,0
601880,大连港,2013-06-30,2,619.4860,0.14,619.4860,0.00,0
002182,云海金属,2013-06-30,2,422.1580,1.47,-69.9930,1.71,2
002430,杭氧股份,2013-06-30,2,978.5140,1.21,0.0000,1.21,2
002405,四维图新,2013-06-30,4,5125.6800,7.41,2443.9910,4.65,3
601001,大同煤业,2013-06-30,1,406.4420,0.24,-443.0520,0.51,2
002202,金风科技,2013-06-30,4,8053.7900,2.99,2900.5900,1.91,3
601965,中国汽研,2013-06-30,7,4175.7700,6.52,1099.4370,4.80,7
002463,沪电股份,2013-06-30,1,433.3330,0.31,433.3330,0.00,0
002690,美亚光电,2013-06-30,7,1857.5450,7.14,715.6510,5.71,5
002054,德美化工,2013-06-30,2,547.7850,1.70,0.0000,1.70,2
002055,得润电子,2013-06-30,5,2726.1420,6.58,-729.6280,8.34,4
002146,荣盛发展,2013-06-30,2,3786.7500,2.01,-1366.4400,2.75,3
002065,东华软件,2013-06-30,4,4368.4030,6.33,219.6030,6.01,3
600048,保利地产,2013-06-30,1,7519.3800,1.05,870.1300,0.93,1
601006,大秦铁路,2013-06-30,2,19718.0700,1.33,10317.9100,0.63,1
601699,潞安环能,2013-06-30,2,2319.5730,1.01,-2319.8790,2.02,3
002089,新海宜,2013-06-30,2,2356.1500,5.32,-148.4160,5.91,3
002234,民和股份,2013-06-30,3,1026.4250,3.40,162.7020,2.86,2
002078,太阳纸业,2013-06-30,3,826.2870,0.72,325.9010,0.50,2
002091,江苏国泰,2013-06-30,4,999.5030,2.78,466.3400,1.48,2
002096,南岭民爆,2013-06-30,1,459.9780,1.24,109.5561,0.94,2
002263,大东南,2013-06-30,1,469.9890,0.81,469.9890,0.00,0
002118,紫鑫药业,2013-06-30,1,89.8019,0.18,89.8019,0.00,0
002064,华峰氨纶,2013-06-30,3,1505.9100,2.04,524.0900,1.33,2
002070,众和股份,2013-06-30,1,1562.3700,3.20,1562.3700,0.00,0
002073,软控股份,2013-06-30,4,4510.1240,6.08,134.1100,5.89,4
002079,苏州固锝,2013-06-30,1,388.2550,0.53,-611.7360,1.38,1
601666,平煤股份,2013-06-30,2,1200.6910,0.51,412.5360,0.33,1
002076,雪莱特,2013-06-30,1,150.0000,0.81,150.0000,0.00,0
002068,黑猫股份,2013-06-30,2,1590.3700,3.32,-1598.9350,6.65,5
300180,华峰超纤,2013-06-30,2,500.5480,3.17,-119.7610,3.93,3
002287,奇正藏药,2013-06-30,1,120.4860,0.30,-8.4009,0.32,2
300024,机器人,2013-06-30,3,1267.7540,4.26,255.2160,3.40,3
300082,奥克股份,2013-06-30,2,370.3720,1.10,324.8329,0.18,1
002308,威创股份,2013-06-30,7,6794.7400,8.15,1563.1620,8.16,7
002396,星网锐捷,2013-06-30,3,640.3840,1.82,109.1060,1.51,3
002362,汉王科技,2013-06-30,1,58.0071,0.27,-263.6229,1.50,1
601898,中煤能源,2013-06-30,2,2111.2900,0.16,-416.6700,0.19,2
601918,国投新集,2013-06-30,3,1817.3510,0.98,-696.2400,1.36,3
002461,珠江啤酒,2013-06-30,2,174.7441,0.26,92.6446,0.12,1
002081,金螳螂,2013-06-30,5,5564.5590,4.74,330.9780,6.69,7
002084,海鸥卫浴,2013-06-30,1,384.9990,0.95,-114.9960,1.35,2
002172,澳洋科技,2013-06-30,1,500.5030,0.90,-749.2930,2.25,2
002168,深圳惠程,2013-06-30,1,157.8170,0.21,-11.8280,0.22,1
002154,报喜鸟,2013-06-30,1,560.0000,0.94,-1030.2620,2.66,3
600017,日照港,2013-06-30,1,2878.6400,0.94,-623.8100,1.14,1
002074,东源电器,2013-06-30,1,87.4304,0.35,-37.5516,0.49,1
601800,中国交建,2013-06-30,1,2810.2900,0.17,73.7700,0.17,1
002386,天原集团,2013-06-30,1,127.0490,0.26,-51.0520,0.37,1
002092,中泰化学,2013-06-30,1,560.6670,0.49,-3658.7790,3.66,4
002093,国脉科技,2013-06-30,2,405.2570,0.47,175.0940,0.27,1
002099,海翔药业,2013-06-30,3,2533.4290,7.81,-150.0000,8.27,3
601101,昊华能源,2013-06-30,4,839.6950,0.70,-254.4810,0.91,3
601908,京运通,2013-06-30,3,823.6770,0.96,823.6770,0.00,0
002105,信隆实业,2013-06-30,2,190.9139,0.71,128.3381,0.23,1
002104,恒宝股份,2013-06-30,5,2821.4500,6.40,-355.5870,7.21,4
002108,沧州明珠,2013-06-30,3,667.3290,1.96,289.4921,1.11,2
601002,晋亿实业,2013-06-30,3,402.6950,0.55,-338.3420,1.00,3
002107,沃华医药,2013-06-30,1,56.6175,0.35,-143.3825,1.22,1
002121,科陆电子,2013-06-30,1,616.0240,1.55,616.0240,0.00,0
002112,三变科技,2013-06-30,1,128.7000,0.64,128.7000,0.00,0
002115,三维通信,2013-06-30,2,1000.0420,2.44,-332.7810,3.89,3
002120,新海股份,2013-06-30,1,46.3670,0.31,-6.7058,0.35,1
002250,联化科技,2013-06-30,8,9999.9390,19.04,756.8690,17.60,8
002216,三全食品,2013-06-30,1,808.8130,2.01,-122.3940,4.63,2
002349,精华制药,2013-06-30,1,65.0000,0.33,65.0000,0.00,0
601003,柳钢股份,2013-06-30,1,109.1340,0.04,-277.5440,0.15,1
002123,荣信股份,2013-06-30,3,1542.5830,3.06,-499.9960,4.05,3
002129,中环股份,2013-06-30,4,5680.5470,6.46,-821.0790,7.40,4
002131,利欧股份,2013-06-30,2,370.2900,1.16,252.5720,0.37,1
300303,聚飞光电,2013-06-30,8,2202.4750,10.12,1343.0540,3.95,4
002232,启明信息,2013-06-30,1,113.5070,0.28,-17.3620,0.32,1
601118,海南橡胶,2013-06-30,3,1660.8870,0.42,873.5530,0.20,1
601958,金钼股份,2013-06-30,3,1327.7600,0.41,681.5300,0.20,1
002128,露天煤业,2013-06-30,2,860.5550,0.65,106.1060,0.57,2
300016,北陆药业,2013-06-30,4,2114.0700,6.92,1164.4861,6.22,5
002279,久其软件,2013-06-30,1,29.2764,0.17,29.2764,0.00,0
300271,华宇软件,2013-06-30,4,1352.5920,9.14,814.8060,3.63,2
300318,博晖创新,2013-06-30,1,108.2200,0.66,12.5563,0.93,1
603993,洛阳钼业,2013-06-30,3,316.4415,0.06,316.4415,0.00,0
002138,顺络电子,2013-06-30,5,2654.7160,8.09,-99.9710,8.76,4
300295,三六五网,2013-06-30,4,277.9779,5.21,188.3523,1.68,1
002371,七星电子,2013-06-30,3,2768.3320,7.86,1398.3760,7.78,3
002159,三特索道,2013-06-30,3,1355.6760,11.30,-220.3040,13.13,4
002148,北纬通信,2013-06-30,6,1366.4130,12.05,924.0890,3.90,3
002152,广电运通,2013-06-30,2,2720.8480,3.64,-1136.3980,6.19,4
002296,辉煌科技,2013-06-30,2,227.0190,1.28,-6.8780,1.32,2
002157,正邦科技,2013-06-30,4,1211.6560,2.81,991.1950,0.51,1
002156,通富微电,2013-06-30,1,164.0080,0.25,-162.1040,0.50,2
002155,辰州矿业,2013-06-30,4,2978.3810,2.99,1156.2720,2.38,3
002158,汉钟精机,2013-06-30,2,170.6700,0.71,27.3974,0.66,2
002254,泰和新材,2013-06-30,4,1277.1560,2.51,3.2140,3.25,6
002161,远望谷,2013-06-30,1,274.3880,0.37,274.3880,0.00,0
002192,路翔股份,2013-06-30,1,308.4630,2.17,-59.9831,2.59,2
002174,梅花伞,2013-06-30,1,49.1691,0.59,0.0000,0.59,1
002179,中航光电,2013-06-30,6,1850.5940,3.99,936.2260,2.28,3
002177,御银股份,2013-06-30,1,195.5670,0.26,-88.3290,0.48,1
002180,万力达,2013-06-30,1,44.7043,0.36,-8.3004,0.42,1
002183,怡亚通,2013-06-30,2,405.7250,0.41,187.4020,0.26,1
002304,洋河股份,2013-06-30,1,356.5660,0.33,-85.7960,0.41,1
601390,中国中铁,2013-06-30,4,10006.4600,0.47,-67.6400,0.47,3
002191,劲嘉股份,2013-06-30,1,210.0000,0.33,0.0000,0.33,1
002190,成飞集成,2013-06-30,1,104.4320,0.30,-4.2200,0.31,1
002194,武汉凡谷,2013-06-30,3,1165.2190,2.10,1105.0390,0.11,1
300213,佳讯飞鸿,2013-06-30,1,205.9170,1.63,-106.1610,2.48,1
300284,苏交科,2013-06-30,1,392.4590,1.64,-13.2690,1.69,1
002436,兴森科技,2013-06-30,2,1093.0200,4.89,118.7030,4.36,2
002583,海能达,2013-06-30,5,889.6860,3.20,494.3690,1.42,2
002204,大连重工,2013-06-30,2,228.5182,0.35,-76.7492,0.47,2
002454,松芝股份,2013-06-30,1,149.9860,0.48,20.4760,0.42,1
601139,深圳燃气,2013-06-30,1,780.9270,0.39,-1899.9900,1.35,3
002209,达意隆,2013-06-30,1,51.3805,0.26,-357.8775,2.10,3
601238,广汽集团,2013-06-30,3,2160.7830,0.34,828.9330,0.21,3
002391,长青股份,2013-06-30,1,279.9910,1.33,-611.7928,4.33,6
002397,梦洁家纺,2013-06-30,4,1042.7245,6.90,40.8365,6.63,4
002220,天宝股份,2013-06-30,1,312.5500,0.67,-237.6730,1.18,1
002215,诺普信,2013-06-30,3,3179.7610,5.85,1546.3610,4.51,2
300229,拓尔思,2013-06-30,4,737.7310,3.62,-296.3140,5.07,4
002226,江南化工,2013-06-30,6,1517.8190,3.84,-221.3840,4.40,4
601766,中国南车,2013-06-30,1,13845.5000,1.00,-259.1000,1.02,1
002221,东华能源,2013-06-30,6,3453.4450,5.89,2138.5990,4.48,3
300140,启源装备,2013-06-30,1,28.2162,0.23,28.2162,0.00,0
002364,中恒电气,2013-06-30,4,1568.5400,6.17,817.8534,5.92,5
002219,独一味,2013-06-30,4,1779.3020,4.04,-456.8950,5.08,5
601186,中国铁建,2013-06-30,2,8849.2400,0.72,-2135.1400,0.89,3
002273,水晶光电,2013-06-30,6,3628.5420,9.67,83.3670,14.17,7
002297,博云新材,2013-06-30,1,194.3210,0.91,194.3210,0.00,0
002443,金洲管道,2013-06-30,1,65.0000,0.18,65.0000,0.00,0
002223,鱼跃医疗,2013-06-30,6,4927.5000,9.27,667.3510,8.01,5
002550,千红制药,2013-06-30,4,823.3780,5.15,176.4430,4.04,4
002244,滨江集团,2013-06-30,5,5405.1130,4.00,-1086.4050,4.80,5
002227,奥特迅,2013-06-30,1,15.5901,0.14,15.5901,0.00,0
002237,恒邦股份,2013-06-30,1,124.8360,0.27,-13.9700,0.30,1
002249,大洋电机,2013-06-30,3,4084.9560,5.71,581.7390,4.89,3
002233,塔牌集团,2013-06-30,1,179.9020,0.20,-38.5000,0.24,1
002236,大华股份,2013-06-30,5,6569.7600,5.73,2728.8570,6.88,5
002252,上海莱士,2013-06-30,1,283.8760,0.58,0.0000,0.58,1
002238,天威视讯,2013-06-30,4,565.3278,1.76,1.9480,1.76,3
002247,帝龙新材,2013-06-30,1,25.6283,0.20,25.6283,0.00,0
002241,歌尔声学,2013-06-30,6,7792.6850,5.11,3400.9610,5.18,6
002242,九阳股份,2013-06-30,1,154.5070,0.20,-139.7810,0.39,2
601777,力帆股份,2013-06-30,1,77.8300,0.08,-148.2370,0.24,2
002251,步步高,2013-06-30,5,1863.5650,5.70,455.5790,4.31,4
002450,康得新,2013-06-30,4,6069.7800,6.47,-440.1530,10.44,6
002255,海陆重工,2013-06-30,5,3386.8510,13.12,2122.6000,4.90,3
002262,恩华药业,2013-06-30,1,709.0330,2.16,216.8610,2.10,1
002258,利尔化学,2013-06-30,1,131.8110,0.65,-804.5260,4.63,4
002419,天虹商场,2013-06-30,3,1179.8020,1.47,-1635.2620,3.52,8
002322,理工监测,2013-06-30,2,552.5740,1.96,433.0520,0.85,1
002342,巨力索具,2013-06-30,1,488.5530,0.51,148.5600,0.35,1
300054,鼎龙股份,2013-06-30,3,1244.5730,4.57,-497.7470,6.40,5
300011,鼎汉技术,2013-06-30,1,119.3780,0.52,119.3780,0.00,0
601668,中国建筑,2013-06-30,3,56734.0000,1.89,-5486.2000,2.07,3
002271,东方雨虹,2013-06-30,4,3479.9100,10.13,1218.4200,6.58,4
002269,美邦服饰,2013-06-30,3,437.9490,0.44,-519.4730,0.95,4
300079,数码视讯,2013-06-30,3,2809.0640,8.29,1696.0370,3.31,2
002601,佰利联,2013-06-30,1,42.6526,0.23,-5.6800,0.26,1
300233,金城医药,2013-06-30,1,332.4580,2.75,-206.0089,4.45,3
300115,长盈精密,2013-06-30,9,3245.1430,12.58,1352.7010,7.34,5
002266,浙富股份,2013-06-30,2,798.8530,1.12,-3008.4540,6.36,4
300015,爱尔眼科,2013-06-30,6,1912.9890,4.42,187.3230,3.99,6
002344,海宁皮城,2013-06-30,3,4371.2600,3.90,1236.6130,5.60,5
002276,万马电缆,2013-06-30,1,219.4800,0.24,0.0000,0.24,1
002284,亚太股份,2013-06-30,3,503.1320,1.75,503.1320,0.00,0
300036,超图软件,2013-06-30,2,270.7381,2.26,-839.5759,9.25,6
002277,友阿股份,2013-06-30,3,2396.3900,4.29,-1721.9100,7.37,6
300002,神州泰岳,2013-06-30,1,795.1770,1.30,795.1770,0.00,0
601233,桐昆股份,2013-06-30,4,1376.1820,1.43,507.1870,0.90,2
002285,世联地产,2013-06-30,2,962.5700,2.27,-290.5070,3.84,3
300070,碧水源,2013-06-30,6,7118.2130,8.04,2004.0090,9.25,7
002291,星期六,2013-06-30,2,1474.6370,4.06,-207.0350,4.63,3
002292,奥飞动漫,2013-06-30,4,3056.8250,4.98,651.9070,5.87,4
002293,罗莱家纺,2013-06-30,5,1998.3780,7.12,628.0660,9.76,6
002294,信立泰,2013-06-30,4,1396.1250,2.14,-1694.7850,7.09,9
601299,中国北车,2013-06-30,4,32396.4900,3.14,-5860.1800,3.71,6
601117,中国化学,2013-06-30,2,5060.2400,1.03,-1533.3000,1.34,3
300038,梅泰诺,2013-06-30,3,810.1210,5.15,635.8710,1.11,1
002683,宏大爆破,2013-06-30,5,1828.7470,8.35,541.3505,5.88,6
300072,三聚环保,2013-06-30,4,4318.0710,8.54,-1489.0540,14.93,6
601618,中国中冶,2013-06-30,3,6703.9500,0.35,-8551.0200,0.80,2
002496,辉丰股份,2013-06-30,2,610.8240,2.49,-217.2160,5.07,4
300353,东土科技,2013-06-30,1,19.9906,0.37,19.9906,0.00,0
002478,常宝股份,2013-06-30,2,69.5103,0.17,-62.9481,0.33,2
002431,棕榈园林,2013-06-30,3,1678.6040,3.64,224.7980,3.79,4
300075,数字政通,2013-06-30,4,901.4460,7.15,113.7764,9.38,7
002412,汉森制药,2013-06-30,2,479.8190,3.24,-71.1410,3.72,3
300171,东富龙,2013-06-30,4,846.6400,4.07,-940.9739,8.59,8
300095,华伍股份,2013-06-30,1,35.5335,0.35,35.5335,0.00,0
300093,金刚玻璃,2013-06-30,1,291.9880,1.35,-88.6518,1.76,2
002422,科伦药业,2013-06-30,4,4164.6720,8.68,99.0630,8.47,4
002506,*ST超日,2013-06-30,1,133.2900,0.16,-124.8410,0.31,1
300058,蓝色光标,2013-06-30,3,2426.3020,6.02,444.5090,5.00,2
300285,国瓷材料,2013-06-30,7,642.8617,10.30,-63.4118,11.32,9
002415,海康威视,2013-06-30,5,6010.8490,2.99,124.0190,2.93,6
601888,中国国旅,2013-06-30,4,2455.5700,2.79,-452.3380,3.30,3
002489,浙江永强,2013-06-30,1,96.6916,0.20,0.0000,0.20,1
002301,齐心文具,2013-06-30,2,370.3820,0.96,-63.6790,1.13,3
601989,中国重工,2013-06-30,1,7790.9000,0.53,629.9000,0.49,1
002315,焦点科技,2013-06-30,1,100.2490,0.85,0.0000,0.85,1
002303,美盈森,2013-06-30,5,1355.2160,7.58,166.3590,6.65,4
002305,南国置业,2013-06-30,3,3416.5450,3.55,705.7900,2.82,3
300012,华测检测,2013-06-30,3,2569.9710,6.96,1897.5640,3.65,2
300007,汉威电子,2013-06-30,2,455.4540,3.86,455.4540,0.00,0
300064,豫金刚石,2013-06-30,2,685.5400,1.13,135.5400,0.90,1
300047,天源迪科,2013-06-30,6,2305.3840,7.31,1679.1350,3.99,2
300032,金龙机电,2013-06-30,6,3171.6080,11.11,2087.0294,7.60,4
300033,同花顺,2013-06-30,4,645.6750,4.80,468.5640,1.32,1
300037,新宙邦,2013-06-30,5,2369.3800,13.84,1223.3180,6.69,2
300031,宝通带业,2013-06-30,2,127.8185,0.85,127.8185,0.00,0
300101,国腾电子,2013-06-30,2,1161.5920,4.18,-852.6470,7.25,3
300071,华谊嘉信,2013-06-30,5,1178.6430,7.59,345.4390,5.37,4
300005,探路者,2013-06-30,4,4405.9540,10.41,-792.8710,14.74,6
300045,华力创通,2013-06-30,1,209.5970,0.78,7.3770,0.75,1
300027,华谊兄弟,2013-06-30,5,3077.1770,5.09,-1585.9990,7.71,6
300003,乐普医疗,2013-06-30,2,1009.6060,1.24,652.3810,0.44,1
300010,立思辰,2013-06-30,2,797.5510,3.06,-125.6590,3.54,3
300117,嘉寓股份,2013-06-30,1,150.0000,0.69,150.0000,0.00,0
300006,莱美药业,2013-06-30,7,2243.1000,12.26,48.4060,11.99,6
300053,欧比特,2013-06-30,1,90.4244,0.45,0.0000,0.45,1
300238,冠昊生物,2013-06-30,1,170.7380,1.40,170.7380,0.00,0
300035,中科电气,2013-06-30,3,1133.9050,6.30,647.5200,4.06,2
300041,回天胶业,2013-06-30,2,559.5250,3.31,-121.2130,6.45,4
300001,特锐德,2013-06-30,4,899.6826,4.49,532.5143,1.83,4
300066,三川股份,2013-06-30,5,1334.5450,8.56,1019.8160,2.02,2
300009,安科生物,2013-06-30,4,1594.2770,6.61,1343.6990,1.33,2
300087,荃银高科,2013-06-30,1,139.9940,1.33,0.0000,1.33,1
300142,沃森生物,2013-06-30,2,323.7730,1.78,-200.9120,2.88,4
002310,东方园林,2013-06-30,8,5237.8980,8.64,2266.1410,9.86,9
002309,中利科技,2013-06-30,2,495.6130,1.03,-167.4080,1.38,3
002311,海大集团,2013-06-30,5,5974.3380,6.04,844.6440,6.74,5
002312,三泰电子,2013-06-30,2,588.7610,3.20,588.7610,0.00,0
300127,银河磁体,2013-06-30,3,174.7476,1.08,106.8870,0.42,2
002313,日海通讯,2013-06-30,4,598.2770,1.88,411.2953,0.76,2
300252,金信诺,2013-06-30,5,765.9162,7.09,392.4473,3.46,3
002400,省广股份,2013-06-30,7,6133.1510,15.91,2409.9770,19.32,9
002568,百润股份,2013-06-30,3,280.6597,1.75,-391.0363,4.20,4
002324,普利特,2013-06-30,1,323.3780,1.20,142.3230,0.67,1
601799,星宇股份,2013-06-30,1,129.5750,0.54,-99.9881,0.96,2
002314,雅致股份,2013-06-30,1,709.7860,2.45,709.7860,0.00,0
002327,富安娜,2013-06-30,4,1861.6240,5.79,744.0620,6.96,5
002318,久立特材,2013-06-30,4,1698.4070,5.44,1698.4070,0.00,0
002317,众生药业,2013-06-30,4,1872.5500,5.20,975.3680,2.49,2
002474,榕基软件,2013-06-30,1,185.7400,0.60,-41.7724,1.10,3
002321,华英农业,2013-06-30,1,308.6290,1.05,308.6290,0.00,0
002325,洪涛股份,2013-06-30,7,10204.4700,14.78,3340.4260,14.91,7
300004,南风股份,2013-06-30,2,650.0000,3.46,-82.3690,3.90,2
300014,亿纬锂能,2013-06-30,8,2503.9590,12.58,2125.0280,1.91,2
601877,正泰电器,2013-06-30,4,4723.9460,4.70,-242.0820,4.94,4
300017,网宿科技,2013-06-30,7,2714.3660,17.48,173.4980,16.48,8
300019,硅宝科技,2013-06-30,1,60.7200,0.37,-126.9450,1.84,1
300020,银江股份,2013-06-30,6,2922.4790,12.11,1082.3800,7.67,5
300025,华星创业,2013-06-30,1,763.9330,4.90,513.9100,1.60,1
002385,大北农,2013-06-30,5,8044.4400,5.01,3550.6190,5.61,6
002329,皇氏乳业,2013-06-30,1,80.0000,0.37,-659.4530,3.46,5
002335,科华恒盛,2013-06-30,2,724.3970,3.25,558.8900,0.74,1
002340,格林美,2013-06-30,2,727.8700,0.97,-45.5620,1.33,1
002339,积成电子,2013-06-30,2,1412.6010,3.73,757.3920,3.46,2
002341,新纶科技,2013-06-30,1,597.9310,1.60,-880.6300,3.96,3
002538,司尔特,2013-06-30,3,1552.0300,5.24,-269.8140,6.15,3
002345,潮宏基,2013-06-30,1,265.4760,0.74,-625.5500,4.95,5
601258,庞大集团,2013-06-30,4,5164.7820,1.97,-1567.9240,2.57,5
300335,迪森股份,2013-06-30,7,1485.7320,7.10,1051.0767,3.12,5
002351,漫步者,2013-06-30,2,131.0955,0.45,131.0955,0.00,0
002353,杰瑞股份,2013-06-30,5,2880.0880,4.82,723.1570,4.70,4
300030,阳普医疗,2013-06-30,1,250.0000,1.69,150.0000,0.68,1
002549,凯美特气,2013-06-30,7,1841.8902,6.82,-340.4828,8.08,7
002375,亚厦股份,2013-06-30,5,5592.9080,8.80,-1497.9540,11.16,8
300039,上海凯宝,2013-06-30,6,5043.2690,9.59,2953.2650,7.95,5
002367,康力电梯,2013-06-30,3,2660.9690,6.99,1113.4560,4.07,3
002368,太极股份,2013-06-30,4,1776.1850,7.49,-667.3370,10.31,6
300048,合康变频,2013-06-30,5,3352.0320,9.91,844.2860,7.42,4
002566,益盛药业,2013-06-30,1,87.6135,0.40,-1807.1655,8.59,3
002376,新北洋,2013-06-30,5,6416.0390,10.69,4101.8900,7.71,3
601106,中国一重,2013-06-30,2,2699.1400,0.41,-9.7600,0.41,2
300043,星辉车模,2013-06-30,8,3496.9840,14.46,1023.6460,15.61,8
002378,章源钨业,2013-06-30,2,100.3470,0.23,-252.8467,0.82,3
002382,蓝帆股份,2013-06-30,1,50.0000,0.21,50.0000,0.00,0
002421,达实智能,2013-06-30,6,3133.3210,15.01,488.0500,12.67,7
002630,华西能源,2013-06-30,5,1857.3350,11.12,-15.7090,11.22,6
002392,北京利尔,2013-06-30,1,91.3886,0.17,91.3886,0.00,0
002394,联发股份,2013-06-30,1,63.4804,0.29,63.4804,0.00,0
300056,三维丝,2013-06-30,4,391.3219,4.18,366.3219,0.27,1
300055,万邦达,2013-06-30,4,1715.3210,7.50,749.1830,4.22,3
300057,万顺股份,2013-06-30,8,3647.0650,8.64,2900.4080,1.77,2
002398,建研集团,2013-06-30,2,842.9450,3.20,-414.9698,6.20,5
002390,信邦制药,2013-06-30,1,115.2950,0.66,15.3046,0.58,1
601669,中国水电,2013-06-30,4,19020.8000,1.98,2573.4600,1.71,3
002410,广联达,2013-06-30,3,1883.4990,3.51,-1926.8740,9.22,10
002408,齐翔腾达,2013-06-30,3,2015.4430,3.59,-1945.6410,7.07,5
002604,龙力生物,2013-06-30,3,1876.9110,7.75,638.2590,6.65,2
300059,东方财富,2013-06-30,3,4749.6680,7.07,4139.4960,1.82,1
002439,启明星辰,2013-06-30,6,3259.4110,15.70,-1.1410,15.71,8
002580,圣阳股份,2013-06-30,1,195.5640,1.79,195.5640,0.00,0
002433,太安堂,2013-06-30,1,60.0000,0.22,6.3569,0.39,1
601018,宁波港,2013-06-30,1,2331.3200,0.18,-232.2700,0.20,1
002465,海格通信,2013-06-30,3,393.6195,1.18,208.9571,0.56,2
300068,南都电源,2013-06-30,2,2012.0120,3.36,2012.0120,0.00,0
601369,陕鼓动力,2013-06-30,2,2743.1390,1.67,186.8990,1.56,3
002573,国电清新,2013-06-30,6,4633.5750,8.70,1730.5190,9.81,5
002426,胜利精密,2013-06-30,2,710.2150,1.77,710.2150,0.00,0
002456,欧菲光,2013-06-30,7,3047.2240,6.55,583.7750,10.59,8
002429,兆驰股份,2013-06-30,5,4563.5040,4.27,-518.7140,7.14,4
300069,金利华电,2013-06-30,1,24.9700,0.32,24.9700,0.00,0
002440,闰土股份,2013-06-30,5,2077.0620,5.42,-153.3660,5.82,6
002437,誉衡药业,2013-06-30,5,1429.7710,5.11,-281.2770,6.11,6
300080,新大新材,2013-06-30,3,1510.0910,3.00,788.3860,1.98,1
300083,劲胜股份,2013-06-30,5,1161.0000,5.81,-615.7890,8.88,8
300074,华平股份,2013-06-30,6,2504.0400,11.38,1440.6740,10.63,7
601012,隆基股份,2013-06-30,3,2319.4290,4.31,1765.3120,1.03,1
002441,众业达,2013-06-30,3,1029.5880,4.44,-49.5346,4.65,5
002469,三维工程,2013-06-30,4,1539.2390,6.07,466.5819,6.35,4
002444,巨星科技,2013-06-30,7,2257.5630,4.45,710.4340,3.05,5
002466,天齐锂业,2013-06-30,8,525.3425,3.57,242.7553,1.92,5
002445,中南重工,2013-06-30,1,455.8070,1.81,-312.8810,3.05,1
300086,康芝药业,2013-06-30,5,1510.9913,7.55,495.1693,5.08,3
300081,恒信移动,2013-06-30,1,72.3999,0.54,72.3999,0.00,0
002458,益生股份,2013-06-30,4,485.7004,1.73,406.2110,0.28,1
300272,开能环保,2013-06-30,3,404.8055,2.14,162.0765,1.70,2
300088,长信科技,2013-06-30,8,5704.0300,11.65,2114.9250,11.00,9
300090,盛运股份,2013-06-30,5,2228.4970,8.73,-852.4250,12.07,8
300096,易联众,2013-06-30,1,172.0260,1.00,-85.2030,1.50,1
300085,银之杰,2013-06-30,5,520.8567,4.34,520.8567,0.00,0
002460,赣锋锂业,2013-06-30,4,685.8063,4.49,685.8063,0.00,0
002452,长高集团,2013-06-30,2,89.7594,0.69,89.7594,0.00,0
601718,际华集团,2013-06-30,3,5001.0420,1.30,-46.8580,1.31,2
300253,卫宁软件,2013-06-30,9,2041.2450,19.08,232.6450,16.90,7
300124,汇川技术,2013-06-30,10,3359.9230,8.64,160.1700,8.23,9
300089,长城集团,2013-06-30,1,73.3109,0.49,73.3109,0.00,0
300152,燃控科技,2013-06-30,1,350.9970,1.46,350.9970,0.00,0
002663,普邦园林,2013-06-30,5,2551.7600,4.57,1536.8630,3.63,5
601208,东材科技,2013-06-30,3,2040.3920,3.31,1340.4120,1.14,1
002655,共达电声,2013-06-30,4,626.4195,2.61,251.6345,3.12,3
002484,江海股份,2013-06-30,1,28.9411,0.14,-155.9042,0.89,2
300126,锐奇股份,2013-06-30,3,401.3972,2.65,95.1002,2.02,3
300104,乐视网,2013-06-30,4,2526.4470,3.18,930.4590,3.82,3
300110,华仁药业,2013-06-30,1,289.9840,0.66,-221.0400,2.34,3
002470,金正大,2013-06-30,6,3176.9830,4.54,-829.4390,5.72,8
300113,顺网科技,2013-06-30,8,1873.9700,14.20,245.0680,12.34,7
300106,西部牧业,2013-06-30,1,338.2820,2.89,-134.8264,4.04,2
300133,华策影视,2013-06-30,9,6073.0880,10.46,2352.0630,9.64,8
300156,天立环保,2013-06-30,1,241.9600,0.84,0.0000,0.84,1
002527,新时达,2013-06-30,1,170.0030,0.82,170.0030,0.00,0
002530,丰东股份,2013-06-30,1,293.4620,1.10,-5.8700,1.12,1
002595,豪迈科技,2013-06-30,1,388.0000,1.94,-242.0000,3.15,2
002614,蒙发利,2013-06-30,2,1202.3400,5.01,725.8800,1.99,1
002475,立讯精密,2013-06-30,8,4008.5010,7.32,1000.3870,8.24,9
601886,江河创建,2013-06-30,3,5449.1200,4.87,2011.8900,6.14,4
300120,经纬电材,2013-06-30,1,34.4451,0.20,-6.8584,0.24,1
300128,锦富新材,2013-06-30,8,1789.0190,8.75,166.7500,7.93,8
601098,中南传媒,2013-06-30,5,3003.1570,1.67,918.3470,1.16,4
002477,雏鹰农牧,2013-06-30,5,4048.8830,7.58,-52.5360,7.68,6
002479,富春环保,2013-06-30,1,80.3147,0.11,-1406.4073,2.02,5
002480,新筑股份,2013-06-30,5,3222.3930,11.51,853.9190,8.46,4
002481,双塔食品,2013-06-30,5,1766.3730,8.18,125.9300,7.59,4
300121,阳谷华泰,2013-06-30,2,266.5811,1.90,172.5853,0.87,1
300119,瑞普生物,2013-06-30,5,1144.9850,5.90,336.3760,4.17,4
300125,易世达,2013-06-30,5,679.4138,5.76,679.4138,0.00,0
002482,广田股份,2013-06-30,5,2047.0730,3.97,-1599.0510,7.12,9
300138,晨光生物,2013-06-30,1,120.0000,0.67,0.0000,0.67,1
002521,齐峰新材,2013-06-30,2,1560.0350,3.71,436.4700,5.45,3
300122,智飞生物,2013-06-30,3,922.9010,2.31,-39.0533,2.40,4
300123,太阳鸟,2013-06-30,2,486.2525,3.50,-250.8364,5.30,4
002615,哈尔斯,2013-06-30,2,96.8138,1.06,96.8138,0.00,0
002518,科士达,2013-06-30,1,19.9273,0.10,19.9273,0.00,0
600998,九州通,2013-06-30,4,5380.9760,3.79,583.2160,3.38,3
002497,雅化集团,2013-06-30,4,1769.8570,3.69,87.8590,3.50,5
300134,大富科技,2013-06-30,2,1986.8500,6.21,934.2500,3.29,3
002494,华斯股份,2013-06-30,1,190.3540,1.68,-17.8820,1.83,1
002498,汉缆股份,2013-06-30,1,58.4049,0.05,19.6516,0.05,1
300137,先河环保,2013-06-30,2,879.4270,5.64,879.4270,0.00,0
300132,青松股份,2013-06-30,1,339.0200,1.76,-108.8318,3.71,3
300136,信维通信,2013-06-30,9,2404.3490,18.03,375.7870,15.21,6
601339,百隆东方,2013-06-30,1,99.9937,0.13,-318.6047,0.56,3
002567,唐人神,2013-06-30,4,2742.8620,6.63,730.2270,7.29,6
603123,翠微股份,2013-06-30,1,109.7260,0.36,109.7260,0.00,0
601928,凤凰传媒,2013-06-30,5,5683.6480,2.23,4883.0470,0.31,1
002501,利源铝业,2013-06-30,4,1884.2340,4.03,788.9730,5.85,5
002499,科林环保,2013-06-30,2,496.3720,4.41,496.3720,0.00,0
300141,和顺电气,2013-06-30,1,122.3600,0.74,12.3737,1.00,2
300164,通源石油,2013-06-30,4,2039.0220,8.58,1346.9550,4.37,2
002511,中顺洁柔,2013-06-30,3,900.9960,2.89,-20.8400,4.43,4
002554,惠博普,2013-06-30,6,2713.1320,5.95,702.6160,6.62,5
002508,老板电器,2013-06-30,6,2574.1270,10.06,393.2200,8.52,6
300154,瑞凌股份,2013-06-30,1,84.7700,0.38,84.7700,0.00,0
300331,苏大维格,2013-06-30,2,529.9850,8.55,-51.3478,9.38,4
002503,搜于特,2013-06-30,4,1443.0780,3.34,-607.7590,7.12,6
002509,天广消防,2013-06-30,4,1308.1940,3.27,363.7280,4.72,5
300144,宋城股份,2013-06-30,6,4779.0440,8.56,-742.4020,9.96,7
002507,涪陵榨菜,2013-06-30,6,1219.7656,7.87,-280.8864,9.68,6
002515,金字火腿,2013-06-30,1,29.9926,0.21,5.9024,0.17,1
300289,利德曼,2013-06-30,5,987.7731,6.43,184.5372,5.23,5
300145,南方泵业,2013-06-30,3,803.6510,5.58,9.9800,5.51,3
300148,天舟文化,2013-06-30,1,50.0000,0.33,50.0000,0.00,0
300168,万达信息,2013-06-30,5,2116.7050,8.70,-857.2270,12.39,6
603167,渤海轮渡,2013-06-30,1,443.9840,0.92,0.0000,0.92,1
300157,恒泰艾普,2013-06-30,7,2914.1940,15.78,1084.7880,9.91,5
002522,浙江众成,2013-06-30,1,69.9903,0.41,-362.7776,2.54,4
300146,汤臣倍健,2013-06-30,8,2823.2720,8.61,1459.5770,6.23,5
002547,春兴精工,2013-06-30,1,346.6940,1.22,94.7200,0.89,1
300155,安居宝,2013-06-30,7,918.3681,5.03,-158.5350,5.98,6
002606,大连电瓷,2013-06-30,1,30.0000,0.15,-130.5287,0.80,3
002524,光正集团,2013-06-30,6,3564.8590,7.08,2951.6080,2.83,3
300147,香雪制药,2013-06-30,7,5232.3870,13.35,1262.6190,13.16,7
002532,新界泵业,2013-06-30,1,77.2902,0.48,61.2952,0.10,1
002531,天顺风能,2013-06-30,1,34.5099,0.08,-50.5626,0.41,1
002540,亚太科技,2013-06-30,1,85.1715,0.20,85.1715,0.00,0
601933,永辉超市,2013-06-30,1,1752.1800,1.14,888.5890,1.12,1
300165,天瑞仪器,2013-06-30,3,232.8469,1.51,-165.8397,2.59,4
300159,新研股份,2013-06-30,6,1000.0870,5.54,473.7614,2.92,6
002557,洽洽食品,2013-06-30,6,2515.4574,7.44,64.1264,7.25,6
002539,新都化工,2013-06-30,1,129.7450,0.39,-559.2800,2.08,2
300170,汉得信息,2013-06-30,7,2179.6240,12.28,-139.3150,13.07,7
300166,东方国信,2013-06-30,5,776.9132,6.27,197.1572,4.77,4
300174,元力股份,2013-06-30,1,134.1610,0.99,25.0334,0.80,2
300175,朗源股份,2013-06-30,2,509.4870,1.08,-28.1770,1.14,2
002541,鸿路钢构,2013-06-30,1,436.8530,1.63,-896.0010,4.97,5
300177,中海达,2013-06-30,3,535.5220,2.66,161.6398,1.87,4
300178,腾邦国际,2013-06-30,6,971.1976,7.94,116.6920,6.98,5
300176,鸿特精密,2013-06-30,1,35.6879,0.33,13.3179,0.25,1
002551,尚荣医疗,2013-06-30,5,1479.6640,8.02,-149.5800,8.83,6
601137,博威合金,2013-06-30,1,42.4140,0.20,42.4140,0.00,0
300193,佳士科技,2013-06-30,1,150.9760,0.68,-84.0310,1.06,1
300216,千山药机,2013-06-30,1,74.9229,0.41,-359.1731,3.07,4
300183,东软载波,2013-06-30,6,413.4422,1.88,324.3553,0.40,1
300197,铁汉生态,2013-06-30,9,2410.5110,7.63,1081.6460,6.31,7
300182,捷成股份,2013-06-30,9,2129.5010,9.58,497.1470,9.54,8
300203,聚光科技,2013-06-30,3,1051.9886,2.36,73.3849,2.20,3
002558,世纪游轮,2013-06-30,1,36.9619,0.62,36.9619,0.00,0
300198,纳川股份,2013-06-30,6,2041.2660,9.77,879.0790,5.57,3
300186,大华农,2013-06-30,1,536.7570,1.01,268.3780,1.01,1
300195,长荣股份,2013-06-30,8,1053.2757,7.41,64.3644,7.06,5
300188,美亚柏科,2013-06-30,5,815.3448,3.68,472.8838,3.09,5
300196,长海股份,2013-06-30,9,1746.6627,14.56,812.4577,7.79,5
300187,永清环保,2013-06-30,3,463.9855,2.32,269.7982,1.45,2
002698,博实股份,2013-06-30,9,1548.6436,3.86,609.8798,2.34,7
300190,维尔利,2013-06-30,4,1030.2020,6.58,676.6897,3.62,4
002565,上海绿新,2013-06-30,4,2665.6100,7.80,121.7420,7.44,5
300192,科斯伍德,2013-06-30,1,39.7383,0.36,39.7383,0.00,0
300214,日科化学,2013-06-30,2,205.1979,1.01,-254.2331,2.27,3
300204,舒泰神,2013-06-30,3,294.9028,1.23,294.9028,0.00,0
002563,森马服饰,2013-06-30,2,454.7639,0.68,111.9370,0.51,2
300199,翰宇药业,2013-06-30,1,559.7550,1.40,331.6410,1.14,1
002571,德力股份,2013-06-30,3,887.1730,2.61,185.8960,2.06,2
002564,张化机,2013-06-30,1,332.3390,0.90,0.0000,1.09,1
300226,上海钢联,2013-06-30,3,284.3480,2.37,-250.7935,6.69,5
002572,索菲亚,2013-06-30,7,3816.4570,8.68,1913.4090,8.66,7
002575,群兴玩具,2013-06-30,1,180.4800,0.67,90.2401,0.67,1
300206,理邦仪器,2013-06-30,6,1165.2720,8.96,1165.2720,0.00,0
300202,聚龙股份,2013-06-30,5,2536.9480,8.31,1239.3210,7.65,5
300210,森远股份,2013-06-30,7,990.8835,7.35,-197.7962,8.82,8
300209,天泽信息,2013-06-30,2,485.9950,3.04,385.9950,0.63,1
601566,九牧王,2013-06-30,3,770.0890,1.33,-1150.5830,3.32,4
300207,欣旺达,2013-06-30,8,2055.7360,8.41,-933.7130,12.23,8
300212,易华录,2013-06-30,6,3179.7850,11.86,1757.6700,10.61,5
300218,安利股份,2013-06-30,3,495.0280,2.34,133.2140,1.71,3
601222,林洋电子,2013-06-30,6,2131.0210,6.00,1128.1610,2.82,6
300219,鸿利光电,2013-06-30,6,1541.5920,6.28,822.8560,2.93,3
300257,开山股份,2013-06-30,3,1732.0400,4.04,161.1720,5.49,4
300215,电科院,2013-06-30,4,775.2800,2.15,402.0333,2.07,3
300217,东方电热,2013-06-30,7,1574.1506,7.96,805.0525,3.89,2
300222,科大智能,2013-06-30,2,131.1909,1.21,10.7643,1.12,2
300227,光韵达,2013-06-30,3,175.1135,1.31,151.1135,0.36,1
300228,富瑞特装,2013-06-30,7,1569.3550,11.71,-419.0980,14.84,8
300224,正海磁材,2013-06-30,4,440.5098,1.84,440.5098,0.00,0
300240,飞力达,2013-06-30,1,200.1750,1.19,-25.5672,1.35,3
601311,骆驼股份,2013-06-30,8,6093.1340,7.15,-3514.7030,11.28,8
002585,双星新材,2013-06-30,1,34.0000,0.08,0.1200,0.08,1
002586,围海股份,2013-06-30,1,211.0000,0.69,-625.2205,4.11,3
002589,瑞康医药,2013-06-30,6,1048.8603,11.18,-103.4959,12.29,7
002587,奥拓电子,2013-06-30,1,84.9909,0.77,-50.1317,1.24,2
300232,洲明科技,2013-06-30,3,547.4230,5.42,130.0544,4.13,3
300230,永利带业,2013-06-30,1,90.7070,0.56,-41.2080,0.82,1
300234,开尔新材,2013-06-30,1,67.2810,0.56,-76.4728,1.20,2
002588,史丹利,2013-06-30,6,1261.9190,5.74,221.3035,6.16,6
002605,姚记扑克,2013-06-30,2,67.9925,0.36,67.9925,0.00,0
300241,瑞丰光电,2013-06-30,6,1283.1270,5.93,233.7316,9.61,6
300258,精锻科技,2013-06-30,5,1121.5760,6.23,108.9500,6.75,4
002607,亚夏汽车,2013-06-30,1,154.8940,0.68,-284.3150,2.50,3
300244,迪安诊断,2013-06-30,2,564.0370,4.72,198.3143,3.98,2
300246,宝莱特,2013-06-30,1,48.7508,0.33,-6.9396,0.76,1
002603,以岭药业,2013-06-30,4,859.4860,1.56,67.1330,1.43,5
002620,瑞和股份,2013-06-30,3,637.7647,5.31,397.7842,2.00,2
300251,光线传媒,2013-06-30,8,2055.6380,4.06,568.7233,6.17,9
300256,星星科技,2013-06-30,5,533.1683,3.55,-305.4933,5.59,6
300255,常山药业,2013-06-30,4,1047.8510,5.56,-59.3030,5.88,5
601636,旗滨集团,2013-06-30,2,530.3640,0.77,226.0920,0.44,1
300267,尔康制药,2013-06-30,6,1067.8990,4.46,400.3780,2.79,4
300259,新天科技,2013-06-30,6,1380.9040,7.60,100.2790,8.46,7
002618,丹邦科技,2013-06-30,5,888.2660,5.55,-515.4150,8.77,6
300273,和佳股份,2013-06-30,9,5630.8150,12.80,4058.3870,7.86,4
300261,雅本化学,2013-06-30,3,261.3006,1.13,-716.5819,6.74,5
002611,东方精工,2013-06-30,1,52.0000,0.29,52.0000,0.00,0
300263,隆华节能,2013-06-30,4,785.6620,4.81,63.1561,4.42,3
300270,中威电子,2013-06-30,4,253.0308,2.11,-395.7358,10.81,9
002612,朗姿股份,2013-06-30,4,732.0561,3.66,398.1673,1.67,3
300266,兴源过滤,2013-06-30,3,236.3094,2.03,236.3094,0.00,0
300274,阳光电源,2013-06-30,5,2841.4750,8.81,1515.6440,4.11,4
601100,恒立油缸,2013-06-30,5,3332.0620,5.29,-711.3320,6.42,8
300275,梅安森,2013-06-30,1,78.7178,0.48,-143.4412,2.70,2
002628,成都路桥,2013-06-30,2,382.0870,1.14,-754.7270,3.40,3
002625,龙生股份,2013-06-30,1,40.3646,0.35,40.3646,0.00,0
002623,亚玛顿,2013-06-30,4,1083.0078,6.77,-331.7052,8.84,3
603001,奥康国际,2013-06-30,2,591.7100,1.48,-363.1120,2.38,4
300293,蓝英装备,2013-06-30,3,160.5073,0.89,68.5407,1.02,2
002635,安洁科技,2013-06-30,9,2937.7070,16.32,1027.6650,15.92,9
002648,卫星石化,2013-06-30,1,242.2200,0.61,-721.7750,2.41,5
002646,青青稞酒,2013-06-30,5,1592.3380,3.54,37.0890,3.46,6
300281,金明精机,2013-06-30,3,177.6022,1.48,100.0645,1.29,2
002638,勤上光电,2013-06-30,8,4337.8360,11.58,1800.0610,6.77,4
300288,朗玛信息,2013-06-30,3,296.2550,2.77,102.8906,3.62,5
300324,旋极信息,2013-06-30,7,745.5140,6.66,485.1797,4.65,5
002651,利君股份,2013-06-30,1,21.1114,0.05,-300.5752,0.80,2
300297,蓝盾股份,2013-06-30,1,43.5200,0.44,-15.9385,0.61,1
601313,江南嘉捷,2013-06-30,1,699.9820,1.68,699.9820,0.00,0
603077,和邦股份,2013-06-30,2,146.6200,0.33,74.9600,0.16,2
002664,信质电机,2013-06-30,1,97.0104,0.73,-399.8926,3.73,1
002649,博彦科技,2013-06-30,7,1130.8271,7.54,130.1382,6.67,6
300290,荣科科技,2013-06-30,1,180.0040,1.32,180.0040,0.00,0
300287,飞利信,2013-06-30,4,1251.7030,9.93,447.7210,9.57,3
300298,三诺生物,2013-06-30,8,644.6196,4.88,259.6420,4.37,7
002656,卡奴迪路,2013-06-30,3,302.7974,1.51,-264.1940,5.67,6
002662,京威股份,2013-06-30,2,398.8920,0.66,-1670.5720,3.45,6
300291,华录百纳,2013-06-30,6,1051.3660,7.96,554.0338,8.29,5
002650,加加食品,2013-06-30,4,1031.5790,4.48,190.7280,4.38,3
002666,德联集团,2013-06-30,2,190.0110,0.59,-42.3474,1.45,3
300307,慈星股份,2013-06-30,1,200.0000,0.25,200.0000,0.00,0
300310,宜通世纪,2013-06-30,4,310.9354,1.77,113.7360,1.12,5
002653,海思科,2013-06-30,7,2233.9240,2.79,910.9810,1.65,6
300296,利亚德,2013-06-30,7,769.8730,5.13,751.3809,0.18,1
300309,吉艾科技,2013-06-30,6,1404.0440,6.46,807.5770,2.75,5
300301,长方照明,2013-06-30,4,1062.8511,3.94,1062.8511,0.00,0
300304,云意电气,2013-06-30,1,21.4423,0.21,21.4423,0.00,0
601515,东风股份,2013-06-30,3,480.5272,0.86,430.5272,0.09,1
300326,凯利泰,2013-06-30,2,155.4950,2.02,7.0262,2.90,3
601231,环旭电子,2013-06-30,5,2215.4910,2.19,-855.3410,3.04,9
002658,雪迪龙,2013-06-30,8,795.9574,5.79,424.0097,2.71,3
300300,汉鼎股份,2013-06-30,6,2283.1671,11.93,1255.5241,11.81,5
002660,茂硕电源,2013-06-30,5,2040.3860,10.34,1875.7660,1.67,1
002661,克明面业,2013-06-30,3,202.8752,2.44,-9.8029,2.56,3
002674,兴业科技,2013-06-30,2,270.5598,1.13,45.8121,0.94,2
002675,东诚生化,2013-06-30,1,50.0000,0.46,50.0000,0.00,0
300311,任子行,2013-06-30,1,11.6900,0.17,-12.6350,0.34,1
300302,同有科技,2013-06-30,3,82.1319,1.37,35.5671,0.78,1
300312,邦讯技术,2013-06-30,2,423.4533,3.97,221.9028,1.89,4
300315,掌趣科技,2013-06-30,7,2279.7530,6.33,1286.4140,6.07,7
603000,人民网,2013-06-30,8,1121.4095,4.06,310.1314,2.93,5
300299,富春通信,2013-06-30,3,140.0207,1.16,93.0937,0.70,1
002665,首航节能,2013-06-30,1,199.9620,0.75,199.9620,0.00,0
002699,美盛文化,2013-06-30,2,67.0000,0.72,67.0000,0.00,0
603366,日出东方,2013-06-30,3,1479.3030,3.70,1127.8643,0.88,3
002678,珠江钢琴,2013-06-30,2,324.7880,0.68,-15.0000,0.71,2
300322,硕贝德,2013-06-30,3,502.8180,4.49,-488.3008,10.62,10
300339,润和软件,2013-06-30,1,62.1434,0.40,-34.3218,1.26,2
300336,新文化,2013-06-30,7,652.7555,6.80,146.5140,5.27,8
603008,喜临门,2013-06-30,3,889.0600,2.82,177.5313,3.39,7
300334,津膜科技,2013-06-30,7,1047.3008,9.03,38.2654,8.70,7
002701,奥瑞金,2013-06-30,8,1179.7132,3.85,154.3154,3.34,6
300337,银邦股份,2013-06-30,5,1606.8894,8.60,-448.7600,11.00,7
002695,煌上煌,2013-06-30,2,59.2645,0.48,-71.9467,1.06,2
300349,金卡股份,2013-06-30,8,610.6023,6.78,429.2274,3.02,5
300328,宜安科技,2013-06-30,3,281.1624,2.51,-548.6491,7.41,9
300346,南大光电,2013-06-30,5,496.7264,4.94,414.7298,1.63,2
300355,蒙草抗旱,2013-06-30,4,475.3450,2.31,405.3525,0.51,1
300351,永贵电器,2013-06-30,7,483.2392,4.73,322.3549,2.05,2
300347,泰格医药,2013-06-30,6,226.4669,2.12,72.2394,2.89,5
300354,东华测试,2013-06-30,1,46.9575,0.71,15.6525,0.71,1
300352,北信源,2013-06-30,2,209.9365,1.57,43.6871,2.49,5
