600005,武钢股份,2013-03-31,3,5407.9400,0.54,-953.6300,0.63,3
600007,中国国贸,2013-03-31,3,2689.9250,2.67,-790.4800,3.46,3
600008,首创股份,2013-03-31,2,511.3850,0.23,511.3850,0.00,0
600009,上海机场,2013-03-31,2,3529.4400,1.83,-2397.6300,3.08,4
600010,包钢股份,2013-03-31,4,8253.0700,1.03,1528.6200,1.05,3
600019,宝钢股份,2013-03-31,2,7006.4300,0.41,2782.6800,0.25,1
600026,中海发展,2013-03-31,2,671.4130,0.20,-8.5870,0.20,1
600028,中国石化,2013-03-31,3,14349.3000,0.16,4483.8700,0.11,2
600030,中信证券,2013-03-31,1,5748.9100,0.52,-155.1200,0.54,1
600033,福建高速,2013-03-31,1,241.0050,0.09,-329.7000,0.21,2
600037,歌华有线,2013-03-31,1,424.7360,0.40,-79.5170,0.48,1
600038,哈飞股份,2013-03-31,1,143.2020,0.42,143.2020,0.00,0
600050,中国联通,2013-03-31,3,32382.6600,1.53,-6989.8800,1.86,4
600052,浙江广厦,2013-03-31,1,500.0000,0.57,-500.9800,1.15,1
600054,黄山旅游,2013-03-31,3,1804.0690,3.83,156.2830,3.50,3
600055,华润万东,2013-03-31,1,97.5700,0.45,97.5700,0.00,0
600056,中国医药,2013-03-31,5,1003.0693,3.23,-664.2007,5.36,5
600058,五矿发展,2013-03-31,3,913.0540,0.85,-1082.8690,1.86,8
600059,古越龙山,2013-03-31,4,3265.1970,5.14,-1132.9870,6.93,5
600060,海信电器,2013-03-31,6,18295.9300,14.00,4546.9100,10.52,6
600062,华润双鹤,2013-03-31,7,6348.8520,11.11,293.8850,10.59,6
600066,宇通客车,2013-03-31,6,7016.2440,9.95,-1853.1040,12.58,7
600067,冠城大通,2013-03-31,5,5529.4880,4.70,-47.1800,4.74,5
600068,葛洲坝,2013-03-31,1,1396.9400,0.40,-1231.0870,0.75,2
600070,浙江富润,2013-03-31,1,114.0290,0.62,0.0000,0.62,1
600071,凤凰光学,2013-03-31,1,100.0220,0.42,0.0000,0.42,1
600072,中船股份,2013-03-31,2,927.4100,1.94,-625.9523,3.25,5
600073,上海梅林,2013-03-31,3,1361.1220,1.82,1361.1220,0.00,0
600075,新疆天业,2013-03-31,1,71.0500,0.16,-78.0388,0.34,2
600078,澄星股份,2013-03-31,1,107.4800,0.16,-264.0073,0.56,3
600079,人福医药,2013-03-31,8,6863.8370,13.91,-362.0010,14.64,8
600081,东风科技,2013-03-31,1,44.6485,0.14,-53.8897,0.31,1
600085,同仁堂,2013-03-31,4,5069.0720,3.89,-714.3930,4.44,5
600086,东方金钰,2013-03-31,5,3923.2380,11.14,811.3770,8.83,6
600088,中视传媒,2013-03-31,2,876.2060,2.64,797.6555,0.24,1
600089,特变电工,2013-03-31,2,3509.5000,1.33,-1188.0800,1.78,3
600096,云天化,2013-03-31,1,520.0000,0.75,520.0000,0.00,0
600097,开创国际,2013-03-31,1,231.2760,1.14,-105.8110,1.66,2
600098,广州发展,2013-03-31,6,4808.5660,1.75,-884.5970,2.08,7
600100,同方股份,2013-03-31,3,8996.6260,4.53,-1033.3020,5.05,3
600101,明星电力,2013-03-31,4,1859.7760,5.74,450.0410,4.35,4
600104,上汽集团,2013-03-31,2,6099.0000,0.55,-2121.5000,0.75,2
600105,永鼎股份,2013-03-31,1,786.6360,2.06,0.0000,2.06,1
600106,重庆路桥,2013-03-31,1,196.2940,0.22,-196.6980,0.43,2
600107,美尔雅,2013-03-31,1,533.5010,1.48,0.0000,1.48,1
600108,亚盛集团,2013-03-31,4,18912.3100,9.71,5763.7500,6.75,5
600109,国金证券,2013-03-31,1,169.9930,0.13,0.0000,0.13,1
600111,包钢稀土,2013-03-31,2,1984.1270,0.82,-2005.1490,1.65,4
600112,长征电气,2013-03-31,2,801.3390,1.57,-464.8710,2.49,2
600115,东方航空,2013-03-31,1,2774.7700,0.25,-6670.3300,0.84,3
600116,三峡水利,2013-03-31,2,359.9980,1.35,359.9980,0.00,0
600117,西宁特钢,2013-03-31,1,120.0440,0.16,-867.5410,1.33,3
600118,中国卫星,2013-03-31,3,2222.8350,2.43,-597.6670,3.08,3
600121,郑州煤电,2013-03-31,5,735.4070,0.78,-66.5492,0.85,4
600122,宏图高科,2013-03-31,1,585.8360,0.52,585.8360,0.00,0
600123,兰花科创,2013-03-31,6,3419.5650,2.99,-816.9480,3.71,7
600125,铁龙物流,2013-03-31,5,9537.0400,7.31,-4148.5000,10.48,5
600126,杭钢股份,2013-03-31,1,1608.2900,1.92,1608.2900,0.00,0
600128,弘业股份,2013-03-31,1,552.8310,2.24,-232.6300,3.18,2
600132,重庆啤酒,2013-03-31,3,385.8967,0.80,-68.8633,0.94,3
600135,乐凯胶片,2013-03-31,1,131.2490,0.38,131.2490,0.00,0
600137,浪莎股份,2013-03-31,1,47.4316,0.49,-172.6984,2.26,2
600138,中青旅,2013-03-31,4,3647.8720,8.78,-1474.2480,12.33,5
600139,西部资源,2013-03-31,3,927.1740,1.40,354.8100,0.86,2
600141,兴发集团,2013-03-31,2,905.4260,2.08,-1738.8140,6.07,4
600150,中国船舶,2013-03-31,2,1348.0140,0.98,-865.3460,1.61,4
600151,航天机电,2013-03-31,3,634.3030,0.51,301.4510,0.27,2
600153,建发股份,2013-03-31,4,12064.2500,5.39,-454.9200,5.59,4
600157,永泰能源,2013-03-31,3,4700.9200,2.66,-536.3590,2.96,5
600160,巨化股份,2013-03-31,1,472.9700,0.33,-88.4900,0.40,1
600161,天坛生物,2013-03-31,3,551.2690,1.07,551.2690,0.00,0
600162,香江控股,2013-03-31,3,2836.2750,3.69,2542.3650,0.38,1
600167,联美控股,2013-03-31,2,458.8940,2.17,273.6900,0.88,1
600169,太原重工,2013-03-31,1,1132.7700,0.47,-991.4880,0.88,2
600170,上海建工,2013-03-31,1,463.1860,0.20,-842.7910,0.56,4
600171,上海贝岭,2013-03-31,1,145.8100,0.22,-301.2550,0.66,3
600173,卧龙地产,2013-03-31,1,1002.5700,1.38,-2624.0200,5.00,2
600176,中国玻纤,2013-03-31,5,5302.8410,6.08,-662.3450,6.84,6
600177,雅戈尔,2013-03-31,1,1241.7500,0.56,0.0000,0.56,1
600182,S佳通,2013-03-31,1,83.8735,0.25,-40.0005,0.36,1
600183,生益科技,2013-03-31,1,3038.1100,2.13,299.9900,1.92,1
600185,格力地产,2013-03-31,1,430.0000,0.74,430.0000,0.00,0
600188,兖州煤业,2013-03-31,4,1197.7680,0.24,-25.1050,0.25,3
600195,中牧股份,2013-03-31,1,430.9890,1.11,261.2140,0.44,1
600196,复星医药,2013-03-31,5,11643.1000,5.20,-261.0600,5.31,6
600197,伊力特,2013-03-31,5,2037.8950,4.62,-223.9880,5.13,5
600198,大唐电信,2013-03-31,1,144.4690,0.19,-16.4120,0.22,1
600199,金种子酒,2013-03-31,5,3729.7330,6.71,-2489.1510,11.19,6
600200,江苏吴中,2013-03-31,2,338.5810,0.54,-201.2460,0.87,3
600201,金宇集团,2013-03-31,1,256.3300,0.91,256.3300,0.00,0
600208,新湖中宝,2013-03-31,6,36009.9500,5.75,6512.4400,4.71,5
600210,紫江企业,2013-03-31,1,310.6100,0.22,310.6100,0.00,0
600215,长春经开,2013-03-31,1,131.5000,0.28,0.0000,0.28,1
600216,浙江医药,2013-03-31,2,662.0920,1.27,-1008.1770,3.21,4
600219,南山铝业,2013-03-31,3,3083.5020,1.59,-1501.3310,2.37,5
600220,江苏阳光,2013-03-31,2,664.7610,0.37,-107.3110,0.43,2
600221,海南航空,2013-03-31,1,788.6210,0.13,-1956.7440,0.45,3
600223,鲁商置业,2013-03-31,2,2453.3100,2.45,-1870.7100,4.32,3
600227,赤天化,2013-03-31,2,444.7400,0.47,-338.6940,0.82,3
600231,凌钢股份,2013-03-31,6,3899.8070,4.85,-509.5310,5.48,4
600233,大杨创世,2013-03-31,1,88.9615,0.54,88.9615,0.00,0
600236,桂冠电力,2013-03-31,2,1926.1920,0.84,-1653.0870,1.57,4
600239,云南城投,2013-03-31,3,3191.7270,3.88,-2889.3190,7.39,5
600240,华业地产,2013-03-31,3,4022.9400,2.84,-7134.3300,7.86,5
600252,中恒集团,2013-03-31,8,13354.9150,12.23,5550.8360,7.15,6
600256,广汇能源,2013-03-31,2,6158.9900,1.76,-1706.9100,2.24,3
600259,广晟有色,2013-03-31,2,235.9850,0.95,235.9850,0.00,0
600261,阳光照明,2013-03-31,4,4288.7440,6.65,-913.8600,8.06,7
600262,北方股份,2013-03-31,1,39.5058,0.23,-274.3202,1.85,2
600266,北京城建,2013-03-31,7,13479.5720,15.16,-662.5310,15.90,8
600267,海正药业,2013-03-31,4,6280.1460,7.48,-450.3040,8.02,3
600268,国电南自,2013-03-31,1,1304.6400,2.05,-1649.9300,4.65,2
600269,赣粤高速,2013-03-31,3,3375.7140,1.45,315.4870,1.31,2
600270,外运发展,2013-03-31,3,1437.0180,1.59,548.9650,0.98,3
600276,恒瑞医药,2013-03-31,4,4149.5770,3.36,-964.0470,4.14,4
600277,亿利能源,2013-03-31,1,200.0000,0.13,200.0000,0.00,0
600280,中央商场,2013-03-31,6,1395.0400,9.72,-403.8200,12.53,6
600283,钱江水利,2013-03-31,1,44.1293,0.15,-192.9687,0.83,2
600285,羚锐制药,2013-03-31,4,1596.0950,6.97,163.8380,7.14,2
600287,江苏舜天,2013-03-31,1,1125.7400,2.58,-1435.9210,5.86,3
600288,大恒科技,2013-03-31,1,160.5550,0.37,160.5550,0.00,0
600292,中电远达,2013-03-31,5,1537.0820,3.00,326.7090,2.36,4
600298,安琪酵母,2013-03-31,1,200.0000,0.61,-1116.3820,3.99,4
600300,维维股份,2013-03-31,2,388.6940,0.23,-63.7240,0.27,2
600303,曙光股份,2013-03-31,1,483.8940,0.84,283.8940,0.35,1
600305,恒顺醋业,2013-03-31,6,1620.3440,12.74,1000.3690,4.88,2
600307,酒钢宏兴,2013-03-31,3,3880.7090,0.62,3115.0790,0.19,2
600308,华泰股份,2013-03-31,3,692.6320,0.59,61.4280,0.54,2
600309,万华化学,2013-03-31,5,13965.7600,6.46,334.3300,6.30,5
600310,桂东电力,2013-03-31,1,595.9850,2.16,-730.6440,4.81,2
600311,荣华实业,2013-03-31,2,405.9980,0.61,-334.9400,1.11,4
600312,平高电气,2013-03-31,6,4722.2600,5.77,1644.2870,3.76,4
600315,上海家化,2013-03-31,7,7080.8790,15.79,-825.7460,17.63,7
600316,洪都航空,2013-03-31,4,2652.4790,3.70,786.9010,2.60,4
600318,巢东股份,2013-03-31,5,2248.7528,9.29,52.0008,9.08,5
600322,天房发展,2013-03-31,2,657.1120,0.59,138.8910,0.47,2
600323,南海发展,2013-03-31,1,235.5740,0.41,-338.3080,0.99,1
600326,西藏天路,2013-03-31,1,103.6230,0.19,-60.1140,0.30,1
600327,大东方,2013-03-31,7,4624.1790,8.86,-974.5560,10.73,6
600329,中新药业,2013-03-31,1,889.8000,1.20,889.8000,0.00,0
600331,宏达股份,2013-03-31,3,1088.0610,1.05,-516.4130,1.55,3
600332,白云山,2013-03-31,7,2121.1950,2.62,530.5960,1.96,7
600333,长春燃气,2013-03-31,4,704.8720,1.33,226.7200,1.04,4
600335,国机汽车,2013-03-31,4,2973.6390,5.31,-981.9660,7.06,5
600337,美克股份,2013-03-31,1,464.3610,0.73,464.3610,0.00,0
600339,天利高新,2013-03-31,1,109.3860,0.19,-19.0920,0.22,1
600350,山东高速,2013-03-31,3,1504.4930,0.31,28.4230,0.31,3
600351,亚宝药业,2013-03-31,1,957.5490,1.38,-815.7480,2.56,2
600360,华微电子,2013-03-31,1,665.1400,0.98,149.6060,0.76,1
600361,华联综超,2013-03-31,2,2978.3900,4.47,0.0000,4.47,2
600362,江西铜业,2013-03-31,4,2684.5050,0.78,-1138.2430,1.10,6
600365,通葡股份,2013-03-31,3,1060.4710,7.57,1060.4710,0.00,0
600366,宁波韵升,2013-03-31,1,599.9800,1.17,-376.1860,1.90,4
600372,中航电子,2013-03-31,4,1891.4630,1.40,1676.9890,0.16,1
600373,中文传媒,2013-03-31,4,1515.9770,2.30,-1121.7290,4.65,6
600376,首开股份,2013-03-31,5,7677.9400,5.14,-3239.0700,7.30,5
600378,天科股份,2013-03-31,1,105.6990,0.36,0.0000,0.36,1
600380,健康元,2013-03-31,2,2199.9550,1.42,1046.6250,0.75,3
600383,金地集团,2013-03-31,3,17609.8500,3.94,-9983.8000,6.17,4
600386,北巴传媒,2013-03-31,1,247.2200,0.61,152.3713,0.24,1
600388,龙净环保,2013-03-31,4,1671.7640,7.82,-380.0340,9.60,4
600389,江山股份,2013-03-31,4,1397.1430,7.06,1000.1910,2.00,3
600390,金瑞科技,2013-03-31,1,116.9160,0.73,116.9160,0.00,0
600391,成发科技,2013-03-31,1,384.4110,1.16,384.4110,0.00,0
600395,盘江股份,2013-03-31,1,509.0030,0.31,-1717.7800,1.35,2
600396,金山股份,2013-03-31,2,1096.3080,3.22,604.5690,1.44,3
600397,安源煤业,2013-03-31,1,213.8100,0.43,-38.1160,0.51,1
600415,小商品城,2013-03-31,2,1808.4610,0.66,106.6920,0.63,2
600416,湘电股份,2013-03-31,1,768.0350,1.26,768.0350,0.00,0
600418,江淮汽车,2013-03-31,4,5913.9300,4.60,-2670.3300,6.67,6
600422,昆明制药,2013-03-31,7,5649.9610,17.98,676.6650,15.83,7
600426,华鲁恒升,2013-03-31,2,2006.3910,2.10,386.8470,1.70,2
600428,中远航运,2013-03-31,7,10358.3200,6.13,709.3430,5.71,7
600456,宝钛股份,2013-03-31,4,900.0200,2.09,176.6919,1.68,4
600468,百利电气,2013-03-31,1,585.6150,1.28,-441.6100,2.25,2
600486,扬农化工,2013-03-31,6,2431.2370,14.12,-187.6850,15.21,7
600496,精工钢构,2013-03-31,3,2975.4280,5.07,-2234.3830,8.88,4
600498,烽火通信,2013-03-31,3,1163.8020,2.41,-136.6730,2.70,2
600499,科达机电,2013-03-31,3,2533.9480,3.89,-89.5570,4.03,4
600500,中化国际,2013-03-31,5,4127.1200,2.87,2142.5220,1.38,2
600505,西昌电力,2013-03-31,2,1972.7560,5.41,172.2360,4.94,1
600508,上海能源,2013-03-31,2,293.4030,0.41,-535.1060,1.15,3
600509,天富热电,2013-03-31,4,1586.8030,1.75,-1446.3470,4.63,6
600510,黑牡丹,2013-03-31,2,1036.5320,1.30,-1280.0820,2.91,2
600511,国药股份,2013-03-31,8,7412.0510,15.48,464.1710,14.51,8
600516,方大炭素,2013-03-31,1,512.3500,0.33,5.4680,0.40,1
600518,康美药业,2013-03-31,5,10439.6200,4.75,-420.9400,4.94,5
600519,贵州茅台,2013-03-31,3,2038.1180,1.96,739.8580,1.25,2
600522,中天科技,2013-03-31,2,2045.2750,2.90,716.4890,1.89,2
600523,贵航股份,2013-03-31,4,1449.5473,5.02,1233.0752,0.75,2
600525,长园集团,2013-03-31,1,490.0000,0.57,-3140.1780,4.20,3
600528,中铁二局,2013-03-31,1,487.0820,0.33,-1703.8750,1.50,3
600529,山东药玻,2013-03-31,2,1054.0700,4.10,-541.8570,6.20,3
600531,豫光金铅,2013-03-31,3,169.3624,0.57,26.0880,0.49,2
600533,栖霞建设,2013-03-31,1,2199.9200,2.10,-444.5500,2.52,1
600535,天士力,2013-03-31,7,3939.7140,7.63,-888.8220,9.35,7
600538,*ST国发,2013-03-31,2,1179.9940,4.23,-353.2140,5.49,3
600548,深高速,2013-03-31,1,395.1080,0.18,0.0000,0.18,1
600549,厦门钨业,2013-03-31,1,469.8970,0.69,-1198.4440,2.45,4
600550,天威保变,2013-03-31,3,924.2610,0.67,65.8690,0.63,2
600552,方兴科技,2013-03-31,4,610.0830,5.21,-619.0230,10.51,5
600557,康缘药业,2013-03-31,6,4583.6850,11.03,-2188.8090,16.29,8
600559,老白干酒,2013-03-31,7,2168.1850,15.49,137.4310,14.51,6
600560,金自天正,2013-03-31,2,514.6010,2.30,-446.6890,4.30,2
600563,法拉电子,2013-03-31,3,470.9760,2.09,3.7490,2.08,2
600569,安阳钢铁,2013-03-31,2,416.0170,0.17,-852.6730,0.53,2
600571,信雅达,2013-03-31,2,1597.7770,7.88,-92.1030,8.33,3
600578,京能电力,2013-03-31,2,1337.3280,0.58,-946.1240,1.17,2
600581,八一钢铁,2013-03-31,2,962.9780,1.26,-960.8500,2.51,4
600582,天地科技,2013-03-31,5,7519.7400,6.19,-2381.5300,8.16,6
600583,海油工程,2013-03-31,6,10767.5600,2.77,-1810.4800,3.23,6
600585,海螺水泥,2013-03-31,2,5505.4000,1.04,597.3700,0.93,2
600587,新华医疗,2013-03-31,7,3511.9010,20.18,-48.1100,20.45,7
600588,用友软件,2013-03-31,1,2926.7000,3.05,382.7400,2.60,1
600590,泰豪科技,2013-03-31,1,293.8950,0.59,0.0000,0.59,1
600592,龙溪股份,2013-03-31,2,474.6090,1.58,374.6090,0.33,1
600595,中孚实业,2013-03-31,1,126.7100,0.08,-753.2540,0.58,2
600596,新安股份,2013-03-31,5,5129.1990,7.55,3571.3280,2.29,2
600597,光明乳业,2013-03-31,6,7790.6290,6.36,2098.2390,4.65,4
600598,北大荒,2013-03-31,5,2610.5010,1.47,-5532.8430,4.58,5
600600,青岛啤酒,2013-03-31,2,2052.4820,1.52,195.8600,1.37,2
600601,方正科技,2013-03-31,3,1348.7600,0.61,160.9540,0.54,2
600611,大众交通,2013-03-31,1,239.8760,0.15,-298.9650,0.34,2
600612,老凤祥,2013-03-31,3,1698.9650,3.25,76.0860,3.10,5
600616,金枫酒业,2013-03-31,2,736.7000,1.68,-263.6330,2.28,2
600618,氯碱化工,2013-03-31,1,200.0000,0.17,200.0000,0.00,0
600622,嘉宝集团,2013-03-31,1,457.2050,0.89,0.0000,0.89,1
600628,新世界,2013-03-31,2,328.4720,0.62,-664.7200,1.87,3
600633,浙报传媒,2013-03-31,2,769.0310,1.79,34.9280,1.71,3
600635,大众公用,2013-03-31,2,611.9050,0.37,-253.1520,0.53,2
600636,三爱富,2013-03-31,1,144.0000,0.38,-164.9016,0.81,2
600637,百视通,2013-03-31,4,3521.4250,3.16,1699.4460,1.64,2
600639,浦东金桥,2013-03-31,1,1000.0000,1.08,700.0090,0.32,1
600641,万业企业,2013-03-31,1,108.9550,0.14,108.9550,0.00,0
600642,申能股份,2013-03-31,2,4165.7300,0.88,-354.5800,0.96,2
600643,爱建股份,2013-03-31,1,741.5910,0.67,-966.5030,1.55,2
600644,乐山电力,2013-03-31,1,117.5330,0.36,44.9806,0.22,1
600645,中源协和,2013-03-31,1,180.7300,0.56,-139.4260,0.98,1
600649,城投控股,2013-03-31,1,989.8780,0.33,-194.0620,0.40,1
600654,飞乐股份,2013-03-31,1,314.6780,0.42,12.7480,0.40,1
600657,信达地产,2013-03-31,1,518.1590,0.34,-2387.6120,1.91,3
600658,电子城,2013-03-31,1,685.2390,1.18,-1762.5420,4.22,3
600660,福耀玻璃,2013-03-31,3,7068.4100,3.53,-2273.2200,4.66,3
600662,强生控股,2013-03-31,2,294.0060,0.28,-168.8360,0.44,3
600665,天地源,2013-03-31,2,3846.7400,4.45,-460.2300,4.98,2
600668,尖峰集团,2013-03-31,4,1431.2130,4.16,1351.2193,0.23,1
600674,川投能源,2013-03-31,1,1798.8200,0.91,-3179.9900,2.52,3
600675,中华企业,2013-03-31,3,3442.5240,2.21,-1084.1070,2.91,3
600676,交运股份,2013-03-31,1,275.8620,0.32,0.0000,0.32,1
600683,京投银泰,2013-03-31,2,770.2610,1.04,770.2610,0.00,0
600686,金龙汽车,2013-03-31,4,2769.0350,6.26,613.0200,4.87,5
600688,上海石化,2013-03-31,4,5642.1410,0.78,-3562.4360,1.28,6
600690,青岛海尔,2013-03-31,3,8110.8900,3.01,-950.6300,3.37,3
600693,东百集团,2013-03-31,4,1773.0520,5.17,1247.7280,1.53,1
600694,大商股份,2013-03-31,5,4827.0330,16.43,-284.2740,17.40,5
600697,欧亚集团,2013-03-31,7,4165.2020,26.18,687.6410,21.86,7
600699,均胜电子,2013-03-31,2,305.0170,0.53,-254.9510,0.97,2
600702,沱牌舍得,2013-03-31,5,2122.7640,6.29,-2052.5740,12.38,7
600703,三安光电,2013-03-31,3,7828.7300,5.42,328.8930,5.19,4
600704,物产中大,2013-03-31,1,543.0000,0.69,-800.2420,1.70,2
600707,*ST彩虹,2013-03-31,2,1474.9680,2.00,15.0000,1.98,2
600712,南宁百货,2013-03-31,1,1600.4400,2.94,299.9800,2.39,1
600713,南京医药,2013-03-31,3,2330.2750,3.36,1766.7120,0.81,1
600718,东软集团,2013-03-31,2,4357.2200,3.55,-50.0100,3.59,2
600720,祁连山,2013-03-31,5,5656.5100,9.47,616.4130,8.44,5
600723,首商股份,2013-03-31,3,1226.7840,1.86,163.0150,1.62,3
600724,宁波富达,2013-03-31,3,3453.0980,2.39,-2700.8520,4.26,4
600728,佳都新太,2013-03-31,2,468.9940,1.29,318.9940,0.41,1
600729,重庆百货,2013-03-31,6,2779.6620,7.45,-0.1980,7.45,6
600731,湖南海利,2013-03-31,7,1976.7320,7.71,203.7530,6.92,6
600736,苏州高新,2013-03-31,1,171.6200,0.16,-1131.2340,1.23,2
600737,中粮屯河,2013-03-31,2,1056.6690,1.05,767.4320,0.29,1
600739,辽宁成大,2013-03-31,2,3495.0300,2.56,-4006.5200,5.50,5
600741,华域汽车,2013-03-31,7,17477.1200,6.77,-432.5300,6.93,8
600742,一汽富维,2013-03-31,1,403.4700,1.91,-529.9200,4.41,3
600750,江中药业,2013-03-31,8,4178.6240,13.43,252.3110,12.62,8
600893,航空动力,2013-03-31,1,460.1400,0.42,-1546.1270,1.84,3
600894,广日股份,2013-03-31,1,849.9780,1.08,849.9780,0.00,0
600895,张江高科,2013-03-31,4,1515.8260,0.98,-2632.2330,2.68,4
600897,厦门空港,2013-03-31,1,146.6860,0.49,-104.0940,0.84,2
000001,平安银行,2013-03-31,3,9092.6600,1.77,-3612.5700,2.48,4
000002,万科A,2013-03-31,4,40238.6800,3.66,-1744.9600,3.82,4
000006,深振业A,2013-03-31,1,1471.9700,1.14,-1170.8800,2.06,2
000009,中国宝安,2013-03-31,3,3312.1720,3.04,-1177.3650,4.12,4
000012,南玻A,2013-03-31,4,6137.2900,2.96,-3749.5500,4.76,6
000021,长城开发,2013-03-31,4,2387.9250,1.81,-1032.3040,2.59,5
000024,招商地产,2013-03-31,7,7351.1770,4.28,-1875.7930,5.37,8
000026,飞亚达A,2013-03-31,3,1479.6210,3.77,-1851.7450,8.48,6
000027,深圳能源,2013-03-31,5,3841.4400,1.45,-984.5450,1.83,5
000028,国药一致,2013-03-31,6,3233.0720,11.22,-1047.4810,14.86,7
000031,中粮地产,2013-03-31,3,3621.6880,2.00,-1324.2480,2.73,3
000036,华联控股,2013-03-31,2,476.3600,0.42,476.3600,0.00,0
000039,中集集团,2013-03-31,5,5729.6000,2.15,1865.9960,1.45,4
000042,深长城,2013-03-31,1,121.3140,0.51,10.2650,0.46,1
000046,泛海建设,2013-03-31,2,3240.5700,0.71,890.5700,0.52,1
000049,德赛电池,2013-03-31,9,2028.4040,14.82,175.6460,13.54,7
000050,深天马A,2013-03-31,5,3660.6950,6.37,-50.5410,6.46,7
000059,辽通化工,2013-03-31,4,3054.0660,2.54,-1250.9330,3.59,6
000060,中金岭南,2013-03-31,7,12583.3400,6.10,2490.6500,4.89,7
000061,农产品,2013-03-31,2,2538.4100,1.50,890.0800,1.19,1
000063,中兴通讯,2013-03-31,4,12727.1300,3.70,172.7200,3.65,3
000066,长城电脑,2013-03-31,3,609.5150,0.46,-39.7420,0.49,4
000069,华侨城A,2013-03-31,7,34926.0300,4.80,3130.2100,4.37,6
000078,海王生物,2013-03-31,2,240.0050,0.33,-266.9810,0.78,4
000088,盐田港,2013-03-31,6,7154.7410,3.68,1510.0210,2.91,4
000089,深圳机场,2013-03-31,1,372.6960,0.22,0.0000,0.22,1
000090,深天健,2013-03-31,3,793.9870,1.58,-27.6680,1.64,3
000099,中信海直,2013-03-31,4,431.8913,0.84,181.3097,0.49,2
000150,宜华地产,2013-03-31,1,222.8500,0.69,222.8500,0.00,0
000153,丰原药业,2013-03-31,1,328.7590,1.05,328.7590,0.00,0
000157,中联重科,2013-03-31,2,12020.3200,1.56,5374.6000,0.86,1
000159,国际实业,2013-03-31,2,750.7704,1.56,643.8484,0.22,1
000301,东方市场,2013-03-31,3,845.2560,0.69,-164.0090,0.83,4
000400,许继电气,2013-03-31,5,3778.5530,9.99,-795.9420,12.09,7
000401,冀东水泥,2013-03-31,2,2680.5700,1.99,-699.6960,2.51,4
000402,金融街,2013-03-31,3,8275.8500,2.73,-3147.5200,3.77,4
000403,*ST生化,2013-03-31,1,200.9900,0.74,200.9900,0.00,0
000404,华意压缩,2013-03-31,1,76.3068,0.14,-178.2583,0.78,2
000407,胜利股份,2013-03-31,2,2049.6740,3.16,2049.6740,0.00,0
000411,英特集团,2013-03-31,1,638.5510,3.08,638.5510,0.00,0
000413,宝石A,2013-03-31,1,1599.9900,4.18,0.0000,4.18,1
000415,渤海租赁,2013-03-31,1,238.1230,0.19,-413.7080,0.51,2
000417,合肥百货,2013-03-31,3,3624.8600,4.65,-2719.5800,8.14,5
000418,小天鹅A,2013-03-31,4,3024.1300,4.78,1710.3850,2.08,2
000422,湖北宜化,2013-03-31,3,2414.1690,2.69,-1490.9100,4.35,5
000423,东阿阿胶,2013-03-31,9,6838.2430,10.46,1127.1800,8.73,8
000425,徐工机械,2013-03-31,4,4691.3040,2.27,-442.2690,2.49,4
000426,兴业矿业,2013-03-31,2,934.5250,2.13,554.0550,0.87,2
000428,华天酒店,2013-03-31,1,631.7990,0.88,631.7990,0.00,0
600754,锦江股份,2013-03-31,4,2563.2040,4.25,-109.1660,4.43,4
600755,厦门国贸,2013-03-31,4,1205.7160,0.91,-164.5220,1.03,4
600761,安徽合力,2013-03-31,7,4507.0190,8.77,-4.4600,8.78,6
600763,通策医疗,2013-03-31,7,2063.9240,12.87,-616.8870,16.72,7
600765,中航重机,2013-03-31,2,1019.7740,1.31,-1902.1180,3.76,6
600771,广誉远,2013-03-31,2,641.2420,2.63,5.4290,2.61,2
600773,西藏城投,2013-03-31,1,250.0820,0.43,-86.6000,0.58,1
600776,东方通信,2013-03-31,2,3061.8370,2.44,-104.0740,2.52,2
600778,友好集团,2013-03-31,3,938.8090,3.01,-1987.7760,9.40,4
600779,水井坊,2013-03-31,2,668.3090,1.37,227.1990,0.90,2
600780,通宝能源,2013-03-31,5,7164.3300,6.25,0.0000,6.25,5
600782,新钢股份,2013-03-31,1,239.2610,0.17,239.2610,0.00,0
600783,鲁信创投,2013-03-31,2,234.1200,0.31,-777.3930,1.36,5
600785,新华百货,2013-03-31,2,752.9120,3.63,-1498.1810,10.85,4
600787,中储股份,2013-03-31,5,5327.2300,5.73,-1952.7360,8.67,6
600790,轻纺城,2013-03-31,1,296.2160,0.37,-322.1700,0.77,1
600795,国电电力,2013-03-31,2,19923.4600,1.16,-13150.0400,2.15,2
600797,浙大网新,2013-03-31,2,711.9550,0.85,17.4380,0.82,3
600801,华新水泥,2013-03-31,3,2896.0310,3.10,993.3010,2.03,2
600802,福建水泥,2013-03-31,1,356.1280,0.93,356.1280,0.00,0
600804,鹏博士,2013-03-31,2,5075.0300,3.79,688.0800,3.28,2
600805,悦达投资,2013-03-31,7,8614.0230,12.15,1321.6870,10.28,6
600808,马钢股份,2013-03-31,1,5500.0000,0.71,-133.6160,0.73,2
600809,山西汾酒,2013-03-31,7,3650.6810,4.22,-2371.2300,6.95,8
600811,东方集团,2013-03-31,3,3589.8390,2.15,-35.3990,2.17,3
600812,华北制药,2013-03-31,3,6773.5300,4.91,2458.5700,3.13,1
600815,厦工股份,2013-03-31,6,3740.7160,3.90,-4081.6370,8.16,7
600817,ST宏盛,2013-03-31,4,940.7610,5.85,940.7610,0.00,0
600820,隧道股份,2013-03-31,1,298.4140,0.23,93.8840,0.16,1
600823,世茂股份,2013-03-31,3,3554.7900,3.04,-2968.8970,5.57,4
600824,益民集团,2013-03-31,1,138.3800,0.19,-161.3150,0.41,2
600826,兰生股份,2013-03-31,1,151.3490,0.36,151.3490,0.00,0
600827,友谊股份,2013-03-31,1,1072.6500,0.62,-1145.3500,1.29,2
600828,成商集团,2013-03-31,3,2346.8200,4.11,-2254.4600,8.07,3
600829,三精制药,2013-03-31,1,179.9940,0.31,179.9940,0.00,0
600831,广电网络,2013-03-31,1,668.2310,1.19,-570.1910,2.20,3
600832,东方明珠,2013-03-31,1,1063.6000,0.33,-928.6400,0.63,2
600835,上海机电,2013-03-31,2,753.0450,0.74,343.2990,0.40,1
600839,四川长虹,2013-03-31,3,5025.9100,1.09,-1763.7690,1.47,4
600847,万里股份,2013-03-31,3,1283.4470,14.48,514.6360,8.67,2
601607,上海医药,2013-03-31,2,7277.0500,2.71,866.9800,2.38,3
600855,航天长峰,2013-03-31,3,1095.0410,3.30,1095.0410,0.00,0
600858,银座股份,2013-03-31,4,5789.9080,11.13,-1196.5250,13.43,5
600859,王府井,2013-03-31,5,3019.8200,6.53,-224.4940,7.01,6
600861,北京城乡,2013-03-31,2,294.8943,0.93,-659.9480,3.01,2
600863,内蒙华电,2013-03-31,3,8040.7200,3.12,1429.2110,2.56,5
600867,通化东宝,2013-03-31,8,9256.0730,11.92,-487.9610,12.55,9
600871,仪征化纤,2013-03-31,2,2129.3800,0.53,-692.6200,0.71,1
600872,中炬高新,2013-03-31,4,3810.3380,4.78,2853.4690,1.20,2
600874,创业环保,2013-03-31,1,117.4300,0.08,-20.6340,0.10,1
600875,东方电气,2013-03-31,3,1635.8250,0.82,-226.5350,0.93,3
600879,航天电子,2013-03-31,1,2316.2700,2.86,586.2700,2.13,1
600880,博瑞传播,2013-03-31,4,2000.7890,3.19,-1429.7510,5.46,5
600881,亚泰集团,2013-03-31,1,1264.9300,0.67,-4589.0900,3.09,4
600884,杉杉股份,2013-03-31,1,134.2490,0.33,134.2490,0.00,0
600886,国投电力,2013-03-31,5,24411.8700,6.80,455.8400,6.81,5
600887,伊利股份,2013-03-31,3,7107.2300,3.80,-3166.8000,6.43,4
600889,南京化纤,2013-03-31,5,2124.7610,6.92,1732.6680,1.28,2
000430,张家界,2013-03-31,6,2240.2210,6.98,-1132.5680,10.51,7
000488,晨鸣纸业,2013-03-31,1,1462.1200,0.71,-1580.0700,1.48,2
000501,鄂武商A,2013-03-31,3,4982.7500,9.82,-304.3700,10.42,3
000503,海虹控股,2013-03-31,2,2512.0100,2.79,-641.3400,3.51,3
000506,中润资源,2013-03-31,1,329.8590,0.43,-210.0000,0.70,1
000513,丽珠集团,2013-03-31,8,4539.1130,15.35,1404.9300,10.60,5
000514,渝开发,2013-03-31,1,1711.8700,2.23,-440.0000,2.81,2
000516,开元投资,2013-03-31,5,3816.1370,5.35,-307.2650,5.78,5
000518,四环生物,2013-03-31,2,478.5860,0.46,-78.5680,0.54,2
000521,美菱电器,2013-03-31,3,1785.1390,2.34,1785.1390,0.00,0
000525,红太阳,2013-03-31,7,3174.5440,6.26,894.6520,4.49,4
000528,柳工,2013-03-31,6,7440.7020,6.61,583.2170,6.09,6
000529,广弘控股,2013-03-31,1,1158.8800,1.99,12.2320,1.96,2
000530,大冷股份,2013-03-31,5,2235.5880,6.39,2235.5880,0.00,0
000531,穗恒运A,2013-03-31,1,220.1480,0.64,-532.3930,2.20,3
000536,华映科技,2013-03-31,2,2268.0660,3.24,748.4440,2.17,3
000537,广宇发展,2013-03-31,1,1520.0000,2.96,-879.9830,4.68,3
000538,云南白药,2013-03-31,5,3130.3030,4.51,-95.3640,4.65,5
000539,粤电力A,2013-03-31,2,4766.3100,1.09,948.2600,0.87,2
000540,中天城投,2013-03-31,3,2472.8880,1.93,-2711.7510,4.05,5
000543,皖能电力,2013-03-31,2,798.5580,0.76,-1707.0740,3.24,4
000547,闽福发A,2013-03-31,1,1974.8600,2.37,-930.7140,3.48,2
000550,江铃汽车,2013-03-31,3,1697.4820,1.97,-1085.1160,3.22,2
000553,沙隆达A,2013-03-31,5,1336.3990,2.25,1236.4089,0.17,1
000554,泰山石油,2013-03-31,1,248.2550,0.52,248.2550,0.00,0
000559,万向钱潮,2013-03-31,4,3577.7700,2.25,-126.6630,2.33,4
000560,昆百大A,2013-03-31,1,99.2590,0.60,-263.6050,2.21,2
000561,烽火电子,2013-03-31,1,499.9770,0.84,499.9770,0.00,0
000562,宏源证券,2013-03-31,4,2973.2870,1.50,-689.4290,1.84,5
000563,陕国投A,2013-03-31,1,192.0710,0.33,70.7250,0.21,1
000566,海南海药,2013-03-31,4,7821.0500,15.79,-103.7400,16.00,4
000568,泸州老窖,2013-03-31,7,9794.6300,7.00,-543.1230,7.39,7
000573,粤宏远A,2013-03-31,1,563.6800,0.91,10.0000,0.89,1
000581,威孚高科,2013-03-31,6,5646.6380,8.30,28.6260,8.26,5
000589,黔轮胎A,2013-03-31,1,157.1110,0.32,-162.0450,0.65,2
000590,紫光古汉,2013-03-31,3,435.2465,1.95,-122.7735,2.50,2
000592,中福实业,2013-03-31,2,2370.5830,2.80,-90.0060,2.90,2
000593,大通燃气,2013-03-31,1,70.0509,0.31,0.1928,0.31,1
000596,古井贡酒,2013-03-31,3,1516.9460,3.01,-78.5510,3.17,3
000597,东北制药,2013-03-31,3,837.5560,2.51,837.5560,0.00,0
000598,兴蓉投资,2013-03-31,2,3584.2700,2.40,-914.7400,3.90,3
000599,青岛双星,2013-03-31,1,588.8330,1.12,10.4900,1.10,1
000600,建投能源,2013-03-31,3,1214.4060,1.33,-1572.0780,3.05,5
000603,盛达矿业,2013-03-31,3,454.5950,0.90,-81.6964,1.06,5
000608,阳光股份,2013-03-31,1,1156.8900,1.54,-619.9730,2.37,2
000610,西安旅游,2013-03-31,1,40.7864,0.21,40.7864,0.00,0
000612,焦作万方,2013-03-31,4,812.2280,1.69,292.1670,1.08,2
000616,亿城股份,2013-03-31,3,7432.6710,6.24,1459.5610,5.01,2
000620,新华联,2013-03-31,1,237.4120,0.15,7.4580,0.14,1
000623,吉林敖东,2013-03-31,3,3080.0280,3.44,-2576.0360,6.32,5
000625,长安汽车,2013-03-31,4,13850.2800,2.97,1218.4900,2.71,4
000627,天茂集团,2013-03-31,3,1215.7350,0.90,-344.3570,1.15,4
000629,攀钢钒钛,2013-03-31,4,19198.9000,2.24,5026.4300,1.65,3
000630,铜陵有色,2013-03-31,7,5455.7290,3.84,-636.8980,4.29,8
000635,英力特,2013-03-31,2,567.3074,1.87,-740.2276,4.31,3
000639,西王食品,2013-03-31,8,2279.6130,12.10,1555.8770,3.84,4
000650,仁和药业,2013-03-31,4,7432.2500,7.50,-568.2800,8.08,4
000651,格力电器,2013-03-31,3,10048.1700,3.34,2471.9700,2.52,2
000655,金岭矿业,2013-03-31,2,364.9970,0.61,-42.1970,0.68,2
000656,金科股份,2013-03-31,7,4791.2120,4.14,1972.5280,2.43,5
000661,长春高新,2013-03-31,6,1433.5320,10.92,-75.2660,11.49,5
000665,湖北广电,2013-03-31,2,148.0059,0.38,-1080.4001,3.16,6
000666,经纬纺机,2013-03-31,1,186.2200,0.26,-313.3999,0.71,2
000669,金鸿能源,2013-03-31,10,2226.8350,8.28,361.4050,6.93,9
000671,阳光城,2013-03-31,5,5407.5730,10.09,-770.5430,11.53,7
000678,襄阳轴承,2013-03-31,1,266.4720,0.62,266.4720,0.00,0
000679,大连友谊,2013-03-31,3,1071.7670,3.01,-391.8190,4.11,5
000680,山推股份,2013-03-31,3,4389.3400,3.85,2679.3540,1.50,3
000682,东方电子,2013-03-31,2,686.8360,0.70,-227.7710,0.94,3
000683,远兴能源,2013-03-31,3,739.1960,0.96,-225.4390,1.26,2
000686,东北证券,2013-03-31,2,1175.7000,1.20,62.1330,1.14,2
000690,宝新能源,2013-03-31,6,9727.1380,5.63,1656.8510,4.67,6
000692,惠天热电,2013-03-31,3,1121.7480,4.21,1121.7480,0.00,0
000697,炼石有色,2013-03-31,1,203.8310,0.42,-92.3800,0.62,2
000703,恒逸石化,2013-03-31,2,555.2360,0.48,-157.2500,0.62,2
000705,浙江震元,2013-03-31,1,82.5000,0.49,-613.0540,4.16,3
000707,双环科技,2013-03-31,1,400.0000,0.86,400.0000,0.00,0
000709,河北钢铁,2013-03-31,4,16441.5600,1.55,-7270.8800,2.23,6
000710,天兴仪表,2013-03-31,1,49.9971,0.33,0.0000,0.33,1
000712,锦龙股份,2013-03-31,2,682.2890,1.52,-121.7090,1.79,2
000713,丰乐种业,2013-03-31,2,315.0600,1.05,204.5140,0.37,1
000716,南方食品,2013-03-31,3,923.5130,5.18,389.1810,3.00,2
000718,苏宁环球,2013-03-31,4,13758.4500,6.73,-1905.2900,7.67,4
000719,大地传媒,2013-03-31,2,143.0100,0.33,143.0100,0.00,0
000725,京东方A,2013-03-31,1,20283.6000,1.50,-13997.4000,2.54,1
000726,鲁泰A,2013-03-31,5,2967.9330,2.94,2288.6730,0.67,2
000728,国元证券,2013-03-31,2,4256.9400,2.17,2109.8100,1.09,1
000729,燕京啤酒,2013-03-31,1,1754.7900,0.70,31.2100,0.68,1
000731,四川美丰,2013-03-31,7,8895.1350,15.32,6463.9110,4.84,4
000732,泰禾集团,2013-03-31,2,1297.0000,1.28,-22.8400,1.30,2
000733,振华科技,2013-03-31,2,690.2140,1.93,690.2140,0.00,0
000735,罗牛山,2013-03-31,1,237.9410,0.27,-41.4750,0.32,1
000739,普洛药业,2013-03-31,2,688.6880,1.84,-1925.9570,10.18,6
000748,长城信息,2013-03-31,1,739.9800,1.97,615.9400,0.33,1
000750,国海证券,2013-03-31,1,358.8950,0.20,-566.9030,0.52,3
000755,山西三维,2013-03-31,1,939.9740,2.00,939.9740,0.00,0
000758,中色股份,2013-03-31,6,3263.7920,3.31,702.8800,3.34,5
000759,中百集团,2013-03-31,1,2282.3400,3.35,-1981.6800,6.26,2
000761,本钢板材,2013-03-31,1,1870.0000,0.60,-965.7200,0.90,1
000762,西藏矿业,2013-03-31,3,1400.6780,2.94,-107.4130,3.17,3
000768,中航飞机,2013-03-31,6,6897.7980,2.60,-23.9350,2.61,6
000777,中核科技,2013-03-31,2,113.9424,0.53,-35.0800,0.70,3
000778,新兴铸管,2013-03-31,6,5196.8700,2.71,-4231.3260,4.92,8
000779,三毛派神,2013-03-31,1,310.0000,1.66,-240.9140,2.95,2
000780,平庄能源,2013-03-31,6,2608.1030,2.57,-1333.8700,3.89,6
000783,长江证券,2013-03-31,1,3184.9500,1.34,-221.0100,1.44,1
000785,武汉中商,2013-03-31,1,80.7148,0.32,0.0000,0.32,1
000786,北新建材,2013-03-31,4,2219.9410,3.86,-2142.6640,7.59,7
000788,北大医药,2013-03-31,1,174.3930,0.29,-1104.1350,2.15,3
000789,江西水泥,2013-03-31,5,1547.9200,3.79,-2356.1540,9.55,7
000792,盐湖股份,2013-03-31,1,821.6020,0.52,-832.2020,1.04,2
000793,华闻传媒,2013-03-31,2,4463.7300,3.28,1032.4200,2.52,3
000800,一汽轿车,2013-03-31,5,6010.1100,3.69,-842.9100,4.21,5
000801,四川九洲,2013-03-31,1,319.0800,0.69,319.0800,0.00,0
000807,云铝股份,2013-03-31,6,8160.5280,5.30,4080.6010,2.65,6
000809,铁岭新城,2013-03-31,3,537.8600,0.98,88.0850,0.82,3
000811,烟台冰轮,2013-03-31,2,629.1620,1.59,-327.2278,2.42,4
000816,江淮动力,2013-03-31,3,2833.2510,2.60,-2319.5690,4.73,2
000818,方大化工,2013-03-31,1,893.6140,1.31,365.1660,0.78,1
000823,超声电子,2013-03-31,1,187.0300,0.42,89.1555,0.22,1
000825,太钢不锈,2013-03-31,4,9102.6800,1.60,-2618.7600,2.06,5
000826,桑德环境,2013-03-31,9,7106.8420,11.04,1867.4000,10.52,9
000830,鲁西化工,2013-03-31,3,6769.7700,4.62,6769.7700,0.00,0
000837,秦川发展,2013-03-31,2,463.8770,1.33,-773.9450,3.55,3
000839,中信国安,2013-03-31,4,4055.2940,2.59,-1115.9510,3.30,5
000848,承德露露,2013-03-31,7,5143.5060,12.81,-358.5040,13.70,8
000852,江钻股份,2013-03-31,2,142.4134,0.36,43.0707,0.25,2
000858,五粮液,2013-03-31,6,11329.3500,2.98,1447.8800,2.60,5
000860,顺鑫农业,2013-03-31,7,4039.3330,9.21,1639.7630,5.47,4
000861,海印股份,2013-03-31,5,910.1641,1.85,-2048.4939,6.01,8
000875,吉电股份,2013-03-31,6,4316.3420,5.14,4059.1920,0.31,1
000877,天山股份,2013-03-31,4,2650.4730,3.01,-910.7380,4.05,6
000878,云南铜业,2013-03-31,3,3115.9290,2.20,535.5470,1.82,3
000880,潍柴重机,2013-03-31,1,640.2930,2.32,272.6036,1.33,3
000882,华联股份,2013-03-31,2,2639.3500,2.46,2639.3500,0.00,0
000883,湖北能源,2013-03-31,1,128.1000,0.05,-485.6400,0.23,3
000887,中鼎股份,2013-03-31,6,6377.3950,10.70,426.0380,9.99,7
000888,峨眉山A,2013-03-31,6,2567.4080,10.92,-1348.4180,16.65,8
000893,东凌粮油,2013-03-31,5,655.7119,2.46,382.4984,1.23,2
000895,双汇发展,2013-03-31,5,3771.6080,3.43,986.2210,2.53,4
000897,津滨发展,2013-03-31,2,909.6080,0.56,-347.2140,0.78,3
000898,*ST鞍钢,2013-03-31,2,3336.1900,0.46,174.2100,0.44,2
000900,现代投资,2013-03-31,1,113.2300,0.19,-19.8300,0.22,1
000901,航天科技,2013-03-31,2,271.7790,1.09,151.5030,0.48,1
000903,云内动力,2013-03-31,3,659.9810,0.97,382.4790,0.41,1
000906,物产中拓,2013-03-31,1,75.0000,0.23,-381.5350,1.38,3
000910,大亚科技,2013-03-31,2,780.0810,1.48,-216.1290,1.89,2
000911,南宁糖业,2013-03-31,2,109.5218,0.38,-679.9923,2.75,4
000912,泸天化,2013-03-31,1,79.1847,0.14,-203.2526,0.48,3
000915,山大华特,2013-03-31,7,3251.2980,18.04,232.2410,16.75,8
000917,电广传媒,2013-03-31,5,4700.7040,4.63,-459.9080,5.08,5
000918,嘉凯城,2013-03-31,1,1029.5900,0.57,-1349.7200,1.32,1
000919,金陵药业,2013-03-31,2,892.6700,1.77,-923.0720,3.60,4
000921,海信科龙,2013-03-31,4,1539.0500,1.14,12.6540,1.13,4
000926,福星股份,2013-03-31,7,7528.1250,10.57,-3133.5640,14.97,9
000927,一汽夏利,2013-03-31,6,5165.9910,3.24,-473.1280,3.54,6
000931,中关村,2013-03-31,1,146.0400,0.22,-164.3650,0.46,2
000932,华菱钢铁,2013-03-31,5,6876.8140,2.28,-4328.3680,3.72,5
000933,神火股份,2013-03-31,4,3937.5150,2.07,-1569.6300,2.90,4
000935,四川双马,2013-03-31,1,49.8380,0.08,-166.6451,0.35,3
000936,华西股份,2013-03-31,1,306.8120,0.41,72.8500,0.31,1
000937,冀中能源,2013-03-31,6,5037.0690,2.18,758.3460,1.85,6
000951,中国重汽,2013-03-31,8,3020.6370,7.20,398.7320,6.25,8
000952,广济药业,2013-03-31,2,391.2790,1.55,391.2790,0.00,0
000960,锡业股份,2013-03-31,5,4374.8220,4.83,942.3340,3.79,5
000961,中南建设,2013-03-31,9,11157.9790,9.55,555.7600,9.08,9
000962,东方钽业,2013-03-31,1,71.4041,0.16,-171.7302,0.55,3
000963,华东医药,2013-03-31,7,4472.3040,10.30,-404.7520,11.24,7
000966,长源电力,2013-03-31,6,3304.9980,5.96,1850.8040,2.62,2
000968,煤气化,2013-03-31,4,1146.8260,2.23,-93.2650,2.41,4
000969,安泰科技,2013-03-31,4,2235.3340,2.59,-210.0770,2.83,4
000970,中科三环,2013-03-31,4,2043.7760,3.84,-213.9840,4.24,5
000973,佛塑科技,2013-03-31,2,341.8360,0.37,-517.3930,0.94,3
000979,中弘股份,2013-03-31,2,4065.8290,4.02,-966.5500,4.97,3
000982,中银绒业,2013-03-31,2,969.3360,1.35,-984.3160,2.72,3
000983,西山煤电,2013-03-31,4,7739.3100,2.46,-806.1100,2.71,4
000987,广州友谊,2013-03-31,3,1065.4730,2.97,-2208.2890,9.12,4
000988,华工科技,2013-03-31,2,1178.1970,1.32,-2270.0230,3.87,2
000989,九芝堂,2013-03-31,5,2438.6700,8.19,-10.0960,8.23,6
000993,闽东电力,2013-03-31,1,292.9400,0.79,-245.3920,1.44,1
000996,中国中期,2013-03-31,1,182.1300,0.79,-84.0700,1.16,2
000997,新大陆,2013-03-31,3,1248.8970,2.45,956.1110,0.57,2
000998,隆平高科,2013-03-31,5,2751.6250,6.62,-696.1510,8.29,6
000999,华润三九,2013-03-31,7,8456.0390,8.64,-275.8010,8.92,7
600408,安泰集团,2013-03-31,4,1005.9550,1.00,-36.9070,1.04,4
600521,华海药业,2013-03-31,4,3790.0360,6.92,-2351.3950,11.22,6
600575,芜湖港,2013-03-31,1,800.1800,0.66,74.9980,0.60,1
600375,华菱星马,2013-03-31,3,491.2870,1.21,301.2970,0.47,1
600502,安徽水利,2013-03-31,2,503.4510,1.50,-265.8260,2.30,3
600481,双良节能,2013-03-31,1,190.1930,0.23,-149.7810,0.42,2
600459,贵研铂业,2013-03-31,1,360.0000,1.79,360.0000,0.00,0
600570,恒生电子,2013-03-31,5,10054.8600,16.12,-1234.4000,18.10,6
600584,长电科技,2013-03-31,2,530.4160,0.62,-131.2720,0.78,3
600251,冠农股份,2013-03-31,1,738.6540,2.04,-459.9440,3.31,3
600436,片仔癀,2013-03-31,1,139.2300,0.99,-248.3380,2.77,3
600031,三一重工,2013-03-31,2,7190.2400,0.94,-5171.5900,1.63,5
600435,北方导航,2013-03-31,3,241.6173,0.32,-50.9531,0.39,3
600439,瑞贝卡,2013-03-31,1,396.5350,0.42,-1143.4960,1.63,2
600271,航天信息,2013-03-31,1,851.7370,0.92,-1279.4930,2.31,2
600423,柳化股份,2013-03-31,1,1139.1700,2.85,-151.2800,3.23,1
600425,青松建化,2013-03-31,6,3584.0990,5.20,1853.3060,2.51,4
600029,南方航空,2013-03-31,2,5918.5500,0.60,2288.4100,0.37,1
600546,山煤国际,2013-03-31,1,1050.9000,1.06,1050.9000,0.00,0
600352,浙江龙盛,2013-03-31,3,7402.5900,5.04,5601.3600,1.23,1
600020,中原高速,2013-03-31,1,220.7880,0.10,-20.8200,0.11,1
600489,中金黄金,2013-03-31,1,1676.1400,0.57,-180.1000,0.63,1
600348,阳泉煤业,2013-03-31,7,6536.8450,2.72,734.0850,2.41,7
600487,亨通光电,2013-03-31,2,95.0717,0.46,-352.5694,2.16,3
600547,山东黄金,2013-03-31,5,3010.0340,2.12,-412.3690,2.40,5
600432,吉恩镍业,2013-03-31,4,668.7160,0.82,28.2920,0.79,3
600429,三元股份,2013-03-31,1,355.8800,0.40,355.8800,0.00,0
600401,海润光伏,2013-03-31,1,292.0780,0.28,292.0780,0.00,0
600507,方大特钢,2013-03-31,2,471.1080,0.36,-2329.8320,2.15,4
600403,大有能源,2013-03-31,3,914.1300,0.76,660.8000,0.21,1
600517,置信电气,2013-03-31,3,1990.9640,2.88,-1132.3970,5.05,3
600406,国电南瑞,2013-03-31,6,14163.5600,8.99,1580.8300,7.99,6
600469,风神股份,2013-03-31,3,1171.9930,3.13,-1254.7450,6.47,4
600021,上海电力,2013-03-31,6,9481.1280,4.43,434.2980,4.23,5
600184,光电股份,2013-03-31,5,1115.5545,5.33,237.0795,4.20,5
600527,江南高纤,2013-03-31,5,10982.7200,13.69,1072.2400,12.36,5
600545,新疆城建,2013-03-31,1,146.2400,0.22,-146.3370,0.43,2
600446,金证股份,2013-03-31,4,2005.7070,7.68,565.3320,5.52,3
600340,华夏幸福,2013-03-31,4,3712.8130,4.21,-1332.3390,5.72,5
600354,敦煌种业,2013-03-31,1,123.0000,0.27,-76.9970,0.45,1
000100,TCL集团,2013-03-31,7,70410.2000,8.31,21984.8800,5.71,6
600387,海越股份,2013-03-31,5,2735.6680,7.09,1347.7850,3.59,2
600325,华发股份,2013-03-31,2,4489.9900,5.50,-1878.1500,7.79,4
600438,通威股份,2013-03-31,2,556.6090,0.81,-4633.8330,7.55,5
600452,涪陵电力,2013-03-31,1,46.8276,0.29,46.8276,0.00,0
600470,六国化工,2013-03-31,1,112.7340,0.22,-19.7260,0.25,1
600035,楚天高速,2013-03-31,1,2333.7900,2.51,-416.1900,2.95,1
600479,千金药业,2013-03-31,5,4038.8520,13.25,94.2360,12.94,6
600284,浦东建设,2013-03-31,3,2159.4720,3.12,-1599.8390,7.55,6
600594,益佰制药,2013-03-31,6,6936.3770,19.23,-274.7410,19.99,6
600467,好当家,2013-03-31,3,3733.2300,5.11,1089.8230,3.62,3
600960,渤海活塞,2013-03-31,1,200.0000,1.23,200.0000,0.00,0
002181,粤传媒,2013-03-31,2,263.0840,0.38,-269.1930,0.77,3
600969,郴电国际,2013-03-31,3,1137.4330,5.41,-564.5770,8.09,6
600572,康恩贝,2013-03-31,8,10377.6500,12.82,3752.0200,8.18,8
600976,武汉健民,2013-03-31,5,1022.9500,6.67,-1108.6580,13.90,6
600497,驰宏锌锗,2013-03-31,7,4962.0880,3.79,1788.5850,2.42,4
600990,四创电子,2013-03-31,3,543.9232,4.63,-571.3376,9.48,5
600993,马应龙,2013-03-31,7,3096.5050,9.34,351.7110,8.28,5
600967,北方创业,2013-03-31,6,2371.2550,10.37,133.8290,9.79,6
600963,岳阳林纸,2013-03-31,3,3462.3110,3.32,-1047.4730,4.32,4
600495,晋西车轴,2013-03-31,3,523.4290,1.73,-794.1780,4.36,5
600461,洪城水业,2013-03-31,2,746.9850,2.26,499.3890,0.75,1
600997,开滦股份,2013-03-31,5,3772.0340,3.06,1501.7540,1.84,3
600975,新五丰,2013-03-31,1,45.6441,0.19,-38.8976,0.36,1
600995,文山电力,2013-03-31,2,1085.0010,2.27,-685.8470,3.70,5
600420,现代制药,2013-03-31,4,1224.9990,4.26,-518.1010,6.06,3
002001,新和成,2013-03-31,5,4048.9980,5.58,-2732.4560,9.34,7
002003,伟星股份,2013-03-31,3,942.8230,3.64,12.7970,3.59,3
002004,华邦颖泰,2013-03-31,4,2637.9290,4.64,-759.4410,6.76,4
002005,德豪润达,2013-03-31,5,4397.0230,3.77,3613.3370,0.67,2
600143,金发科技,2013-03-31,2,10012.1100,3.80,-218.2400,3.88,2
002006,精功科技,2013-03-31,1,179.2420,0.39,-570.5800,1.65,3
002007,华兰生物,2013-03-31,4,2403.9470,4.17,-789.8430,5.54,4
002008,大族激光,2013-03-31,6,8036.7640,7.70,516.0320,7.20,6
600022,山东钢铁,2013-03-31,3,2586.3500,0.40,-461.8000,0.47,3
002010,传化股份,2013-03-31,1,1539.9100,3.16,20.0000,3.11,1
002013,中航精机,2013-03-31,3,780.3350,1.09,78.6650,0.98,3
002014,永新股份,2013-03-31,5,3862.8840,11.86,-22.7030,11.93,5
002016,世荣兆业,2013-03-31,1,240.5020,0.52,0.0000,0.52,1
002017,东信和平,2013-03-31,1,355.8060,1.63,0.0000,1.63,1
002018,华星化工,2013-03-31,1,249.3060,0.85,249.3060,0.00,0
600965,福成五丰,2013-03-31,1,171.3430,0.61,171.3430,0.00,0
600482,风帆股份,2013-03-31,4,810.9790,1.76,447.5700,0.79,3
002020,京新药业,2013-03-31,3,670.4030,5.31,-79.7560,5.94,2
002021,中捷股份,2013-03-31,6,4105.1110,7.23,4105.1110,0.00,0
002022,科华生物,2013-03-31,4,4452.6530,9.05,-15.6560,9.08,4
002023,海特高新,2013-03-31,6,2791.3600,8.28,-1054.7350,13.03,7
002024,苏宁云商,2013-03-31,2,10244.2300,1.39,-11411.3500,2.93,4
002025,航天电器,2013-03-31,6,2697.2100,8.17,-126.9670,8.56,4
002026,山东威达,2013-03-31,1,60.1853,0.34,-10.2812,0.40,1
600983,合肥三洋,2013-03-31,6,1316.6400,2.47,185.8680,2.12,3
002027,七喜控股,2013-03-31,1,97.0311,0.32,0.0000,0.32,1
002028,思源电气,2013-03-31,5,3816.2220,8.68,316.7720,7.96,5
002029,七匹狼,2013-03-31,7,4764.5870,9.46,-3461.8850,16.33,8
600987,航民股份,2013-03-31,1,290.3420,0.69,290.3420,0.00,0
002030,达安基因,2013-03-31,1,185.0230,0.44,-57.4240,0.58,1
002031,巨轮股份,2013-03-31,2,761.9760,1.83,129.7420,1.52,2
600971,恒源煤电,2013-03-31,3,690.9850,0.69,-595.4310,1.29,4
002032,苏泊尔,2013-03-31,3,1512.0970,2.38,-576.5700,3.29,4
600978,宜华木业,2013-03-31,4,5441.9720,4.72,1254.4720,3.63,1
002033,丽江旅游,2013-03-31,3,513.6480,3.14,-789.2090,7.95,4
002034,美欣达,2013-03-31,1,60.0000,0.74,60.0000,0.00,0
600961,*ST株冶,2013-03-31,1,150.6310,0.29,150.6310,0.00,0
002035,华帝股份,2013-03-31,4,1328.3340,4.62,371.8630,3.33,4
600979,广安爱众,2013-03-31,1,699.9870,0.98,699.9870,0.00,0
002037,久联发展,2013-03-31,5,2009.0170,9.82,-340.7400,11.48,6
002038,双鹭药业,2013-03-31,5,2483.4980,6.52,147.6840,6.14,5
600027,华电国际,2013-03-31,3,15750.0200,2.14,-585.0800,2.22,3
002039,黔源电力,2013-03-31,2,501.6200,2.46,-53.8680,2.73,2
600970,中材国际,2013-03-31,2,791.9550,0.72,-1249.8470,1.87,5
002041,登海种业,2013-03-31,5,805.6930,2.29,-530.1850,3.80,6
002042,华孚色纺,2013-03-31,2,2276.4360,2.73,1314.8000,1.15,1
002043,兔宝宝,2013-03-31,1,257.2890,0.55,-22.5700,0.60,1
002044,江苏三友,2013-03-31,2,649.9750,2.90,0.0000,2.90,2
002048,宁波华翔,2013-03-31,2,819.3580,1.55,437.6650,0.72,1
002049,同方国芯,2013-03-31,6,1987.6040,6.55,-125.8220,7.12,7
002050,三花股份,2013-03-31,1,650.0080,1.09,130.0060,0.87,1
601588,北辰实业,2013-03-31,2,3868.2200,1.15,1851.2150,0.60,2
002594,比亚迪,2013-03-31,1,1154.7000,0.49,-338.7300,0.63,1
601633,长城汽车,2013-03-31,7,7980.0330,2.62,-512.5070,2.79,8
601866,中海集运,2013-03-31,6,11954.8500,1.02,215.3100,1.00,7
601899,紫金矿业,2013-03-31,3,15341.3700,0.70,-3016.9900,0.84,3
002672,东江环保,2013-03-31,6,549.1276,3.65,-385.6410,6.21,9
300150,世纪瑞尔,2013-03-31,1,363.1810,2.69,363.1810,0.00,0
002051,中工国际,2013-03-31,5,3259.8020,5.12,409.4000,4.47,5
002052,同洲电子,2013-03-31,4,1284.8670,3.76,-538.3110,5.34,2
002053,云南盐化,2013-03-31,1,142.2240,0.77,0.0000,0.77,1
002500,山西证券,2013-03-31,1,1053.2800,0.44,-111.0300,0.49,1
002673,西部证券,2013-03-31,3,461.2430,0.38,-233.7370,0.58,4
601988,中国银行,2013-03-31,1,5299.9900,0.02,-995.0300,0.02,1
601998,中信银行,2013-03-31,1,6082.8300,0.13,0.0000,0.13,1
601628,中国人寿,2013-03-31,2,5469.8700,0.19,-2340.4200,0.28,3
300139,福星晓程,2013-03-31,2,180.4840,1.65,-34.8206,1.96,3
002110,三钢闽光,2013-03-31,2,564.6310,1.06,132.3010,0.81,2
002281,光迅科技,2013-03-31,1,29.5126,0.16,-67.5981,0.61,1
300205,天喻信息,2013-03-31,4,646.5413,4.51,515.7063,0.91,1
601857,中国石油,2013-03-31,3,8799.4900,0.05,-1130.8100,0.05,3
002302,西部建设,2013-03-31,5,961.7090,4.58,802.3460,0.76,1
002106,莱宝高科,2013-03-31,6,6077.8780,8.61,829.6480,8.74,5
601600,中国铝业,2013-03-31,1,1918.7900,0.14,1918.7900,0.00,0
002626,金达威,2013-03-31,1,119.9950,0.67,119.9950,0.00,0
601088,中国神华,2013-03-31,4,10377.8000,0.52,-197.2400,0.53,4
300105,龙源技术,2013-03-31,8,1508.3780,5.29,-0.2250,5.29,8
300026,红日药业,2013-03-31,8,2364.6060,9.48,610.4290,7.04,7
002139,拓邦股份,2013-03-31,1,73.9994,0.34,-11.9953,0.39,1
601333,广深铁路,2013-03-31,3,10068.5000,1.42,-7161.5500,2.43,4
002187,广百股份,2013-03-31,1,181.2900,0.53,53.2080,0.37,1
002230,科大讯飞,2013-03-31,6,4594.5060,12.15,-195.9870,12.67,6
002167,东方锆业,2013-03-31,2,2931.6900,7.08,-63.0000,7.23,2
002088,鲁阳股份,2013-03-31,1,232.7960,0.99,-214.7540,1.91,2
002643,烟台万润,2013-03-31,3,854.4180,6.20,357.1840,3.61,3
002332,仙琚制药,2013-03-31,1,476.1160,1.39,476.1160,0.00,0
601126,四方股份,2013-03-31,3,995.0930,2.45,301.9660,1.70,2
002267,陕天然气,2013-03-31,1,145.7140,0.14,-62.3300,0.20,1
002153,石基信息,2013-03-31,5,3511.9840,11.36,-248.9880,12.17,6
601608,中信重工,2013-03-31,1,308.1980,0.11,-931.8020,0.45,2
002331,皖通科技,2013-03-31,3,700.0620,5.23,95.2691,4.52,2
002063,远光软件,2013-03-31,6,7420.9060,16.07,-19.1760,16.79,6
601111,中国国航,2013-03-31,2,4039.1600,0.31,4039.1600,0.00,0
002205,国统股份,2013-03-31,1,547.2070,4.71,547.2070,0.00,0
002056,横店东磁,2013-03-31,6,1005.5270,2.45,115.9060,2.17,4
002116,中国海诚,2013-03-31,3,658.2412,3.21,-468.0919,5.49,5
002457,青龙管业,2013-03-31,6,2087.5320,6.23,838.3350,3.73,4
002186,全聚德,2013-03-31,1,60.1405,0.42,8.0210,0.37,1
002338,奥普光电,2013-03-31,3,588.4390,4.90,-263.6160,7.10,5
002570,贝因美,2013-03-31,2,1393.6120,3.27,1393.6120,0.00,0
002320,海峡股份,2013-03-31,2,294.3846,0.69,143.6886,0.35,1
300167,迪威视讯,2013-03-31,3,606.2260,6.06,-513.4176,11.19,4
002206,海利得,2013-03-31,1,1019.0000,2.28,1019.0000,0.00,0
601158,重庆水务,2013-03-31,4,3178.5690,0.66,1349.4220,0.38,4
601168,西部矿业,2013-03-31,1,1272.7200,0.53,-1384.9000,1.12,2
000338,潍柴动力,2013-03-31,6,6853.7770,3.43,187.0600,3.33,6
002261,拓维信息,2013-03-31,1,98.8748,0.35,-43.7202,0.50,1
002140,东华科技,2013-03-31,6,3067.7200,6.88,-517.7720,8.04,6
002393,力生制药,2013-03-31,3,376.3355,2.06,-23.0340,2.19,3
002080,中材科技,2013-03-31,7,2245.2320,5.61,2245.2320,0.00,0
002061,江山化工,2013-03-31,5,711.5611,3.06,561.9682,1.07,2
601919,*ST远洋,2013-03-31,2,5282.8300,0.52,-4563.9200,0.96,2
300034,钢研高纳,2013-03-31,2,315.0540,1.49,195.0540,0.57,1
601808,中海油服,2013-03-31,2,2222.4900,0.49,-420.3700,0.59,3
002534,杭锅股份,2013-03-31,2,162.0487,0.40,71.7997,0.23,2
002358,森源电气,2013-03-31,5,2790.3560,8.11,-36.4690,8.22,4
002182,云海金属,2013-03-31,2,492.1510,1.71,322.1580,0.59,1
002430,杭氧股份,2013-03-31,2,978.5140,1.21,-1124.7730,2.59,4
002405,四维图新,2013-03-31,3,2681.6890,4.65,-126.9930,4.87,3
002176,江特电机,2013-03-31,1,251.6380,0.59,51.6380,0.47,1
601001,大同煤业,2013-03-31,2,849.4940,0.51,12.0560,0.50,2
002202,金风科技,2013-03-31,3,5153.2000,1.91,-592.8600,2.13,3
601965,中国汽研,2013-03-31,7,3076.3330,4.80,326.9420,4.29,6
002690,美亚光电,2013-03-31,5,1141.8940,5.71,-692.9028,9.17,7
002054,德美化工,2013-03-31,2,547.7850,1.70,141.8750,1.26,1
002055,得润电子,2013-03-31,4,3455.7700,8.34,2250.5120,2.91,3
002146,荣盛发展,2013-03-31,3,5153.1900,2.75,-3091.1400,4.40,5
002065,东华软件,2013-03-31,3,4148.8000,6.01,1276.0080,4.16,2
600048,保利地产,2013-03-31,1,6649.2500,0.93,2572.8000,0.57,1
601006,大秦铁路,2013-03-31,1,9400.1600,0.63,1097.4600,0.56,1
601699,潞安环能,2013-03-31,3,4639.4520,2.02,-3502.5580,3.54,4
002082,栋梁新材,2013-03-31,1,56.8434,0.24,-7.4100,0.27,1
002089,新海宜,2013-03-31,3,2504.5660,5.91,-811.1420,7.83,4
601010,文峰股份,2013-03-31,3,950.8210,1.93,-535.0000,3.02,4
002234,民和股份,2013-03-31,2,863.7230,2.86,863.7230,0.00,0
002078,太阳纸业,2013-03-31,2,500.3860,0.50,-299.6010,0.80,2
002091,江苏国泰,2013-03-31,2,533.1630,1.48,372.2590,0.45,1
002096,南岭民爆,2013-03-31,2,350.4219,0.94,12.6875,0.91,2
002064,华峰氨纶,2013-03-31,2,981.8200,1.33,651.1090,0.45,1
002073,软控股份,2013-03-31,4,4376.0140,5.89,-943.8120,7.17,5
002079,苏州固锝,2013-03-31,1,999.9910,1.38,999.9910,0.00,0
601666,平煤股份,2013-03-31,1,788.1550,0.33,-147.4880,0.40,1
002068,黑猫股份,2013-03-31,5,3189.3050,6.65,2509.2500,1.42,2
300180,华峰超纤,2013-03-31,3,620.3090,3.93,303.8230,2.00,1
002287,奇正藏药,2013-03-31,2,128.8869,0.32,128.8869,0.00,0
300024,机器人,2013-03-31,3,1012.5380,3.40,-77.6880,3.66,3
300082,奥克股份,2013-03-31,1,45.5391,0.18,45.5391,0.00,0
002308,威创股份,2013-03-31,7,5231.5780,8.16,4127.7460,1.72,3
002396,星网锐捷,2013-03-31,3,531.2780,1.51,-793.8770,3.77,5
002362,汉王科技,2013-03-31,1,321.6300,1.50,251.6300,0.33,1
601898,中煤能源,2013-03-31,2,2527.9600,0.19,-2020.1200,0.34,3
002069,獐子岛,2013-03-31,2,1138.3450,1.60,1138.3450,0.00,0
601918,国投新集,2013-03-31,3,2513.5910,1.36,355.8770,1.17,2
002461,珠江啤酒,2013-03-31,1,82.0995,0.12,-52.8443,0.20,2
002081,金螳螂,2013-03-31,7,5233.5810,6.69,-223.9540,6.98,6
002084,海鸥卫浴,2013-03-31,2,499.9950,1.35,300.0040,0.54,1
002172,澳洋科技,2013-03-31,2,1249.7960,2.25,1249.7960,0.00,0
002168,深圳惠程,2013-03-31,1,169.6450,0.22,-91.3700,0.34,1
002154,报喜鸟,2013-03-31,3,1590.2620,2.66,-1965.8070,5.94,4
002086,东方海洋,2013-03-31,1,127.6300,0.52,-51.8100,0.74,1
600017,日照港,2013-03-31,1,3502.4500,1.14,-1394.3500,1.59,1
002074,东源电器,2013-03-31,1,124.9820,0.49,124.9820,0.00,0
601800,中国交建,2013-03-31,1,2736.5200,0.17,-2843.6600,0.34,2
002386,天原集团,2013-03-31,1,178.1010,0.37,-324.8800,1.05,2
002092,中泰化学,2013-03-31,4,4219.4460,3.66,-143.3350,3.78,4
002083,孚日股份,2013-03-31,1,371.0440,0.40,-159.5200,0.57,1
002097,山河智能,2013-03-31,2,277.3170,0.67,-117.3770,0.96,2
002093,国脉科技,2013-03-31,1,230.1630,0.27,-114.1400,0.40,1
002099,海翔药业,2013-03-31,3,2683.4290,8.27,356.1200,7.17,3
601101,昊华能源,2013-03-31,3,1094.1760,0.91,-301.6240,1.16,4
002105,信隆实业,2013-03-31,1,62.5758,0.23,62.5758,0.00,0
002104,恒宝股份,2013-03-31,4,3177.0370,7.21,895.8360,5.18,5
002108,沧州明珠,2013-03-31,2,377.8369,1.11,-496.1410,2.57,4
002109,兴化股份,2013-03-31,1,443.4830,1.24,443.4830,0.00,0
601002,晋亿实业,2013-03-31,3,741.0370,1.00,-893.6766,2.21,6
002107,沃华医药,2013-03-31,1,200.0000,1.22,200.0000,0.00,0
002115,三维通信,2013-03-31,3,1332.8230,3.89,211.6000,3.28,3
002120,新海股份,2013-03-31,1,53.0728,0.35,53.0728,0.00,0
002250,联化科技,2013-03-31,8,9243.0700,17.60,998.1150,15.98,7
002216,三全食品,2013-03-31,2,931.2070,4.63,210.5860,3.58,1
601003,柳钢股份,2013-03-31,1,386.6780,0.15,-807.2950,0.47,2
002123,荣信股份,2013-03-31,3,2042.5790,4.05,-1426.3630,6.88,3
002122,天马股份,2013-03-31,3,1934.5750,1.63,-129.7950,1.74,3
002129,中环股份,2013-03-31,4,6501.6260,7.40,15.8320,7.38,4
002127,新民科技,2013-03-31,2,1096.9160,2.46,876.9210,0.49,1
002131,利欧股份,2013-03-31,1,117.7180,0.37,-676.3750,2.48,4
300303,聚飞光电,2013-03-31,4,859.4210,3.95,702.4104,1.15,2
002232,启明信息,2013-03-31,1,130.8690,0.32,-25.4450,0.38,1
601118,海南橡胶,2013-03-31,1,787.3340,0.20,-147.3370,0.24,1
601958,金钼股份,2013-03-31,1,646.2300,0.20,-563.1500,0.37,2
002128,露天煤业,2013-03-31,2,754.4490,0.57,-112.4670,0.65,2
300016,北陆药业,2013-03-31,5,949.5839,6.22,-787.4611,11.37,5
300271,华宇软件,2013-03-31,2,537.7860,3.63,537.7860,0.00,0
300318,博晖创新,2013-03-31,1,95.6637,0.93,-5.9863,0.99,1
002137,实益达,2013-03-31,1,72.8824,0.23,72.8824,0.00,0
002138,顺络电子,2013-03-31,4,2754.6870,8.76,1967.8050,2.50,2
300295,三六五网,2013-03-31,1,89.6256,1.68,-204.8347,5.52,7
002371,七星电子,2013-03-31,3,1369.9560,7.78,-157.1246,8.67,4
002159,三特索道,2013-03-31,4,1575.9800,13.13,-8.0070,13.20,4
002148,北纬通信,2013-03-31,3,442.3240,3.90,442.3240,0.00,0
002152,广电运通,2013-03-31,4,3857.2460,6.19,-545.9050,7.07,4
002150,通润装备,2013-03-31,1,78.7213,0.31,-30.8027,0.44,1
002296,辉煌科技,2013-03-31,2,233.8970,1.32,-28.1360,1.47,2
002157,正邦科技,2013-03-31,1,220.4610,0.51,-2642.6800,6.64,4
002151,北斗星通,2013-03-31,1,42.0071,0.23,-22.9787,0.36,1
002156,通富微电,2013-03-31,2,326.1120,0.50,-456.8150,1.20,4
002155,辰州矿业,2013-03-31,3,1822.1090,2.38,-1387.5680,4.19,5
002158,汉钟精机,2013-03-31,2,143.2726,0.66,143.2726,0.00,0
002254,泰和新材,2013-03-31,6,1273.9420,3.25,-1030.4790,5.89,7
002192,路翔股份,2013-03-31,2,368.4461,2.59,-19.9139,3.20,1
002174,梅花伞,2013-03-31,1,49.1691,0.59,0.0000,0.59,1
002179,中航光电,2013-03-31,3,914.3680,2.28,-2772.6310,9.18,5
002177,御银股份,2013-03-31,1,283.8960,0.48,283.8960,0.00,0
002180,万力达,2013-03-31,1,53.0047,0.42,53.0047,0.00,0
002178,延华智能,2013-03-31,3,388.3415,2.89,388.3415,0.00,0
002183,怡亚通,2013-03-31,1,218.3230,0.26,-335.0440,0.66,2
002304,洋河股份,2013-03-31,1,442.3620,0.41,-630.5390,0.99,2
002544,杰赛科技,2013-03-31,1,55.9299,0.33,55.9299,0.00,0
601390,中国中铁,2013-03-31,3,10074.1000,0.47,-32.3900,0.47,3
002191,劲嘉股份,2013-03-31,1,210.0000,0.33,-243.6000,0.71,2
002190,成飞集成,2013-03-31,1,108.6520,0.31,-101.3330,0.61,1
002194,武汉凡谷,2013-03-31,1,60.1800,0.11,-10.8113,0.13,1
300213,佳讯飞鸿,2013-03-31,1,312.0780,2.48,9.9180,2.40,1
002197,证通电子,2013-03-31,2,242.7417,1.16,91.3537,0.72,1
300284,苏交科,2013-03-31,1,405.7280,1.69,-985.0683,5.79,8
002436,兴森科技,2013-03-31,2,974.3170,4.36,462.1670,2.29,2
002583,海能达,2013-03-31,2,395.3170,1.42,-467.1310,3.10,4
601999,出版传媒,2013-03-31,1,59.5600,0.11,-72.6835,0.24,2
002204,大连重工,2013-03-31,2,305.2674,0.47,116.5174,0.29,1
002454,松芝股份,2013-03-31,1,129.5100,0.42,129.5100,0.00,0
601139,深圳燃气,2013-03-31,3,2680.9170,1.35,1880.4330,0.40,1
002209,达意隆,2013-03-31,3,409.2580,2.10,-611.9160,5.23,3
601238,广汽集团,2013-03-31,3,1331.8500,0.21,670.6300,0.10,3
002391,长青股份,2013-03-31,6,891.7838,4.33,732.3087,0.78,2
002397,梦洁家纺,2013-03-31,4,1001.8880,6.63,180.2050,5.43,3
002220,天宝股份,2013-03-31,1,550.2230,1.18,550.2230,0.00,0
601558,华锐风电,2013-03-31,4,1206.1170,0.30,-243.3720,0.36,4
002215,诺普信,2013-03-31,2,1633.4000,4.51,612.0200,2.82,1
300229,拓尔思,2013-03-31,4,1034.0450,5.07,-254.7530,6.32,4
002214,大立科技,2013-03-31,1,54.3613,0.54,0.0000,0.54,1
002226,江南化工,2013-03-31,4,1739.2030,4.40,-986.8510,6.89,7
002218,拓日新能,2013-03-31,2,291.7620,0.60,-61.4740,0.72,2
601766,中国南车,2013-03-31,1,14104.6000,1.02,-13330.5500,1.99,4
002221,东华能源,2013-03-31,3,1314.8460,4.48,525.3090,2.69,4
002364,中恒电气,2013-03-31,5,750.6866,5.92,192.9614,4.40,5
002219,独一味,2013-03-31,5,2236.1970,5.08,687.9850,3.60,3
601186,中国铁建,2013-03-31,3,10984.3800,0.89,1705.9200,0.75,2
002273,水晶光电,2013-03-31,7,3545.1750,14.17,843.4630,10.82,6
002223,鱼跃医疗,2013-03-31,5,4260.1490,8.01,781.5620,6.54,5
002225,濮耐股份,2013-03-31,1,144.0320,0.20,144.0320,0.00,0
002550,千红制药,2013-03-31,4,646.9350,4.04,646.9350,0.00,0
002244,滨江集团,2013-03-31,5,6491.5180,4.80,3133.9690,2.48,4
002237,恒邦股份,2013-03-31,1,138.8060,0.30,-16.3500,0.34,1
002235,安妮股份,2013-03-31,1,70.0000,0.36,-139.4660,1.07,1
002231,奥维通信,2013-03-31,1,105.9610,0.30,-94.0390,0.56,1
002249,大洋电机,2013-03-31,3,3503.2170,4.89,228.4770,4.57,3
002233,塔牌集团,2013-03-31,1,218.4020,0.24,-283.7200,0.56,2
002236,大华股份,2013-03-31,5,3840.9030,6.88,-1542.9460,9.65,7
002252,上海莱士,2013-03-31,1,283.8760,0.58,36.2910,0.51,2
002238,天威视讯,2013-03-31,3,563.3798,1.76,-48.7892,1.91,3
002372,伟星新材,2013-03-31,1,139.9940,0.55,80.2451,0.24,2
002241,歌尔声学,2013-03-31,6,4391.7240,5.18,-2405.5100,8.02,7
002242,九阳股份,2013-03-31,2,294.2880,0.39,31.2610,0.35,1
601777,力帆股份,2013-03-31,2,226.0670,0.24,-180.5605,0.43,3
002251,步步高,2013-03-31,4,1407.9860,4.31,-403.5150,6.70,5
002274,华昌化工,2013-03-31,1,51.7200,0.20,51.7200,0.00,0
002450,康得新,2013-03-31,6,6509.9330,10.44,-1521.2400,12.92,8
002255,海陆重工,2013-03-31,3,1264.2510,4.90,584.2510,2.63,1
002262,恩华药业,2013-03-31,1,492.1720,2.10,-100.0230,2.53,2
002258,利尔化学,2013-03-31,4,936.3370,4.63,936.3370,0.00,0
002419,天虹商场,2013-03-31,8,2815.0640,3.52,306.4970,3.13,7
300028,金亚科技,2013-03-31,1,76.3793,0.29,-16.9588,0.35,1
002322,理工监测,2013-03-31,1,119.5220,0.85,119.5220,0.00,0
601216,内蒙君正,2013-03-31,2,1037.5380,0.81,1037.5380,0.00,0
002342,巨力索具,2013-03-31,1,339.9930,0.35,181.8770,0.16,1
300054,鼎龙股份,2013-03-31,5,1742.3200,6.40,920.2160,6.04,5
601668,中国建筑,2013-03-31,3,62220.2000,2.07,21720.2000,1.35,2
002271,东方雨虹,2013-03-31,4,2261.4900,6.58,-238.4470,7.28,4
002268,卫士通,2013-03-31,1,218.5430,1.27,-130.0780,2.02,2
002269,美邦服饰,2013-03-31,4,957.4220,0.95,-1675.3680,2.62,4
002270,法因数控,2013-03-31,1,76.5129,0.40,-16.1923,0.49,1
300079,数码视讯,2013-03-31,2,1113.0270,3.31,-1986.6060,9.23,6
002601,佰利联,2013-03-31,1,48.3326,0.26,-21.1644,0.37,1
300233,金城医药,2013-03-31,3,538.4669,4.45,538.4669,0.00,0
300115,长盈精密,2013-03-31,5,1892.4420,7.34,-184.1040,8.05,7
002266,浙富股份,2013-03-31,4,3807.3070,6.36,-2282.6460,10.17,6
300015,爱尔眼科,2013-03-31,6,1725.6660,3.99,-328.0090,4.81,4
002299,圣农发展,2013-03-31,2,1843.6050,2.02,1843.6050,0.00,0
002344,海宁皮城,2013-03-31,5,3134.6470,5.60,-594.9920,6.66,8
002289,宇顺电子,2013-03-31,2,84.9915,1.16,84.9915,0.00,0
002276,万马电缆,2013-03-31,1,219.4800,0.24,219.4800,0.00,0
300036,超图软件,2013-03-31,6,1110.3140,9.25,261.9700,7.07,5
002277,友阿股份,2013-03-31,6,4118.3000,7.37,-9.4450,7.39,6
601233,桐昆股份,2013-03-31,2,868.9950,0.90,232.1510,0.66,3
002280,新世纪,2013-03-31,1,41.7791,0.39,-8.8927,0.47,1
002285,世联地产,2013-03-31,3,1253.0770,3.84,-788.0550,6.25,5
002286,保龄宝,2013-03-31,2,250.4674,1.85,250.4674,0.00,0
300070,碧水源,2013-03-31,7,5114.2040,9.25,-41.0190,9.32,7
002291,星期六,2013-03-31,3,1681.6720,4.63,-151.7790,5.05,3
002292,奥飞动漫,2013-03-31,4,2404.9180,5.87,-440.7800,6.95,5
002293,罗莱家纺,2013-03-31,6,1370.3120,9.76,74.2250,9.23,6
002294,信立泰,2013-03-31,9,3090.9100,7.09,1052.7250,4.68,6
601299,中国北车,2013-03-31,6,38256.6700,3.71,8010.6900,2.93,6
601117,中国化学,2013-03-31,3,6593.5400,1.34,-9671.3900,3.30,7
300038,梅泰诺,2013-03-31,1,174.2500,1.11,-233.1640,2.97,2
002683,宏大爆破,2013-03-31,6,1287.3965,5.88,742.4039,2.49,4
002529,海源机械,2013-03-31,1,64.0706,0.40,64.0706,0.00,0
300072,三聚环保,2013-03-31,6,5807.1250,14.93,-1214.0440,18.05,6
300052,中青宝,2013-03-31,1,258.2710,1.99,65.5870,1.48,1
300344,太空板业,2013-03-31,1,25.7524,0.26,-369.9323,3.94,6
601618,中国中冶,2013-03-31,2,15254.9700,0.80,11366.0900,0.20,1
002496,辉丰股份,2013-03-31,4,828.0400,5.07,605.7193,1.36,2
002556,辉隆股份,2013-03-31,1,563.0360,1.18,563.0360,0.00,0
002478,常宝股份,2013-03-31,2,132.4584,0.33,51.7951,0.20,1
002431,棕榈园林,2013-03-31,4,1453.8060,3.79,-874.9480,6.06,4
300075,数字政通,2013-03-31,7,787.6696,9.38,-79.0156,10.32,7
002412,汉森制药,2013-03-31,3,550.9600,3.72,-205.5165,5.11,5
300171,东富龙,2013-03-31,8,1787.6139,8.59,75.8479,8.23,7
300093,金刚玻璃,2013-03-31,2,380.6398,1.76,-214.4657,2.76,2
002422,科伦药业,2013-03-31,4,4065.6090,8.47,232.4330,7.99,4
002506,*ST超日,2013-03-31,1,258.1310,0.31,-130.0070,0.46,2
300058,蓝色光标,2013-03-31,2,1981.7930,5.00,-2459.4730,11.19,7
300285,国瓷材料,2013-03-31,9,706.2735,11.32,229.1408,7.65,9
002582,好想你,2013-03-31,5,1390.4270,9.42,469.6686,6.24,5
002415,海康威视,2013-03-31,6,5886.8300,2.93,-9.8740,2.94,5
601888,中国国旅,2013-03-31,3,2907.9080,3.30,756.8460,2.44,3
002489,浙江永强,2013-03-31,1,96.6916,0.20,-79.0887,0.36,3
002301,齐心文具,2013-03-31,3,434.0610,1.13,55.9130,0.99,2
601989,中国重工,2013-03-31,1,7161.0000,0.49,-1174.0000,0.57,1
002315,焦点科技,2013-03-31,1,100.2490,0.85,-22.0000,1.04,1
002303,美盈森,2013-03-31,4,1188.8570,6.65,89.9880,6.15,4
002305,南国置业,2013-03-31,3,2710.7550,2.82,2156.3780,0.58,1
300012,华测检测,2013-03-31,2,672.4070,3.65,195.3770,2.59,3
300064,豫金刚石,2013-03-31,1,550.0000,0.90,-542.7280,1.80,2
300047,天源迪科,2013-03-31,2,626.2490,3.99,132.1986,3.15,3
300032,金龙机电,2013-03-31,4,1084.5786,7.60,66.1879,7.14,6
300033,同花顺,2013-03-31,1,177.1110,1.32,0.0000,1.32,1
300037,新宙邦,2013-03-31,2,1146.0620,6.69,751.7058,2.30,4
300101,国腾电子,2013-03-31,3,2014.2390,7.25,-97.3360,7.60,3
300071,华谊嘉信,2013-03-31,4,833.2040,5.37,791.8506,0.27,1
300005,探路者,2013-03-31,6,5198.8250,14.74,525.6510,13.25,5
300045,华力创通,2013-03-31,1,202.2200,0.75,-79.2632,1.05,2
300027,华谊兄弟,2013-03-31,6,4663.1760,7.71,-708.7560,8.88,6
300003,乐普医疗,2013-03-31,1,357.2250,0.44,357.2250,0.00,0
300010,立思辰,2013-03-31,3,923.2100,3.54,-548.9310,5.64,4
300006,莱美药业,2013-03-31,6,2194.6940,11.99,198.5550,10.91,6
300008,上海佳豪,2013-03-31,1,96.3814,0.44,23.1396,0.34,1
300053,欧比特,2013-03-31,1,90.4244,0.45,0.0000,0.45,1
002495,佳隆股份,2013-03-31,1,85.6984,0.30,22.3680,0.22,1
300035,中科电气,2013-03-31,2,486.3850,4.06,486.3850,0.00,0
300041,回天胶业,2013-03-31,4,680.7380,6.45,680.7380,0.00,0
300001,特锐德,2013-03-31,4,367.1683,1.83,314.2992,0.26,1
300066,三川股份,2013-03-31,2,314.7290,2.02,4.6630,1.99,2
300009,安科生物,2013-03-31,2,250.5780,1.33,-881.9780,5.99,4
300087,荃银高科,2013-03-31,1,139.9940,1.33,-18.9198,1.50,2
300142,沃森生物,2013-03-31,4,524.6850,2.88,194.6850,1.81,2
002310,东方园林,2013-03-31,9,2971.7570,9.86,-161.5670,10.40,9
002309,中利科技,2013-03-31,3,663.0210,1.38,-605.9180,2.64,3
002311,海大集团,2013-03-31,5,5129.6940,6.74,-327.7060,7.18,5
300127,银河磁体,2013-03-31,2,67.8606,0.42,-260.3730,2.03,4
002313,日海通讯,2013-03-31,2,186.9817,0.76,42.5117,0.60,1
002377,国创高新,2013-03-31,1,46.7158,0.22,8.1934,0.18,1
300252,金信诺,2013-03-31,3,373.4689,3.46,373.4689,0.00,0
002400,省广股份,2013-03-31,9,3723.1740,19.32,40.9030,19.10,8
002568,百润股份,2013-03-31,4,671.6960,4.20,575.4002,0.60,1
002324,普利特,2013-03-31,1,181.0550,0.67,181.0550,0.00,0
601799,星宇股份,2013-03-31,2,229.5631,0.96,-230.8989,1.92,3
002327,富安娜,2013-03-31,5,1117.5620,6.96,-126.6840,7.74,5
002317,众生药业,2013-03-31,2,897.1820,2.49,-614.5710,8.40,5
002474,榕基软件,2013-03-31,3,227.5124,1.10,-335.1446,2.71,3
002325,洪涛股份,2013-03-31,7,6864.0440,14.91,1716.6200,11.18,7
300004,南风股份,2013-03-31,2,732.3690,3.90,15.1690,3.81,2
300014,亿纬锂能,2013-03-31,2,378.9310,1.91,378.9310,0.00,0
601801,皖新传媒,2013-03-31,1,210.4510,0.23,91.3670,0.13,1
601877,正泰电器,2013-03-31,4,4966.0280,4.94,-224.5840,5.16,4
300017,网宿科技,2013-03-31,8,2540.8680,16.48,290.6930,14.59,9
300019,硅宝科技,2013-03-31,1,187.6650,1.84,138.8279,0.48,1
300020,银江股份,2013-03-31,5,1840.0990,7.67,-150.7060,8.30,7
300025,华星创业,2013-03-31,1,250.0230,1.60,-406.7254,4.21,4
002385,大北农,2013-03-31,6,4493.8210,5.61,179.1900,5.38,6
002329,皇氏乳业,2013-03-31,5,739.4530,3.46,739.4530,0.00,0
002335,科华恒盛,2013-03-31,1,165.5070,0.74,165.5070,0.00,0
002340,格林美,2013-03-31,1,773.4320,1.33,773.4320,0.00,0
002339,积成电子,2013-03-31,2,655.2090,3.46,-37.3790,4.03,3
002341,新纶科技,2013-03-31,3,1478.5610,3.96,-675.1140,7.36,2
002538,司尔特,2013-03-31,3,1821.8440,6.15,256.9340,5.29,3
002345,潮宏基,2013-03-31,5,891.0260,4.95,-69.9400,5.34,4
002381,双箭股份,2013-03-31,1,18.2876,0.16,0.2616,0.15,1
601258,庞大集团,2013-03-31,5,6732.7060,2.57,4346.5960,0.91,4
300335,迪森股份,2013-03-31,5,434.6553,3.12,-134.0387,4.08,6
002353,杰瑞股份,2013-03-31,4,2156.9310,4.70,-916.8320,6.69,8
300030,阳普医疗,2013-03-31,1,100.0000,0.68,100.0000,0.00,0
002549,凯美特气,2013-03-31,7,2182.3730,8.08,1489.8090,3.85,3
002375,亚厦股份,2013-03-31,8,7090.8620,11.16,-672.6320,12.22,9
300039,上海凯宝,2013-03-31,5,2090.0040,7.95,-650.3640,10.42,6
002367,康力电梯,2013-03-31,3,1547.5130,4.07,1067.5390,1.26,1
002368,太极股份,2013-03-31,6,2443.5220,10.31,324.7330,8.94,4
300048,合康变频,2013-03-31,4,2507.7460,7.42,1807.7470,2.07,1
002566,益盛药业,2013-03-31,3,1894.7790,8.59,-151.8840,9.28,3
002376,新北洋,2013-03-31,3,2314.1490,7.71,-591.7170,9.69,6
601106,中国一重,2013-03-31,2,2708.9000,0.41,-1419.2300,0.63,3
300043,星辉车模,2013-03-31,8,2473.3380,15.61,346.2260,13.43,7
300050,世纪鼎利,2013-03-31,1,348.1200,1.61,-149.3510,2.30,1
002378,章源钨业,2013-03-31,3,353.1937,0.82,37.7697,0.74,4
002421,达实智能,2013-03-31,7,2645.2710,12.67,-595.9300,15.52,7
002630,华西能源,2013-03-31,6,1873.0440,11.22,1377.9800,2.96,2
002384,东山精密,2013-03-31,2,235.6980,0.61,-215.9510,1.18,2
300056,三维丝,2013-03-31,1,25.0000,0.27,1.4789,0.25,1
300055,万邦达,2013-03-31,3,966.1380,4.22,844.1424,0.53,2
300057,万顺股份,2013-03-31,2,746.6570,1.77,554.0420,0.46,1
002398,建研集团,2013-03-31,5,1257.9148,6.20,-188.1474,7.13,8
002390,信邦制药,2013-03-31,1,99.9904,0.58,-71.9554,0.99,2
601669,中国水电,2013-03-31,3,16447.3400,1.71,536.8800,1.66,3
002399,海普瑞,2013-03-31,3,236.0030,0.29,-105.3547,0.43,4
002410,广联达,2013-03-31,10,3810.3730,9.22,-626.4240,10.96,8
002408,齐翔腾达,2013-03-31,5,3961.0840,7.07,1895.4640,3.68,5
002604,龙力生物,2013-03-31,2,1238.6520,6.65,1238.6520,0.00,0
601518,吉林高速,2013-03-31,2,244.2940,0.20,244.2940,0.00,0
300059,东方财富,2013-03-31,1,610.1720,1.82,-411.5480,3.04,3
002439,启明星辰,2013-03-31,8,3260.5520,15.71,149.7330,14.99,8
002414,高德红外,2013-03-31,1,73.5631,0.25,-184.7871,0.86,2
300062,中能电气,2013-03-31,1,321.5710,2.08,-297.7645,4.00,5
002433,太安堂,2013-03-31,1,53.6431,0.39,-49.1869,0.74,1
601018,宁波港,2013-03-31,1,2563.5900,0.20,-479.8000,0.24,1
002465,海格通信,2013-03-31,2,184.6624,0.56,-113.1598,0.90,3
300063,天龙集团,2013-03-31,1,31.5572,0.31,4.7993,0.27,1
601369,陕鼓动力,2013-03-31,3,2556.2400,1.56,-1197.0440,2.29,5
002573,国电清新,2013-03-31,5,2903.0560,9.81,-382.4640,11.10,6
002428,云南锗业,2013-03-31,2,1107.5930,3.39,765.1975,1.05,2
002424,贵州百灵,2013-03-31,4,439.9531,0.94,-41.8017,1.02,2
002456,欧菲光,2013-03-31,8,2463.4490,10.59,-503.1570,15.45,8
002447,壹桥苗业,2013-03-31,1,400.0020,1.49,400.0020,0.00,0
002429,兆驰股份,2013-03-31,4,5082.2180,7.14,-762.0420,8.21,6
300067,安诺其,2013-03-31,1,67.8381,0.42,-11.9458,0.50,1
002440,闰土股份,2013-03-31,6,2230.4280,5.82,1755.8950,1.24,1
002437,誉衡药业,2013-03-31,6,1711.0480,6.11,30.5100,6.00,3
300080,新大新材,2013-03-31,1,721.7050,1.98,721.7050,0.00,0
300083,劲胜股份,2013-03-31,8,1776.7890,8.88,416.7040,6.80,7
300074,华平股份,2013-03-31,7,1063.3660,10.63,169.3832,8.94,6
601012,隆基股份,2013-03-31,1,554.1170,1.03,-857.4550,2.62,4
002441,众业达,2013-03-31,5,1079.1226,4.65,691.9606,1.67,1
002469,三维工程,2013-03-31,4,1072.6571,6.35,143.9531,5.50,3
002444,巨星科技,2013-03-31,5,1547.1290,3.05,611.9172,1.84,5
002466,天齐锂业,2013-03-31,5,282.5872,1.92,282.5872,0.00,0
002445,中南重工,2013-03-31,1,768.6880,3.05,-122.4010,3.53,1
300086,康芝药业,2013-03-31,3,1015.8220,5.08,734.8760,1.40,3
002458,益生股份,2013-03-31,1,79.4894,0.28,-29.9996,0.39,1
300272,开能环保,2013-03-31,2,242.7290,1.70,242.7290,0.00,0
300088,长信科技,2013-03-31,9,3589.1050,11.00,650.2490,9.01,7
300090,盛运股份,2013-03-31,8,3080.9220,12.07,-221.6480,12.94,8
300096,易联众,2013-03-31,1,257.2290,1.50,-299.9910,3.24,2
601717,郑煤机,2013-03-31,1,882.9150,0.54,-2027.8850,1.80,2
601718,际华集团,2013-03-31,2,5047.9000,1.31,-5195.1600,2.66,2
300253,卫宁软件,2013-03-31,7,1808.6000,16.90,118.3410,15.80,6
300124,汇川技术,2013-03-31,9,3199.7530,8.23,429.4090,7.13,9
002663,普邦园林,2013-03-31,5,1014.8970,3.63,-564.5770,5.65,9
601208,东材科技,2013-03-31,1,699.9800,1.14,-334.0200,1.68,1
002655,共达电声,2013-03-31,3,374.7850,3.12,31.9028,2.86,4
300100,双林股份,2013-03-31,1,28.3518,0.20,28.3518,0.00,0
002484,江海股份,2013-03-31,2,184.8453,0.89,28.8453,0.75,1
300126,锐奇股份,2013-03-31,3,306.2970,2.02,-260.1074,3.74,4
300104,乐视网,2013-03-31,3,1595.9880,3.82,103.6990,3.57,3
300110,华仁药业,2013-03-31,3,511.0240,2.34,-94.3800,2.77,3
002470,金正大,2013-03-31,8,4006.4220,5.72,1102.9870,4.15,8
300113,顺网科技,2013-03-31,7,1628.9020,12.34,462.6760,8.84,5
300106,西部牧业,2013-03-31,2,473.1084,4.04,473.1084,0.00,0
300133,华策影视,2013-03-31,8,3721.0250,9.64,40.8200,9.58,9
300156,天立环保,2013-03-31,1,241.9600,0.84,-413.9490,2.27,3
002530,丰东股份,2013-03-31,1,299.3320,1.12,30.4698,1.00,2
002619,巨龙管业,2013-03-31,2,70.1785,0.58,-97.0472,1.38,2
002595,豪迈科技,2013-03-31,2,630.0000,3.15,0.7000,3.15,2
002614,蒙发利,2013-03-31,1,476.4600,1.99,476.4600,0.00,0
002475,立讯精密,2013-03-31,9,3008.1140,8.24,-575.1750,9.82,9
601886,江河创建,2013-03-31,4,3437.2300,6.14,-1490.9930,8.80,5
300120,经纬电材,2013-03-31,1,41.3035,0.24,-27.9605,0.41,1
300128,锦富新材,2013-03-31,8,1622.2690,7.93,12.3400,7.87,8
601098,中南传媒,2013-03-31,4,2084.8100,1.16,-269.1930,1.31,4
002477,雏鹰农牧,2013-03-31,6,4101.4190,7.68,-213.2320,8.08,6
002479,富春环保,2013-03-31,5,1486.7220,2.02,1028.0825,1.06,2
002480,新筑股份,2013-03-31,4,2368.4740,8.46,216.8700,7.68,3
002481,双塔食品,2013-03-31,4,1640.4430,7.59,-884.3460,11.69,6
300121,阳谷华泰,2013-03-31,1,93.9958,0.87,-10.9902,0.97,1
300119,瑞普生物,2013-03-31,4,808.6090,4.17,-4.3060,4.22,4
002482,广田股份,2013-03-31,9,3646.1240,7.12,-765.2270,8.62,10
002485,希努尔,2013-03-31,1,100.0000,0.31,-1004.8300,3.45,2
300138,晨光生物,2013-03-31,1,120.0000,0.67,-629.9620,4.18,1
002521,齐峰新材,2013-03-31,3,1123.5650,5.45,-108.4880,5.98,3
300122,智飞生物,2013-03-31,4,961.9543,2.40,3.2531,2.40,5
300123,太阳鸟,2013-03-31,4,737.0889,5.30,220.4282,3.71,3
600998,九州通,2013-03-31,3,4797.7600,3.38,-1190.0000,4.22,4
002491,通鼎光电,2013-03-31,1,90.3236,0.34,90.3236,0.00,0
002493,荣盛石化,2013-03-31,1,44.9519,0.04,44.9519,0.00,0
002497,雅化集团,2013-03-31,5,1681.9980,3.50,149.5190,3.19,5
300134,大富科技,2013-03-31,3,1052.6000,3.29,76.5880,3.05,1
002494,华斯股份,2013-03-31,1,208.2360,1.83,208.2360,0.00,0
002498,汉缆股份,2013-03-31,1,38.7533,0.05,-38.9358,0.11,2
300132,青松股份,2013-03-31,3,447.8518,3.71,-181.0284,5.21,4
300136,信维通信,2013-03-31,6,2028.5620,15.21,1120.8700,6.81,4
601339,百隆东方,2013-03-31,3,418.5984,0.56,186.3404,0.31,1
002567,唐人神,2013-03-31,6,2012.6350,7.29,-245.7790,8.18,6
002697,红旗连锁,2013-03-31,1,233.9920,1.17,-208.9840,2.21,1
601928,凤凰传媒,2013-03-31,1,800.6010,0.31,195.5570,0.24,1
002501,利源铝业,2013-03-31,5,1095.2610,5.85,-404.4060,8.01,6
002502,骅威股份,2013-03-31,1,53.0421,0.38,16.4521,0.26,1
300141,和顺电气,2013-03-31,2,109.9863,1.00,16.1767,0.85,2
300164,通源石油,2013-03-31,2,692.0670,4.37,-410.7770,6.96,3
002511,中顺洁柔,2013-03-31,4,921.8360,4.43,93.1430,3.98,3
002554,惠博普,2013-03-31,5,2010.5160,6.62,1028.2200,3.23,5
002508,老板电器,2013-03-31,6,2180.9070,8.52,1204.5250,3.81,5
300331,苏大维格,2013-03-31,4,581.3328,9.38,-75.7968,10.60,7
002503,搜于特,2013-03-31,6,2050.8370,7.12,-436.3900,8.64,7
002509,天广消防,2013-03-31,5,944.4660,4.72,25.9925,4.59,7
300144,宋城股份,2013-03-31,7,5521.4460,9.96,-122.6690,10.18,6
002507,涪陵榨菜,2013-03-31,6,1500.6520,9.68,246.0350,8.09,8
002515,金字火腿,2013-03-31,1,24.0902,0.17,24.0902,0.00,0
300289,利德曼,2013-03-31,5,803.2359,5.23,-165.7123,6.31,7
300145,南方泵业,2013-03-31,3,793.6710,5.51,-388.4550,8.21,6
300158,振东制药,2013-03-31,1,55.0619,0.19,-14.9381,0.24,1
002517,泰亚股份,2013-03-31,1,62.1672,0.35,-10.4269,0.41,1
300168,万达信息,2013-03-31,6,2973.9320,12.39,600.7410,9.89,5
603167,渤海轮渡,2013-03-31,1,443.9840,0.92,443.9840,0.00,0
300157,恒泰艾普,2013-03-31,5,1829.4060,9.91,224.1250,8.69,5
002522,浙江众成,2013-03-31,4,432.7679,2.54,-53.2101,2.85,5
300146,汤臣倍健,2013-03-31,5,1363.6950,6.23,-402.7740,8.08,8
002547,春兴精工,2013-03-31,1,251.9740,0.89,-1237.8550,5.25,6
300151,昌红科技,2013-03-31,1,52.4648,0.52,52.4648,0.00,0
300155,安居宝,2013-03-31,6,1076.9031,5.98,523.7116,3.07,4
002606,大连电瓷,2013-03-31,3,160.5287,0.80,130.5287,0.15,1
002524,光正集团,2013-03-31,3,613.2510,2.83,613.2510,0.00,0
002528,英飞拓,2013-03-31,1,69.9994,0.20,69.9994,0.00,0
300147,香雪制药,2013-03-31,7,3969.7680,13.16,2608.7760,4.52,4
002532,新界泵业,2013-03-31,1,15.9950,0.10,-139.3973,0.97,2
002531,天顺风能,2013-03-31,1,85.0725,0.41,-18.0457,0.50,2
601933,永辉超市,2013-03-31,1,863.5910,1.12,863.5910,0.00,0
002702,海欣食品,2013-03-31,1,9.0085,0.13,-78.9915,1.24,1
300165,天瑞仪器,2013-03-31,4,398.6866,2.59,139.6866,1.68,3
300191,潜能恒信,2013-03-31,1,59.9707,0.37,59.9707,0.00,0
300159,新研股份,2013-03-31,6,526.3256,2.92,-137.6964,3.68,9
002557,洽洽食品,2013-03-31,6,2451.3310,7.25,344.6650,6.23,6
002539,新都化工,2013-03-31,2,689.0250,2.08,0.0000,2.08,2
300170,汉得信息,2013-03-31,7,2318.9390,13.07,697.4600,9.66,6
300166,东方国信,2013-03-31,4,579.7560,4.77,372.9748,1.70,3
300174,元力股份,2013-03-31,2,109.1276,0.80,109.1276,0.00,0
300172,中电环保,2013-03-31,1,128.5340,0.99,128.5340,0.00,0
300175,朗源股份,2013-03-31,2,537.6640,1.14,537.6640,0.00,0
300194,福安药业,2013-03-31,1,48.0346,0.36,48.0346,0.00,0
002541,鸿路钢构,2013-03-31,5,1332.8540,4.97,1332.8540,0.00,0
300177,中海达,2013-03-31,4,373.8822,1.87,-298.5868,3.36,3
300178,腾邦国际,2013-03-31,5,854.5056,6.98,-570.2544,11.64,7
300176,鸿特精密,2013-03-31,1,22.3700,0.25,22.3700,0.00,0
002551,尚荣医疗,2013-03-31,6,1629.2440,8.83,723.9040,4.91,2
300193,佳士科技,2013-03-31,1,235.0070,1.06,235.0070,0.00,0
300216,千山药机,2013-03-31,4,434.0960,3.07,334.3660,0.71,1
300183,东软载波,2013-03-31,1,89.0869,0.40,0.0000,0.40,1
300197,铁汉生态,2013-03-31,7,1328.8650,6.31,151.7924,5.59,7
002543,万和电气,2013-03-31,2,112.3514,0.56,-19.7230,0.66,2
300182,捷成股份,2013-03-31,8,1632.3540,9.54,-513.5913,12.55,10
300330,华虹计通,2013-03-31,1,38.3800,0.48,38.3800,0.00,0
300203,聚光科技,2013-03-31,3,978.6037,2.20,261.4377,1.61,3
300198,纳川股份,2013-03-31,3,1162.1870,5.57,100.3220,5.09,3
300186,大华农,2013-03-31,1,268.3790,1.01,13.6825,0.95,2
300195,长荣股份,2013-03-31,5,988.9113,7.06,347.9286,4.58,4
300188,美亚柏科,2013-03-31,5,342.4610,3.09,-61.0220,3.64,6
300196,长海股份,2013-03-31,5,934.2050,7.79,99.8194,6.95,5
300187,永清环保,2013-03-31,2,194.1873,1.45,-54.7107,1.86,3
002698,博实股份,2013-03-31,7,938.7638,2.34,218.7228,1.80,4
300190,维尔利,2013-03-31,4,353.5123,3.62,-64.4547,4.27,5
002565,上海绿新,2013-03-31,5,2543.8680,7.44,1074.5740,4.30,3
300214,日科化学,2013-03-31,3,459.4310,2.27,-992.9320,7.17,4
002563,森马服饰,2013-03-31,2,342.8269,0.51,-114.0225,0.68,3
300199,翰宇药业,2013-03-31,1,228.1140,1.14,-937.9111,5.83,5
002571,德力股份,2013-03-31,2,701.2770,2.06,557.9490,0.84,1
002564,张化机,2013-03-31,1,332.3390,1.09,-372.0700,2.32,3
300226,上海钢联,2013-03-31,5,535.1415,6.69,33.5695,6.27,3
300201,海伦哲,2013-03-31,1,147.7340,0.84,-546.9190,3.95,3
002572,索菲亚,2013-03-31,7,1903.0480,8.66,16.4880,8.82,7
002575,群兴玩具,2013-03-31,1,90.2399,0.67,90.2399,0.00,0
300202,聚龙股份,2013-03-31,5,1297.6270,7.65,32.0926,7.46,4
300210,森远股份,2013-03-31,8,1188.6797,8.82,360.9837,6.14,5
300209,天泽信息,2013-03-31,1,100.0000,0.63,-370.0000,2.94,1
601566,九牧王,2013-03-31,4,1920.6720,3.32,-1974.0840,6.73,8
300207,欣旺达,2013-03-31,8,2989.4490,12.23,553.7870,9.97,7
300212,易华录,2013-03-31,5,1422.1150,10.61,395.6030,7.66,4
300218,安利股份,2013-03-31,3,361.8140,1.71,311.8200,0.24,1
601222,林洋电子,2013-03-31,6,1002.8600,2.82,1002.8600,0.00,0
300219,鸿利光电,2013-03-31,3,718.7360,2.93,444.9516,1.12,3
300257,开山股份,2013-03-31,4,1570.8680,5.49,-331.4920,6.65,5
300215,电科院,2013-03-31,3,373.2467,2.07,22.8607,1.95,3
300217,东方电热,2013-03-31,2,769.0981,3.89,122.4561,3.27,1
300222,科大智能,2013-03-31,2,120.4266,1.12,-749.9394,8.06,6
300227,光韵达,2013-03-31,1,24.0000,0.36,24.0000,0.00,0
300228,富瑞特装,2013-03-31,8,1988.4530,14.84,485.3890,11.22,6
300240,飞力达,2013-03-31,3,225.7422,1.35,57.1749,1.01,2
601311,骆驼股份,2013-03-31,8,9607.8370,11.28,8237.5170,1.61,2
002585,双星新材,2013-03-31,1,33.8800,0.08,-60.4374,0.23,2
002586,围海股份,2013-03-31,3,836.2205,4.11,-620.2597,7.16,4
002589,瑞康医药,2013-03-31,7,1152.3562,12.29,26.4965,12.00,8
002587,奥拓电子,2013-03-31,2,135.1226,1.24,-432.7035,5.20,3
300232,洲明科技,2013-03-31,3,417.3686,4.13,-6.3325,4.19,5
300230,永利带业,2013-03-31,1,131.9150,0.82,-304.1580,2.70,3
300234,开尔新材,2013-03-31,2,143.7538,1.20,-285.4996,3.58,4
002588,史丹利,2013-03-31,6,1040.6155,6.16,72.7414,5.73,7
300241,瑞丰光电,2013-03-31,6,1049.3954,9.61,110.4238,8.78,7
300258,精锻科技,2013-03-31,4,1012.6260,6.75,375.0700,4.25,2
002607,亚夏汽车,2013-03-31,3,439.2090,2.50,-30.8700,2.67,3
300244,迪安诊断,2013-03-31,2,365.7227,3.98,-14.5793,4.13,2
300246,宝莱特,2013-03-31,1,55.6904,0.76,-4.2938,0.82,1
002603,以岭药业,2013-03-31,5,792.3530,1.43,-1164.0700,3.54,6
002620,瑞和股份,2013-03-31,2,239.9805,2.00,-497.0029,6.14,6
300251,光线传媒,2013-03-31,9,1486.9147,6.17,1123.8756,1.51,3
300256,星星科技,2013-03-31,6,838.6616,5.59,73.7597,5.10,4
300255,常山药业,2013-03-31,5,1107.1540,5.88,-56.1650,6.17,4
601636,旗滨集团,2013-03-31,1,304.2720,0.44,-1400.7945,2.45,4
300267,尔康制药,2013-03-31,4,667.5210,2.79,-1890.5300,10.69,8
300259,新天科技,2013-03-31,7,1280.6250,8.46,-293.8880,10.40,6
002618,丹邦科技,2013-03-31,6,1403.6810,8.77,957.2789,2.79,3
002629,仁智油服,2013-03-31,1,142.4530,1.24,142.4530,0.00,0
300273,和佳股份,2013-03-31,4,1572.4280,7.86,67.8550,7.52,5
300261,雅本化学,2013-03-31,5,977.8825,6.74,-129.8795,7.63,5
300263,隆华节能,2013-03-31,3,722.5059,4.42,486.4579,1.45,1
300270,中威电子,2013-03-31,9,648.7666,10.81,-55.7863,11.74,8
002612,朗姿股份,2013-03-31,3,333.8888,1.67,-488.9302,4.11,5
300262,巴安水务,2013-03-31,1,103.7240,0.78,103.7240,0.00,0
300274,阳光电源,2013-03-31,4,1325.8310,4.11,169.4090,3.59,4
601100,恒立油缸,2013-03-31,8,4043.3940,6.42,221.9160,6.07,8
300275,梅安森,2013-03-31,2,222.1590,2.70,-91.8790,3.82,3
002628,成都路桥,2013-03-31,3,1136.8140,3.40,1136.8140,0.00,0
002623,亚玛顿,2013-03-31,3,1414.7130,8.84,290.0600,7.03,3
002634,棒杰股份,2013-03-31,1,57.0000,0.57,57.0000,0.00,0
603001,奥康国际,2013-03-31,4,954.8220,2.38,-546.4170,3.74,7
300293,蓝英装备,2013-03-31,2,91.9666,1.02,91.9666,0.00,0
002635,安洁科技,2013-03-31,9,1910.0420,15.92,722.1031,9.90,7
002648,卫星石化,2013-03-31,5,963.9950,2.41,923.9950,0.10,1
002646,青青稞酒,2013-03-31,6,1555.2490,3.46,1469.3705,0.19,2
300281,金明精机,2013-03-31,2,77.5377,1.29,77.5377,0.00,0
002638,勤上光电,2013-03-31,4,2537.7750,6.77,1262.2880,3.40,2
300288,朗玛信息,2013-03-31,5,193.3644,3.62,76.2094,2.19,3
300324,旋极信息,2013-03-31,5,260.3343,4.65,-70.8552,5.91,8
002651,利君股份,2013-03-31,2,321.6866,0.80,-71.3293,0.98,3
300297,蓝盾股份,2013-03-31,1,59.4585,0.61,12.8490,0.48,1
002657,中科金财,2013-03-31,1,29.9816,0.43,-35.9526,0.94,2
603077,和邦股份,2013-03-31,2,71.6600,0.16,-113.6586,0.41,3
002664,信质电机,2013-03-31,1,496.9030,3.73,-92.9935,4.42,4
002649,博彦科技,2013-03-31,6,1000.6889,6.67,18.6370,6.55,9
300287,飞利信,2013-03-31,3,803.9820,9.57,28.1891,9.24,8
300298,三诺生物,2013-03-31,7,384.9776,4.37,67.7545,3.60,5
002656,卡奴迪路,2013-03-31,6,566.9914,5.67,-438.0025,10.05,9
002667,鞍重股份,2013-03-31,2,55.2191,0.81,-31.1474,1.27,2
002662,京威股份,2013-03-31,6,2069.4640,3.45,-22.0760,3.49,7
300291,华录百纳,2013-03-31,5,497.3322,8.29,30.6490,7.78,9
002650,加加食品,2013-03-31,3,840.8510,4.38,-119.3562,5.00,5
002666,德联集团,2013-03-31,3,232.3584,1.45,82.9150,0.93,2
300310,宜通世纪,2013-03-31,5,197.1994,1.12,80.7064,0.66,1
002653,海思科,2013-03-31,6,1322.9430,1.65,367.0023,2.39,6
300296,利亚德,2013-03-31,1,18.4921,0.18,-6.5079,0.25,1
300309,吉艾科技,2013-03-31,5,596.4670,2.75,-603.7880,5.52,6
601515,东风股份,2013-03-31,1,50.0000,0.09,-96.2668,0.26,2
300326,凯利泰,2013-03-31,3,148.4688,2.90,-38.3030,3.64,4
601231,环旭电子,2013-03-31,9,3070.8320,3.04,1362.4060,1.69,5
002658,雪迪龙,2013-03-31,3,371.9477,2.71,-443.9445,5.93,6
300300,汉鼎股份,2013-03-31,5,1027.6430,11.81,233.8744,9.12,10
002660,茂硕电源,2013-03-31,1,164.6200,1.67,-240.4805,4.10,6
002661,克明面业,2013-03-31,3,212.6781,2.56,-20.8668,2.81,3
002674,兴业科技,2013-03-31,2,224.7477,0.94,-553.8893,3.24,2
300332,天壕节能,2013-03-31,5,696.0448,2.18,-422.7252,3.50,6
300314,戴维医疗,2013-03-31,3,222.2490,2.78,43.3216,2.24,5
300311,任子行,2013-03-31,1,24.3250,0.34,24.3250,0.00,0
300302,同有科技,2013-03-31,1,46.5648,0.78,-54.9930,1.69,3
300312,邦讯技术,2013-03-31,4,201.5505,1.89,69.0903,1.24,4
300315,掌趣科技,2013-03-31,7,993.3390,6.07,-131.2622,6.87,7
603000,人民网,2013-03-31,5,811.2781,2.93,56.9256,2.73,5
300299,富春通信,2013-03-31,1,46.9270,0.70,46.9270,0.00,0
002671,龙泉股份,2013-03-31,4,307.3407,3.26,72.0643,2.49,4
002682,龙洲股份,2013-03-31,1,29.9490,0.19,0.0000,0.19,1
603366,日出东方,2013-03-31,3,351.4387,0.88,-148.6439,1.25,3
002678,珠江钢琴,2013-03-31,2,339.7880,0.71,149.5364,0.40,3
300322,硕贝德,2013-03-31,10,991.1188,10.62,85.0441,9.71,8
300339,润和软件,2013-03-31,2,96.4652,1.26,-382.6060,6.24,7
300336,新文化,2013-03-31,8,506.2415,5.27,452.4822,0.56,1
603008,喜临门,2013-03-31,7,711.5287,3.39,-495.0219,5.75,8
300334,津膜科技,2013-03-31,7,1009.0354,8.70,433.7276,4.96,4
002701,奥瑞金,2013-03-31,6,1025.3978,3.34,615.9067,1.34,3
300348,长亮科技,2013-03-31,1,19.9950,0.39,19.9950,0.00,0
300337,银邦股份,2013-03-31,7,2055.6494,11.00,-518.1290,13.78,7
002695,煌上煌,2013-03-31,2,131.2112,1.06,-502.4035,5.11,7
300349,金卡股份,2013-03-31,5,181.3749,3.02,-19.7629,3.35,5
300328,宜安科技,2013-03-31,9,829.8115,7.41,25.3745,7.18,6
300346,南大光电,2013-03-31,2,81.9966,1.63,-40.8907,2.44,3
300355,蒙草抗旱,2013-03-31,1,69.9925,0.51,69.9925,0.00,0
300351,永贵电器,2013-03-31,2,160.8843,2.05,-21.0770,2.32,7
300347,泰格医药,2013-03-31,5,154.2275,2.89,-163.3918,5.95,7
300354,东华测试,2013-03-31,1,31.3050,0.71,0.0000,0.71,1
300352,北信源,2013-03-31,5,166.2494,2.49,-166.6284,4.99,7
