600007,中国国贸,2009-03-31,2,474.8650,0.47,155.3380,0.32,1
600010,包钢股份,2009-03-31,1,3445.3300,0.54,2862.5030,0.09,1
600012,皖通高速,2009-03-31,2,600.0000,0.36,250.0000,0.21,1
600028,中国石化,2009-03-31,1,5061.7000,0.06,0.0000,0.06,1
600067,冠城大通,2009-03-31,1,1004.1800,1.64,1004.1800,0.00,0
600068,葛洲坝,2009-03-31,1,852.8030,0.51,0.0000,0.51,1
600104,上汽集团,2009-03-31,1,3546.5700,0.54,2146.5700,0.21,1
600118,中国卫星,2009-03-31,1,455.8170,1.55,455.8170,0.00,0
600141,兴发集团,2009-03-31,1,565.4880,2.24,254.1850,1.24,1
600152,维科精华,2009-03-31,1,181.5050,0.62,181.5050,0.00,0
600170,上海建工,2009-03-31,1,599.9850,0.83,599.9850,0.00,0
600178,东安动力,2009-03-31,1,168.0000,0.36,168.0000,0.00,0
600197,伊力特,2009-03-31,2,1158.3370,2.63,1158.3370,0.00,0
600221,海南航空,2009-03-31,1,999.9850,0.28,999.9850,0.00,0
600236,桂冠电力,2009-03-31,1,2972.1400,2.01,0.0000,2.01,1
600261,阳光照明,2009-03-31,1,480.0000,1.92,-92.9640,2.29,1
600268,国电南自,2009-03-31,1,120.0000,0.63,120.0000,0.00,0
600269,赣粤高速,2009-03-31,2,2948.5600,2.53,150.8900,2.40,2
600280,中央商场,2009-03-31,2,615.4690,4.29,0.0000,4.29,2
600289,亿阳信通,2009-03-31,1,449.9730,1.28,449.9730,0.00,0
600290,华仪电气,2009-03-31,1,107.5000,0.39,107.5000,0.00,0
600323,南海发展,2009-03-31,2,825.9950,3.05,825.9950,0.00,0
600350,山东高速,2009-03-31,3,4231.9000,1.26,-3234.3200,2.22,3
600359,新农开发,2009-03-31,1,124.0100,0.39,124.0100,0.00,0
600395,盘江股份,2009-03-31,2,2752.9500,4.63,2752.9500,0.00,0
600396,金山股份,2009-03-31,1,672.1360,1.97,72.5700,1.76,1
600415,小商品城,2009-03-31,1,529.9710,1.56,-113.3570,1.89,1
600498,烽火通信,2009-03-31,1,420.0000,1.02,420.0000,0.00,0
600501,航天晨光,2009-03-31,1,117.9800,0.36,117.9800,0.00,0
600518,康美药业,2009-03-31,1,951.7490,1.25,951.7490,0.00,0
600528,中铁二局,2009-03-31,2,1271.3790,0.87,1271.3790,0.00,0
600549,厦门钨业,2009-03-31,1,299.9920,0.44,299.9920,0.00,0
600551,时代出版,2009-03-31,1,386.8300,1.98,-58.4750,2.28,1
600557,康缘药业,2009-03-31,1,500.0000,1.88,-50.0000,2.06,1
600578,京能电力,2009-03-31,2,399.9905,0.70,399.9905,0.00,0
600587,新华医疗,2009-03-31,1,140.0000,1.04,-37.1300,1.32,1
600595,中孚实业,2009-03-31,1,111.9510,0.17,111.9510,0.00,0
600600,青岛啤酒,2009-03-31,2,2270.0000,1.74,-30.0000,1.76,2
600601,方正科技,2009-03-31,1,254.3590,0.15,-438.0020,0.40,2
600602,仪电电子,2009-03-31,1,142.8500,0.12,142.8500,0.00,0
600641,万业企业,2009-03-31,1,199.9990,0.45,199.9990,0.00,0
600642,申能股份,2009-03-31,1,1099.9700,0.38,-1146.0700,0.78,1
600675,中华企业,2009-03-31,1,1259.9900,1.16,1259.9900,0.00,0
600683,京投银泰,2009-03-31,2,1366.6900,4.84,773.2830,2.10,1
600686,金龙汽车,2009-03-31,1,580.4920,1.31,580.4920,0.00,0
600693,东百集团,2009-03-31,1,500.0000,1.89,-80.0000,2.20,1
600694,大商股份,2009-03-31,1,600.0000,2.04,600.0000,0.00,0
600717,天津港,2009-03-31,1,1670.0000,1.00,-36.1700,1.02,1
600718,东软集团,2009-03-31,1,1336.2300,1.42,-436.4900,1.88,1
600737,中粮屯河,2009-03-31,1,790.6460,0.79,790.6460,0.00,0
600747,大连控股,2009-03-31,1,182.2350,0.17,182.2350,0.00,0
600748,上实发展,2009-03-31,1,950.0000,0.88,950.0000,0.00,0
600750,江中药业,2009-03-31,1,441.9110,1.49,-38.7650,1.62,1
000021,长城开发,2009-03-31,1,99.9471,0.11,-222.0180,0.37,3
000022,深赤湾A,2009-03-31,1,850.3720,1.32,0.0000,1.32,1
000036,华联控股,2009-03-31,1,192.1330,0.17,-292.1230,0.44,2
000042,深长城,2009-03-31,1,269.9400,1.13,110.0000,0.67,1
000043,中航地产,2009-03-31,1,380.8620,1.71,380.8620,0.00,0
000060,中金岭南,2009-03-31,1,550.0000,0.54,550.0000,0.00,0
000088,盐田港,2009-03-31,1,249.9920,0.20,0.0000,0.20,1
000089,深圳机场,2009-03-31,2,3682.6100,2.18,-2233.1790,3.50,4
000159,国际实业,2009-03-31,2,677.2700,2.82,228.1550,1.87,2
000400,许继电气,2009-03-31,1,627.1670,1.66,627.1670,0.00,0
000402,金融街,2009-03-31,1,3083.3900,1.24,3083.3900,0.00,0
000410,沈阳机床,2009-03-31,1,549.9840,1.01,549.9840,0.00,0
000417,合肥百货,2009-03-31,1,699.9680,1.90,699.9680,0.00,0
000418,小天鹅A,2009-03-31,1,568.0740,1.04,568.0740,0.00,0
000423,东阿阿胶,2009-03-31,1,580.0000,1.11,580.0000,0.00,0
000429,粤高速A,2009-03-31,1,1300.0000,1.03,-409.9800,1.36,2
600755,厦门国贸,2009-03-31,1,102.4600,0.21,43.8500,0.12,1
600761,安徽合力,2009-03-31,1,309.9950,0.87,309.9950,0.00,0
600765,中航重机,2009-03-31,1,280.0000,0.54,-100.0000,1.06,1
600782,新钢股份,2009-03-31,1,249.6850,0.18,249.6850,0.00,0
600797,浙大网新,2009-03-31,1,325.7420,0.40,325.7420,0.00,0
600801,华新水泥,2009-03-31,1,300.0000,0.74,-89.9950,0.97,1
600826,兰生股份,2009-03-31,2,719.5970,2.57,719.5970,0.00,0
600859,王府井,2009-03-31,1,469.9840,1.20,469.9840,0.00,0
600875,东方电气,2009-03-31,1,470.0000,0.53,-127.9900,0.68,1
600886,国投电力,2009-03-31,2,2519.9900,2.39,1399.9900,1.06,1
600887,伊利股份,2009-03-31,1,1144.1600,1.43,1144.1600,0.00,0
000511,银基发展,2009-03-31,3,655.1010,0.57,76.6360,0.50,2
000513,丽珠集团,2009-03-31,1,700.9080,2.29,100.9210,1.96,1
000520,*ST凤凰,2009-03-31,2,265.0200,0.39,-33.8390,0.44,2
000539,粤电力A,2009-03-31,1,2100.4200,0.79,-2370.8500,1.68,3
000550,江铃汽车,2009-03-31,1,447.6400,0.52,447.6400,0.00,0
000559,万向钱潮,2009-03-31,1,1000.0000,0.98,-280.3500,1.25,1
000566,海南海药,2009-03-31,1,646.1850,3.08,646.1850,0.00,0
000600,建投能源,2009-03-31,1,1430.0000,1.57,-334.0560,1.93,2
000601,韶能股份,2009-03-31,1,138.4340,0.15,138.4340,0.00,0
000630,铜陵有色,2009-03-31,2,911.3590,0.70,911.3590,0.00,0
000659,珠海中富,2009-03-31,1,110.3900,0.16,110.3900,0.00,0
000666,经纬纺机,2009-03-31,1,236.1490,0.39,236.1490,0.00,0
000667,名流置业,2009-03-31,1,5279.0000,3.92,-1441.0100,4.99,1
000707,双环科技,2009-03-31,2,229.5560,0.50,95.4460,0.29,1
000708,大冶特钢,2009-03-31,2,1199.9970,2.67,-241.3300,3.21,2
000717,*ST韶钢,2009-03-31,2,2105.7600,1.26,905.7600,0.72,1
000751,*ST锌业,2009-03-31,1,188.9370,0.17,-530.9120,0.65,3
000762,西藏矿业,2009-03-31,1,641.8490,2.33,135.1210,1.84,2
000767,漳泽电力,2009-03-31,1,251.2550,0.19,-93.9740,0.26,2
000768,中航飞机,2009-03-31,1,338.0000,0.30,338.0000,0.00,0
000786,北新建材,2009-03-31,1,229.9860,0.40,229.9860,0.00,0
000793,华闻传媒,2009-03-31,1,387.2700,0.28,-378.3200,0.56,2
000800,一汽轿车,2009-03-31,1,1003.1900,0.62,0.0000,0.62,1
000807,云铝股份,2009-03-31,1,467.9010,0.44,467.9010,0.00,0
000816,江淮动力,2009-03-31,1,599.9900,0.71,599.9900,0.00,0
000831,五矿稀土,2009-03-31,2,262.9320,0.40,-26.3980,0.44,2
000897,津滨发展,2009-03-31,2,3415.1080,2.11,3415.1080,0.00,0
000900,现代投资,2009-03-31,1,204.9940,0.51,204.9940,0.00,0
000911,南宁糖业,2009-03-31,1,399.9900,1.40,399.9900,0.00,0
000912,泸天化,2009-03-31,1,135.9440,0.23,135.9440,0.00,0
000916,华北高速,2009-03-31,1,78.7592,0.07,78.7592,0.00,0
000917,电广传媒,2009-03-31,1,855.4970,2.11,-534.9350,3.42,2
000927,一汽夏利,2009-03-31,1,500.0000,0.31,-500.0000,0.63,1
000930,中粮生化,2009-03-31,3,791.7430,0.82,-50.6720,0.87,3
000932,华菱钢铁,2009-03-31,1,1290.9700,0.47,1290.9700,0.00,0
000950,建峰化工,2009-03-31,1,202.4680,0.65,202.4680,0.00,0
000959,首钢股份,2009-03-31,2,601.9190,0.20,-45.7430,0.22,2
000962,东方钽业,2009-03-31,1,63.7518,0.18,-123.0493,0.52,3
000963,华东医药,2009-03-31,1,499.9690,1.15,39.9930,1.06,1
000969,安泰科技,2009-03-31,2,942.5010,2.14,285.8390,1.49,2
000973,佛塑科技,2009-03-31,2,1221.6130,1.99,1221.6130,0.00,0
000978,桂林旅游,2009-03-31,1,300.0000,1.69,80.0000,1.24,1
600004,白云机场,2009-03-31,1,600.0000,0.52,-314.9790,0.80,1
600251,冠农股份,2009-03-31,2,894.1610,3.71,354.3510,2.24,1
600020,中原高速,2009-03-31,1,382.8840,0.18,382.8840,0.00,0
600487,亨通光电,2009-03-31,1,273.3510,1.65,273.3510,0.00,0
600432,吉恩镍业,2009-03-31,1,99.9952,0.20,99.9952,0.00,0
600478,科力远,2009-03-31,1,229.9920,0.80,229.9920,0.00,0
600406,国电南瑞,2009-03-31,1,362.6920,1.42,-430.7380,3.11,2
000100,TCL集团,2009-03-31,1,764.5050,0.30,-25.4290,0.31,1
600470,六国化工,2009-03-31,3,384.5290,1.70,346.5290,0.17,1
600035,楚天高速,2009-03-31,1,745.1480,0.80,-1311.6540,2.21,2
600284,浦东建设,2009-03-31,1,331.9950,0.96,331.9950,0.00,0
600993,马应龙,2009-03-31,1,337.6180,3.67,-231.2880,6.18,3
600962,国投中鲁,2009-03-31,1,345.5300,1.71,16.1210,1.63,2
002004,华邦颖泰,2009-03-31,1,171.0660,1.30,171.0660,0.00,0
002010,传化股份,2009-03-31,1,282.7090,1.39,282.7090,0.00,0
002018,华星化工,2009-03-31,1,182.2200,1.12,182.2200,0.00,0
600482,风帆股份,2009-03-31,1,357.2960,0.78,357.2960,0.00,0
002024,苏宁云商,2009-03-31,1,2702.8100,0.90,2702.8100,0.00,0
600973,宝胜股份,2009-03-31,1,162.2260,1.04,162.2260,0.00,0
002029,七匹狼,2009-03-31,1,450.0000,1.59,-150.0420,2.12,1
002032,苏泊尔,2009-03-31,1,180.2710,0.41,0.0000,0.41,1
002038,双鹭药业,2009-03-31,1,714.8220,2.88,-2.4190,2.89,1
002039,黔源电力,2009-03-31,1,296.1080,2.11,0.0000,2.11,1
002045,国光电器,2009-03-31,1,250.3200,1.22,250.3200,0.00,0
601588,北辰实业,2009-03-31,1,414.0420,0.12,-2.9980,0.12,1
002106,莱宝高科,2009-03-31,2,470.0000,1.42,470.0000,0.00,0
601333,广深铁路,2009-03-31,1,2047.8000,0.29,2047.8000,0.00,0
002267,陕天然气,2009-03-31,2,290.5850,0.57,100.0000,0.38,1
002063,远光软件,2009-03-31,1,160.0000,1.46,-35.9150,1.78,1
002056,横店东磁,2009-03-31,1,800.0000,1.95,-200.0000,2.43,1
002116,中国海诚,2009-03-31,1,120.0000,1.05,-9.9950,1.14,1
002142,宁波银行,2009-03-31,1,1428.1500,0.57,478.1520,0.38,1
002146,荣盛发展,2009-03-31,2,1278.7510,1.60,1029.3410,0.31,1
002068,黑猫股份,2009-03-31,2,168.0000,1.05,-211.1460,2.37,2
601918,国投新集,2009-03-31,1,320.0000,0.17,320.0000,0.00,0
002081,金螳螂,2009-03-31,1,206.3040,1.46,0.0000,1.46,1
601002,晋亿实业,2009-03-31,1,299.9870,0.41,299.9870,0.00,0
002216,三全食品,2009-03-31,1,160.1200,1.71,-9.8800,1.82,1
601958,金钼股份,2009-03-31,1,200.0000,0.07,200.0000,0.00,0
002148,北纬通信,2009-03-31,2,169.9880,2.25,169.9880,0.00,0
002152,广电运通,2009-03-31,1,259.8850,0.91,259.8850,0.00,0
002254,泰和新材,2009-03-31,2,150.7630,1.20,20.7100,1.04,1
002164,东力传动,2009-03-31,1,99.9977,0.56,0.0000,0.56,1
002192,路翔股份,2009-03-31,2,277.0360,4.56,277.0360,0.00,0
002194,武汉凡谷,2009-03-31,2,652.7070,1.53,214.5820,1.02,2
002215,诺普信,2009-03-31,1,99.9875,0.64,-35.0125,0.87,1
002218,拓日新能,2009-03-31,1,129.9850,0.68,0.0000,0.68,1
002219,独一味,2009-03-31,2,237.7649,2.55,0.0000,2.55,2
601186,中国铁建,2009-03-31,1,2749.9900,0.22,2749.9900,0.00,0
002244,滨江集团,2009-03-31,3,1082.1270,1.04,1082.1270,0.00,0
002238,天威视讯,2009-03-31,3,920.3650,3.45,-91.9010,3.79,3
002241,歌尔声学,2009-03-31,1,95.0000,0.79,-79.2970,1.45,1
002251,步步高,2009-03-31,2,97.0608,0.72,97.0608,0.00,0
002258,利尔化学,2009-03-31,2,586.2500,4.34,191.4889,2.93,2
002269,美邦服饰,2009-03-31,1,150.0000,0.22,-20.0000,0.25,1
