600006,东风汽车,2009-12-31,1,1335.1300,0.67,1335.1300,0.00,0
600050,中国联通,2009-12-31,1,6949.6200,0.33,-250.3100,0.34,1
600066,宇通客车,2009-12-31,1,700.0000,1.35,700.0000,0.00,0
600067,冠城大通,2009-12-31,1,1260.6300,2.06,180.6400,1.76,1
600090,啤酒花,2009-12-31,2,1764.7900,4.80,1454.7900,0.84,1
600096,云天化,2009-12-31,1,349.9820,0.59,0.0000,0.59,1
600097,开创国际,2009-12-31,1,159.7720,0.79,-140.2150,1.48,1
600104,上汽集团,2009-12-31,2,5409.6000,0.83,409.8300,0.76,2
600117,西宁特钢,2009-12-31,2,1815.3010,2.45,794.7410,1.38,1
600125,铁龙物流,2009-12-31,1,699.9960,0.70,699.9960,0.00,0
600129,太极集团,2009-12-31,1,199.9970,0.61,199.9970,0.00,0
600150,中国船舶,2009-12-31,1,66.0377,0.10,66.0377,0.00,0
600152,维科精华,2009-12-31,1,559.5080,1.91,474.9075,0.29,1
600160,巨化股份,2009-12-31,1,92.3499,0.17,92.3499,0.00,0
600169,太原重工,2009-12-31,1,800.0000,1.12,800.0000,0.00,0
600170,上海建工,2009-12-31,1,103.6580,0.14,103.6580,0.00,0
600197,伊力特,2009-12-31,2,1354.8320,3.07,138.2600,2.76,2
600198,大唐电信,2009-12-31,2,1055.1880,2.40,1055.1880,0.00,0
600227,赤天化,2009-12-31,1,76.8178,0.21,76.8178,0.00,0
600236,桂冠电力,2009-12-31,1,1200.0000,0.81,-1600.0000,1.89,1
600266,北京城建,2009-12-31,1,880.0000,1.19,0.0000,1.19,1
600277,亿利能源,2009-12-31,1,151.0920,0.25,0.0000,0.25,1
600280,中央商场,2009-12-31,1,430.8330,3.00,0.0000,3.00,1
600327,大东方,2009-12-31,1,421.0560,1.29,-58.9270,1.47,1
600328,兰太实业,2009-12-31,1,274.9820,0.77,274.9820,0.00,0
600331,宏达股份,2009-12-31,2,1862.8310,1.81,767.7210,1.06,1
600350,山东高速,2009-12-31,2,953.5630,0.28,526.5630,0.13,1
600378,天科股份,2009-12-31,1,100.0000,0.41,100.0000,0.00,0
600380,健康元,2009-12-31,1,999.9990,0.91,999.9990,0.00,0
600382,广东明珠,2009-12-31,2,1694.5120,4.96,0.0000,4.96,2
600396,金山股份,2009-12-31,1,71.2833,0.21,4.9774,0.19,1
600397,安源煤业,2009-12-31,1,780.7750,2.90,780.7750,0.00,0
600415,小商品城,2009-12-31,1,900.5290,1.32,0.0000,1.32,1
600426,华鲁恒升,2009-12-31,1,999.9830,2.02,999.9830,0.00,0
600428,中远航运,2009-12-31,1,646.1480,0.49,646.1480,0.00,0
600456,宝钛股份,2009-12-31,1,309.9700,0.72,0.0000,0.72,1
600458,时代新材,2009-12-31,2,1144.5590,5.60,1144.5590,0.00,0
600549,厦门钨业,2009-12-31,1,1023.9600,1.50,200.0030,1.21,1
600557,康缘药业,2009-12-31,1,664.3310,2.08,-97.8570,2.38,1
600559,老白干酒,2009-12-31,2,798.9820,5.71,149.9900,4.64,2
600565,迪马股份,2009-12-31,1,199.7600,0.28,199.7600,0.00,0
600582,天地科技,2009-12-31,1,1063.1100,1.58,1063.1100,0.00,0
600596,新安股份,2009-12-31,1,617.8230,2.00,0.0000,2.00,1
600600,青岛啤酒,2009-12-31,2,2146.5900,1.59,0.0000,1.64,2
600636,三爱富,2009-12-31,1,97.3411,0.28,97.3411,0.00,0
600639,浦东金桥,2009-12-31,1,404.7470,0.48,404.7470,0.00,0
600642,申能股份,2009-12-31,1,800.0000,0.28,800.0000,0.00,0
600644,乐山电力,2009-12-31,1,58.7106,0.18,58.7106,0.00,0
600666,西南药业,2009-12-31,1,154.6810,0.80,154.6810,0.00,0
600674,川投能源,2009-12-31,1,250.4120,0.27,250.4120,0.00,0
600675,中华企业,2009-12-31,1,369.9880,0.34,-528.2070,0.83,1
600682,南京新百,2009-12-31,1,261.2600,0.73,261.2600,0.00,0
600686,金龙汽车,2009-12-31,1,918.0620,2.07,289.3330,1.42,1
600694,大商股份,2009-12-31,2,1684.9180,5.74,3.1500,5.73,2
600707,*ST彩虹,2009-12-31,1,400.0000,0.95,400.0000,0.00,0
600713,南京医药,2009-12-31,1,610.6210,2.03,610.6210,0.00,0
600717,天津港,2009-12-31,1,1600.0000,0.96,0.0000,0.96,1
600718,东软集团,2009-12-31,1,833.7000,0.88,0.0000,0.88,1
600729,重庆百货,2009-12-31,2,1011.9840,4.96,1011.9840,0.00,0
600741,华域汽车,2009-12-31,1,1845.5300,0.71,0.0000,0.71,1
600742,一汽富维,2009-12-31,2,1013.7070,4.79,1013.7070,0.00,0
600750,江中药业,2009-12-31,1,527.1380,1.78,10.2730,1.75,1
000012,南玻A,2009-12-31,1,980.0000,0.80,980.0000,0.00,0
000022,深赤湾A,2009-12-31,1,850.3720,1.32,0.0000,1.32,1
000027,深圳能源,2009-12-31,1,300.0000,0.14,-250.0000,0.25,1
000031,中粮地产,2009-12-31,1,234.3610,0.13,234.3610,0.00,0
000043,中航地产,2009-12-31,1,309.1660,1.39,-142.9800,2.03,1
000088,盐田港,2009-12-31,1,249.9920,0.20,0.0000,0.20,1
000089,深圳机场,2009-12-31,1,500.0000,0.30,-2110.0000,1.54,2
000400,许继电气,2009-12-31,1,399.9880,1.06,399.9880,0.00,0
000402,金融街,2009-12-31,1,1833.8200,0.74,1833.8200,0.00,0
000425,徐工机械,2009-12-31,1,420.0000,0.48,-380.0000,0.92,1
600765,中航重机,2009-12-31,1,150.0000,0.29,-30.0000,0.35,1
600782,新钢股份,2009-12-31,1,1100.0000,0.79,1100.0000,0.00,0
600801,华新水泥,2009-12-31,1,250.0000,0.62,-50.0000,0.74,1
600809,山西汾酒,2009-12-31,1,481.0070,1.11,481.0070,0.00,0
600810,神马股份,2009-12-31,1,796.2070,1.80,-1.2100,1.80,1
600829,三精制药,2009-12-31,1,496.2010,1.28,496.2010,0.00,0
600859,王府井,2009-12-31,1,400.0000,1.02,0.0000,1.02,1
600865,百大集团,2009-12-31,1,679.0060,1.80,-500.0000,3.13,2
600866,星湖科技,2009-12-31,2,1289.1880,2.47,1289.1880,0.00,0
600872,中炬高新,2009-12-31,1,630.0130,0.87,19.9930,0.84,1
600873,梅花集团,2009-12-31,1,89.9950,0.83,89.9950,0.00,0
600881,亚泰集团,2009-12-31,1,1507.3700,0.80,1507.3700,0.00,0
600886,国投电力,2009-12-31,3,5038.5200,2.53,396.6400,4.40,3
000501,鄂武商A,2009-12-31,1,1020.1600,2.01,-93.7100,2.20,1
000513,丽珠集团,2009-12-31,1,379.8650,1.28,-12.1990,1.28,1
000560,昆百大A,2009-12-31,1,399.9770,2.98,0.0000,2.98,1
000562,宏源证券,2009-12-31,1,533.6100,0.37,533.6100,0.00,0
000581,威孚高科,2009-12-31,1,679.9700,1.20,679.9700,0.00,0
000584,友利控股,2009-12-31,1,688.2500,1.68,688.2500,0.00,0
000589,黔轮胎A,2009-12-31,1,85.7337,0.34,85.7337,0.00,0
000598,兴蓉投资,2009-12-31,1,1141.8300,3.78,0.0000,3.78,1
000599,青岛双星,2009-12-31,1,163.4160,0.31,163.4160,0.00,0
000600,建投能源,2009-12-31,1,1430.0000,1.57,0.0000,1.57,1
000612,焦作万方,2009-12-31,1,1241.3700,2.59,350.5190,1.86,1
000635,英力特,2009-12-31,1,278.0310,1.57,278.0310,0.00,0
000661,长春高新,2009-12-31,1,174.9880,1.33,174.9880,0.00,0
000667,名流置业,2009-12-31,1,3950.8700,2.93,0.0000,2.93,1
000686,东北证券,2009-12-31,1,255.5050,0.40,255.5050,0.00,0
000708,大冶特钢,2009-12-31,1,482.8150,1.07,-67.1540,1.22,1
000710,天兴仪表,2009-12-31,1,124.2340,0.82,124.2340,0.00,0
000715,中兴商业,2009-12-31,1,602.4430,2.16,602.4430,0.00,0
000731,四川美丰,2009-12-31,1,156.6190,0.31,156.6190,0.00,0
000758,中色股份,2009-12-31,1,572.2020,0.90,-154.2130,1.14,1
000762,西藏矿业,2009-12-31,2,598.5700,2.17,-447.1050,3.79,2
000768,中航飞机,2009-12-31,1,400.0000,0.16,-30.0000,0.17,1
000777,中核科技,2009-12-31,3,751.6959,3.73,751.6959,0.00,0
000797,中国武夷,2009-12-31,1,109.0200,0.28,109.0200,0.00,0
000799,酒鬼酒,2009-12-31,1,394.8360,1.30,394.8360,0.00,0
000800,一汽轿车,2009-12-31,1,1763.4100,1.08,569.2900,0.73,1
000821,京山轻机,2009-12-31,1,199.9960,0.58,-449.9850,1.88,1
000829,天音控股,2009-12-31,1,1484.0700,1.57,1484.0700,0.00,0
000831,五矿稀土,2009-12-31,2,178.8732,0.27,-38.8436,0.33,2
000837,秦川发展,2009-12-31,2,531.6430,1.52,531.6430,0.00,0
000862,银星能源,2009-12-31,1,723.0920,3.07,141.1930,2.47,1
000877,天山股份,2009-12-31,1,430.8660,1.38,430.8660,0.00,0
000887,中鼎股份,2009-12-31,1,430.9830,1.01,190.9830,0.56,1
000897,津滨发展,2009-12-31,1,999.9940,0.62,-2477.7160,2.15,2
000898,*ST鞍钢,2009-12-31,1,2388.9900,0.33,588.9900,0.25,1
000911,南宁糖业,2009-12-31,1,150.0000,0.52,0.0000,0.52,1
000917,电广传媒,2009-12-31,3,2185.3730,5.38,479.6420,4.20,2
000928,中钢吉炭,2009-12-31,1,62.7873,0.22,62.7873,0.00,0
000930,中粮生化,2009-12-31,3,558.7370,0.58,-133.5050,0.72,3
000932,华菱钢铁,2009-12-31,1,2399.9900,0.88,399.9900,0.73,1
000949,新乡化纤,2009-12-31,1,827.1520,1.41,127.1520,1.19,1
000959,首钢股份,2009-12-31,1,1819.0500,0.61,1819.0500,0.00,0
000962,东方钽业,2009-12-31,1,59.6198,0.17,0.0000,0.17,1
000963,华东医药,2009-12-31,1,500.0100,1.15,0.0410,1.15,1
000969,安泰科技,2009-12-31,2,831.6700,1.88,-402.8830,2.80,2
000978,桂林旅游,2009-12-31,1,399.9850,2.26,0.0000,2.26,1
600004,白云机场,2009-12-31,2,1074.9070,0.93,674.9470,0.35,1
600392,盛和资源,2009-12-31,2,373.3370,2.38,373.3370,0.00,0
600251,冠农股份,2009-12-31,1,704.7210,1.95,43.7500,1.83,1
600439,瑞贝卡,2009-12-31,1,757.5500,1.23,-600.0000,2.20,1
600425,青松建化,2009-12-31,1,646.9600,1.75,646.9600,0.00,0
600429,三元股份,2009-12-31,1,163.2080,0.18,163.2080,0.00,0
600478,科力远,2009-12-31,1,352.5080,1.23,-150.6950,1.76,2
600406,国电南瑞,2009-12-31,1,285.7840,1.12,-77.8450,1.43,1
600470,六国化工,2009-12-31,1,75.0000,0.33,75.0000,0.00,0
600467,好当家,2009-12-31,1,585.1200,0.92,585.1200,0.00,0
600993,马应龙,2009-12-31,2,819.7530,4.94,212.0410,3.67,1
600995,文山电力,2009-12-31,1,489.0060,1.02,-62.9940,1.15,1
600420,现代制药,2009-12-31,1,400.0000,1.39,-200.0000,2.09,1
002004,华邦颖泰,2009-12-31,2,654.1970,4.96,444.1970,1.59,1
600482,风帆股份,2009-12-31,2,505.0570,1.10,505.0570,0.00,0
002024,苏宁云商,2009-12-31,1,3400.0000,0.73,3400.0000,0.00,0
600973,宝胜股份,2009-12-31,1,70.5512,0.45,-53.9378,0.80,1
600971,恒源煤电,2009-12-31,3,645.3330,1.64,645.3330,0.00,0
002032,苏泊尔,2009-12-31,1,297.1200,0.67,0.0000,0.67,1
600978,宜华木业,2009-12-31,1,1070.1500,1.07,1070.1500,0.00,0
002038,双鹭药业,2009-12-31,2,1003.9460,3.99,-42.4670,4.20,2
002048,宁波华翔,2009-12-31,1,299.9910,0.61,299.9910,0.00,0
601991,大唐发电,2009-12-31,1,779.8850,0.07,0.0000,0.07,1
601005,重庆钢铁,2009-12-31,1,105.0800,0.06,105.0800,0.00,0
002106,莱宝高科,2009-12-31,1,700.0000,2.12,300.0000,1.21,1
002205,国统股份,2009-12-31,1,180.0000,1.80,80.0184,1.00,1
002056,横店东磁,2009-12-31,1,700.0000,1.70,0.0000,1.70,1
000338,潍柴动力,2009-12-31,1,599.9920,0.72,-30.0080,0.76,1
002054,德美化工,2009-12-31,1,110.0000,0.50,-89.9970,0.91,1
002146,荣盛发展,2009-12-31,2,777.2060,0.87,-497.9280,1.42,2
002057,中钢天源,2009-12-31,1,51.2768,0.61,0.0000,0.61,1
601006,大秦铁路,2009-12-31,1,4683.4800,0.36,4683.4800,0.00,0
002091,江苏国泰,2009-12-31,1,260.0000,1.08,-27.0450,1.20,1
002208,合肥城建,2009-12-31,1,79.2091,0.49,79.2091,0.00,0
601666,平煤股份,2009-12-31,1,642.2020,0.46,-148.0060,0.57,1
002068,黑猫股份,2009-12-31,2,914.8270,4.76,23.7700,4.64,2
601918,国投新集,2009-12-31,2,1260.8580,0.68,710.8620,0.30,1
002081,金螳螂,2009-12-31,1,265.5970,1.25,0.0000,1.26,1
002092,中泰化学,2009-12-31,1,845.8800,1.58,845.8800,0.00,0
002114,罗平锌电,2009-12-31,1,379.9730,2.07,379.9730,0.00,0
002207,准油股份,2009-12-31,1,109.4100,1.10,109.4100,0.00,0
002211,宏达新材,2009-12-31,1,119.9960,0.50,119.9960,0.00,0
002216,三全食品,2009-12-31,1,319.9920,1.71,19.9920,1.60,1
002148,北纬通信,2009-12-31,2,287.2550,3.80,-16.4400,4.02,2
002152,广电运通,2009-12-31,1,330.9230,0.97,0.0000,0.97,1
002157,正邦科技,2009-12-31,1,488.1920,2.16,488.1920,0.00,0
002254,泰和新材,2009-12-31,2,665.6040,4.08,394.4288,0.21,2
002304,洋河股份,2009-12-31,1,101.5400,0.23,101.5400,0.00,0
002194,武汉凡谷,2009-12-31,2,599.9120,1.08,-123.6130,1.30,2
601186,中国铁建,2009-12-31,1,4549.9900,0.37,300.0000,0.34,1
002225,濮耐股份,2009-12-31,1,50.0000,0.10,-124.9850,0.34,1
002235,安妮股份,2009-12-31,1,22.0103,0.15,22.0103,0.00,0
002238,天威视讯,2009-12-31,2,860.0000,3.22,-26.2340,3.32,2
002269,美邦服饰,2009-12-31,1,240.2300,0.24,0.0000,0.24,1
002283,天润曲轴,2009-12-31,1,119.9950,0.50,29.9906,0.38,1
002293,罗莱家纺,2009-12-31,1,33.2229,0.24,-16.7771,0.36,1
601299,中国北车,2009-12-31,1,2699.9900,0.33,2699.9900,0.00,0
601888,中国国旅,2009-12-31,1,354.7450,0.40,354.7450,0.00,0
002325,洪涛股份,2009-12-31,1,37.0462,0.31,37.0462,0.00,0
002330,得利斯,2009-12-31,7,74.9063,0.30,74.9063,0.00,0
