600007,中国国贸,2009-09-30,1,219.5270,0.22,-100.0000,0.32,1
600050,中国联通,2009-09-30,1,7199.9300,0.34,7199.9300,0.00,0
600067,冠城大通,2009-09-30,1,1079.9900,1.76,80.0120,1.63,1
600090,啤酒花,2009-09-30,1,310.0000,0.84,-1528.0440,5.00,2
600096,云天化,2009-09-30,1,349.9820,0.59,349.9820,0.00,0
600097,开创国际,2009-09-30,1,299.9870,1.48,299.9870,0.00,0
600098,广州发展,2009-09-30,1,780.1670,0.38,780.1670,0.00,0
600104,上汽集团,2009-09-30,2,4999.7700,0.76,1699.7700,0.50,1
600117,西宁特钢,2009-09-30,1,1020.5600,1.38,1020.5600,0.00,0
600152,维科精华,2009-09-30,1,84.6005,0.29,84.6005,0.00,0
600197,伊力特,2009-09-30,2,1216.5720,2.76,58.2350,2.63,2
600202,哈空调,2009-09-30,1,1245.7300,3.25,1245.7300,0.00,0
600208,新湖中宝,2009-09-30,1,1799.9600,0.53,300.0000,0.53,1
600219,南山铝业,2009-09-30,4,6036.7720,3.66,6036.7720,0.00,0
600226,升华拜克,2009-09-30,1,82.9000,0.31,82.9000,0.00,0
600236,桂冠电力,2009-09-30,1,2800.0000,1.89,-172.1400,2.01,1
600246,万通地产,2009-09-30,1,309.6190,0.31,-210.6270,0.51,1
600261,阳光照明,2009-09-30,1,240.0000,0.96,-277.3200,2.07,2
600266,北京城建,2009-09-30,1,880.0000,1.19,880.0000,0.00,0
600277,亿利能源,2009-09-30,1,151.0920,0.25,151.0920,0.00,0
600280,中央商场,2009-09-30,1,430.8330,3.00,-3.6000,3.03,1
600293,三峡新材,2009-09-30,1,203.9800,0.59,203.9800,0.00,0
600307,酒钢宏兴,2009-09-30,1,399.9910,0.46,399.9910,0.00,0
600323,南海发展,2009-09-30,1,101.9960,0.38,-324.0040,1.57,1
600327,大东方,2009-09-30,1,479.9830,1.47,479.9830,0.00,0
600331,宏达股份,2009-09-30,1,1095.1100,1.06,1095.1100,0.00,0
600350,山东高速,2009-09-30,1,427.0000,0.13,-3664.9000,1.22,3
600382,广东明珠,2009-09-30,2,1694.5120,4.96,579.9950,3.26,2
600396,金山股份,2009-09-30,1,66.3059,0.19,66.3059,0.00,0
600415,小商品城,2009-09-30,1,900.5290,1.32,-159.4110,1.56,1
600456,宝钛股份,2009-09-30,1,309.9700,0.72,109.9940,0.47,1
600549,厦门钨业,2009-09-30,1,823.9570,1.21,39.9990,1.15,1
600550,天威保变,2009-09-30,1,634.0940,0.54,634.0940,0.00,0
600557,康缘药业,2009-09-30,1,762.1880,2.38,762.1880,0.00,0
600558,大西洋,2009-09-30,2,299.9650,2.50,299.9650,0.00,0
600559,老白干酒,2009-09-30,2,648.9920,4.64,111.0260,3.84,1
600581,八一钢铁,2009-09-30,1,649.1420,0.85,-100.0000,0.98,1
600596,新安股份,2009-09-30,1,617.8230,2.00,0.0000,2.15,1
600598,北大荒,2009-09-30,1,900.0580,0.52,900.0580,0.00,0
600600,青岛啤酒,2009-09-30,2,2146.5900,1.64,0.0000,1.64,2
600601,方正科技,2009-09-30,1,254.3590,0.15,0.0000,0.15,1
600616,金枫酒业,2009-09-30,1,469.9720,1.29,469.9720,0.00,0
600675,中华企业,2009-09-30,1,898.1950,0.83,-81.7930,0.90,1
600685,广船国际,2009-09-30,1,286.9920,0.58,286.9920,0.00,0
600686,金龙汽车,2009-09-30,1,628.7290,1.42,48.2370,1.31,1
600694,大商股份,2009-09-30,2,1681.7680,5.73,947.3610,2.50,1
600717,天津港,2009-09-30,1,1600.0000,0.96,0.0000,0.96,1
600718,东软集团,2009-09-30,1,833.7000,0.88,319.6940,0.54,1
600723,首商股份,2009-09-30,1,214.9980,0.52,-84.9920,0.73,1
600741,华域汽车,2009-09-30,1,1845.5300,0.71,1845.5300,0.00,0
600750,江中药业,2009-09-30,1,516.8650,1.75,41.2050,1.61,1
600895,张江高科,2009-09-30,1,1101.1900,0.71,-200.0000,0.84,1
000022,深赤湾A,2009-09-30,1,850.3720,1.32,0.0000,1.32,1
000027,深圳能源,2009-09-30,1,550.0000,0.25,550.0000,0.00,0
000043,中航地产,2009-09-30,1,452.1460,2.03,452.1460,0.00,0
000088,盐田港,2009-09-30,1,249.9920,0.20,0.0000,0.20,1
000089,深圳机场,2009-09-30,2,2610.0000,1.54,258.0600,1.39,1
000301,东方市场,2009-09-30,1,999.9760,0.82,999.9760,0.00,0
000407,胜利股份,2009-09-30,1,717.8620,1.44,717.8620,0.00,0
000418,小天鹅A,2009-09-30,1,830.7260,1.52,51.8440,1.42,1
000425,徐工机械,2009-09-30,1,800.0000,0.92,-9.9760,1.49,1
600754,锦江股份,2009-09-30,1,399.9770,0.66,399.9770,0.00,0
600765,中航重机,2009-09-30,1,180.0000,0.35,-147.5510,0.63,2
600801,华新水泥,2009-09-30,1,300.0000,0.74,0.0000,0.74,1
600806,昆明机床,2009-09-30,1,129.9990,0.31,129.9990,0.00,0
600808,马钢股份,2009-09-30,1,1800.0000,0.23,1800.0000,0.00,0
600810,神马股份,2009-09-30,1,797.4170,1.80,797.4170,0.00,0
600859,王府井,2009-09-30,1,400.0000,1.02,-15.0020,1.06,1
600865,百大集团,2009-09-30,2,1179.0060,3.13,1179.0060,0.00,0
600872,中炬高新,2009-09-30,1,610.0200,0.84,610.0200,0.00,0
600886,国投电力,2009-09-30,3,4641.8800,4.40,1365.8890,3.11,3
600887,伊利股份,2009-09-30,1,1323.5600,1.66,0.0000,1.66,1
000501,鄂武商A,2009-09-30,1,1113.8700,2.20,204.1020,1.79,1
000503,海虹控股,2009-09-30,1,145.2240,0.19,145.2240,0.00,0
000511,银基发展,2009-09-30,2,404.5990,0.35,23.5800,0.33,2
000513,丽珠集团,2009-09-30,1,392.0640,1.28,-188.0560,1.90,1
000539,粤电力A,2009-09-30,1,2100.4200,0.79,0.0000,0.79,1
000540,中天城投,2009-09-30,1,200.0000,0.35,0.0000,0.35,1
000560,昆百大A,2009-09-30,1,399.9770,2.98,399.9770,0.00,0
000598,兴蓉投资,2009-09-30,1,1141.8300,3.78,-206.0100,4.46,2
000600,建投能源,2009-09-30,1,1430.0000,1.57,0.0000,1.57,1
000612,焦作万方,2009-09-30,1,890.8510,1.86,890.8510,0.00,0
000630,铜陵有色,2009-09-30,1,210.0000,0.16,-189.9800,0.31,1
000636,风华高科,2009-09-30,1,163.0620,0.24,163.0620,0.00,0
000667,名流置业,2009-09-30,1,3950.8700,2.93,0.0000,2.93,1
000679,大连友谊,2009-09-30,1,299.9500,1.26,299.9500,0.00,0
000708,大冶特钢,2009-09-30,1,549.9690,1.22,549.9690,0.00,0
000726,鲁泰A,2009-09-30,1,808.1030,0.81,808.1030,0.00,0
000751,*ST锌业,2009-09-30,1,188.9370,0.17,0.0000,0.17,1
000758,中色股份,2009-09-30,1,726.4150,1.14,-350.0050,1.69,1
000762,西藏矿业,2009-09-30,2,1045.6750,3.79,13.1030,3.75,2
000767,漳泽电力,2009-09-30,1,145.6020,0.11,0.0000,0.11,1
000768,中航飞机,2009-09-30,1,430.0000,0.17,-200.0000,0.25,1
000800,一汽轿车,2009-09-30,1,1194.1200,0.73,190.9300,0.62,1
000821,京山轻机,2009-09-30,1,649.9810,1.88,649.9810,0.00,0
000822,山东海化,2009-09-30,1,388.9400,0.43,388.9400,0.00,0
000831,五矿稀土,2009-09-30,2,217.7168,0.33,93.3708,0.19,1
000862,银星能源,2009-09-30,1,581.8990,2.47,581.8990,0.00,0
000887,中鼎股份,2009-09-30,1,240.0000,0.56,-11.8910,0.59,1
000897,津滨发展,2009-09-30,2,3477.7100,2.15,298.8120,1.97,2
000898,*ST鞍钢,2009-09-30,1,1800.0000,0.25,-1947.4100,0.52,2
000899,赣能股份,2009-09-30,2,556.5060,1.02,556.5060,0.00,0
000900,现代投资,2009-09-30,1,204.9940,0.51,0.0000,0.51,1
000910,大亚科技,2009-09-30,1,324.9950,0.62,-532.3940,1.63,1
000911,南宁糖业,2009-09-30,1,150.0000,0.52,150.0000,0.00,0
000916,华北高速,2009-09-30,1,78.7592,0.07,0.0000,0.07,1
000917,电广传媒,2009-09-30,2,1705.7310,4.20,-582.3710,5.63,3
000930,中粮生化,2009-09-30,3,692.2420,0.72,13.9190,0.70,3
000932,华菱钢铁,2009-09-30,1,2000.0000,0.73,200.0200,0.66,1
000949,新乡化纤,2009-09-30,1,700.0000,1.19,-655.2730,2.30,2
000962,东方钽业,2009-09-30,1,59.6198,0.17,-50.7332,0.31,2
000963,华东医药,2009-09-30,1,499.9690,1.15,0.0000,1.15,1
000969,安泰科技,2009-09-30,2,1234.5530,2.80,422.0920,1.84,2
000978,桂林旅游,2009-09-30,1,399.9850,2.26,0.0000,2.26,1
000989,九芝堂,2009-09-30,1,139.9910,0.47,139.9910,0.00,0
600004,白云机场,2009-09-30,1,399.9600,0.35,399.9600,0.00,0
600251,冠农股份,2009-09-30,1,660.9710,1.83,-142.3890,2.22,1
600439,瑞贝卡,2009-09-30,1,1357.5500,2.20,457.3410,1.46,1
600478,科力远,2009-09-30,2,503.2030,1.76,503.2030,0.00,0
600406,国电南瑞,2009-09-30,1,363.6290,1.43,363.6290,0.00,0
600960,渤海活塞,2009-09-30,1,224.9880,1.38,224.9880,0.00,0
600993,马应龙,2009-09-30,1,607.7120,3.67,-50.6336,3.97,2
600995,文山电力,2009-09-30,1,552.0000,1.15,-446.1370,2.09,2
600420,现代制药,2009-09-30,1,600.0000,2.09,126.0990,1.65,1
002004,华邦颖泰,2009-09-30,1,210.0000,1.59,-12.7040,1.69,1
002011,盾安环境,2009-09-30,1,121.0490,0.33,121.0490,0.00,0
600973,宝胜股份,2009-09-30,1,124.4890,0.80,124.4890,0.00,0
002031,巨轮股份,2009-09-30,1,160.9540,0.61,160.9540,0.00,0
002032,苏泊尔,2009-09-30,1,297.1200,0.67,84.7500,0.48,1
002038,双鹭药业,2009-09-30,2,1046.4130,4.20,328.7910,2.89,1
002045,国光电器,2009-09-30,1,299.9660,1.20,299.9660,0.00,0
601588,北辰实业,2009-09-30,2,654.2760,0.19,654.2760,0.00,0
601991,大唐发电,2009-09-30,1,779.8850,0.07,0.0000,0.07,1
002110,三钢闽光,2009-09-30,1,282.0050,0.53,-399.9810,1.28,2
002106,莱宝高科,2009-09-30,1,400.0000,1.21,-199.9290,1.82,1
002205,国统股份,2009-09-30,1,99.9816,1.00,99.9816,0.00,0
002056,横店东磁,2009-09-30,1,700.0000,1.70,-100.0000,1.95,1
000338,潍柴动力,2009-09-30,1,630.0000,0.76,70.0200,0.67,1
601001,大同煤业,2009-09-30,1,420.0000,0.50,420.0000,0.00,0
002054,德美化工,2009-09-30,1,199.9970,0.91,40.2090,1.19,1
002146,荣盛发展,2009-09-30,2,1275.1340,1.42,-4.7620,1.60,2
002057,中钢天源,2009-09-30,1,51.2768,0.61,51.2768,0.00,0
002091,江苏国泰,2009-09-30,1,287.0450,1.20,287.0450,0.00,0
002070,众和股份,2009-09-30,1,50.0000,0.22,-50.0000,0.44,1
601666,平煤股份,2009-09-30,1,790.2080,0.57,790.2080,0.00,0
002068,黑猫股份,2009-09-30,2,891.0570,4.64,128.1200,3.97,2
601918,国投新集,2009-09-30,1,549.9960,0.30,-1395.8740,1.05,2
002081,金螳螂,2009-09-30,1,265.5970,1.26,0.0000,1.26,1
002250,联化科技,2009-09-30,1,59.9934,0.46,59.9934,0.00,0
002216,三全食品,2009-09-30,1,300.0000,1.60,0.0000,1.60,1
002126,银轮股份,2009-09-30,1,115.0000,1.15,115.0000,0.00,0
002131,利欧股份,2009-09-30,1,219.9740,1.46,109.9890,0.73,1
002290,禾盛新材,2009-09-30,1,44.9850,0.54,44.9850,0.00,0
002148,北纬通信,2009-09-30,2,303.6950,4.02,148.4840,2.05,1
002152,广电运通,2009-09-30,1,330.9230,0.97,330.9230,0.00,0
002254,泰和新材,2009-09-30,2,271.1752,0.21,120.4122,1.20,2
002164,东力传动,2009-09-30,1,139.9880,0.78,139.9880,0.00,0
002194,武汉凡谷,2009-09-30,2,723.5250,1.30,169.9770,1.00,2
002214,大立科技,2009-09-30,1,227.8750,2.28,227.8750,0.00,0
601186,中国铁建,2009-09-30,1,4249.9900,0.34,1200.0000,0.25,1
002225,濮耐股份,2009-09-30,1,174.9850,0.34,174.9850,0.00,0
002238,天威视讯,2009-09-30,2,886.2340,3.32,84.7630,3.00,2
601668,中国建筑,2009-09-30,1,3900.0000,0.13,3900.0000,0.00,0
002269,美邦服饰,2009-09-30,1,240.2300,0.24,-164.0400,0.40,2
002283,天润曲轴,2009-09-30,1,90.0044,0.38,90.0044,0.00,0
002278,神开股份,2009-09-30,1,14.2038,0.08,14.2038,0.00,0
002293,罗莱家纺,2009-09-30,1,50.0000,0.36,50.0000,0.00,0
