600006,东风汽车,2009-06-30,1,352.1100,0.18,352.1100,0.00,0
600007,中国国贸,2009-06-30,1,319.5270,0.32,-155.3380,0.47,2
600010,包钢股份,2009-06-30,2,7611.1900,1.18,4165.8600,0.54,1
600012,皖通高速,2009-06-30,1,250.0000,0.15,-350.0000,0.36,2
600028,中国石化,2009-06-30,1,5443.7000,0.06,382.0000,0.06,1
600060,海信电器,2009-06-30,1,399.9800,0.81,399.9800,0.00,0
600062,华润双鹤,2009-06-30,1,251.2210,0.53,251.2210,0.00,0
600067,冠城大通,2009-06-30,1,999.9780,1.63,-4.2020,1.64,1
600090,啤酒花,2009-06-30,2,1838.0440,5.00,1838.0440,0.00,0
600104,上汽集团,2009-06-30,1,3300.0000,0.50,-246.5700,0.54,1
600109,国金证券,2009-06-30,1,150.8690,0.15,150.8690,0.00,0
600118,中国卫星,2009-06-30,2,569.8960,1.62,114.0790,1.55,1
600141,兴发集团,2009-06-30,1,487.8560,1.61,-77.6320,2.24,1
600150,中国船舶,2009-06-30,1,134.4920,0.20,134.4920,0.00,0
600197,伊力特,2009-06-30,2,1158.3370,2.63,0.0000,2.63,2
600208,新湖中宝,2009-06-30,1,1499.9600,0.53,1499.9600,0.00,0
600227,赤天化,2009-06-30,1,108.9040,0.30,108.9040,0.00,0
600231,凌钢股份,2009-06-30,2,1389.7680,1.73,1389.7680,0.00,0
600233,大杨创世,2009-06-30,1,150.0000,0.91,150.0000,0.00,0
600236,桂冠电力,2009-06-30,1,2972.1400,2.01,0.0000,2.01,1
600246,万通地产,2009-06-30,1,520.2460,0.51,520.2460,0.00,0
600256,广汇能源,2009-06-30,1,538.5940,0.57,538.5940,0.00,0
600261,阳光照明,2009-06-30,2,517.3200,2.07,37.3200,1.92,1
600268,国电南自,2009-06-30,1,120.0000,0.63,0.0000,0.63,1
600269,赣粤高速,2009-06-30,1,1400.0000,1.20,-1548.5600,2.53,2
600270,外运发展,2009-06-30,1,215.7760,0.24,215.7760,0.00,0
600280,中央商场,2009-06-30,1,434.4330,3.03,-181.0360,4.29,2
600308,华泰股份,2009-06-30,1,350.0000,0.64,350.0000,0.00,0
600323,南海发展,2009-06-30,1,426.0000,1.57,-399.9950,3.05,2
600350,山东高速,2009-06-30,3,4091.9000,1.22,-140.0000,1.26,3
600359,新农开发,2009-06-30,1,136.5930,0.43,12.5830,0.39,1
600360,华微电子,2009-06-30,1,194.7000,0.37,194.7000,0.00,0
600368,五洲交通,2009-06-30,2,1693.8240,3.05,1693.8240,0.00,0
600382,广东明珠,2009-06-30,2,1114.5170,3.26,1114.5170,0.00,0
600395,盘江股份,2009-06-30,2,1851.0930,1.68,-901.8570,4.63,2
600415,小商品城,2009-06-30,1,1059.9400,1.56,529.9690,1.56,1
600456,宝钛股份,2009-06-30,1,199.9760,0.47,199.9760,0.00,0
600498,烽火通信,2009-06-30,1,555.1140,1.35,135.1140,1.02,1
600549,厦门钨业,2009-06-30,1,783.9580,1.15,483.9660,0.44,1
600551,时代出版,2009-06-30,1,484.1370,1.24,97.3070,1.98,1
600559,老白干酒,2009-06-30,1,537.9660,3.84,537.9660,0.00,0
600563,法拉电子,2009-06-30,1,150.0000,0.67,150.0000,0.00,0
600578,京能电力,2009-06-30,2,235.1157,0.41,-164.8748,0.70,2
600581,八一钢铁,2009-06-30,1,749.1420,0.98,749.1420,0.00,0
600587,新华医疗,2009-06-30,1,108.2310,0.81,-31.7690,1.04,1
600590,泰豪科技,2009-06-30,1,499.9770,1.70,499.9770,0.00,0
600596,新安股份,2009-06-30,1,617.8230,2.15,617.8230,0.00,0
600600,青岛啤酒,2009-06-30,2,2146.5900,1.64,-123.4100,1.74,2
600601,方正科技,2009-06-30,1,254.3590,0.15,0.0000,0.15,1
600640,号百控股,2009-06-30,1,344.6040,0.86,344.6040,0.00,0
600641,万业企业,2009-06-30,2,387.2320,0.48,187.2330,0.45,1
600675,中华企业,2009-06-30,1,979.9880,0.90,-280.0020,1.16,1
600683,京投银泰,2009-06-30,3,1667.4790,3.38,300.7890,4.84,2
600686,金龙汽车,2009-06-30,1,580.4920,1.31,0.0000,1.31,1
600693,东百集团,2009-06-30,1,650.0000,1.89,150.0000,1.89,1
600694,大商股份,2009-06-30,1,734.4070,2.50,134.4070,2.04,1
600717,天津港,2009-06-30,1,1600.0000,0.96,-70.0000,1.00,1
600718,东软集团,2009-06-30,1,514.0060,0.54,-822.2240,1.42,1
600723,首商股份,2009-06-30,1,299.9900,0.73,299.9900,0.00,0
600737,中粮屯河,2009-06-30,1,1325.7400,1.32,535.0940,0.79,1
600750,江中药业,2009-06-30,1,475.6600,1.61,33.7490,1.49,1
600895,张江高科,2009-06-30,1,1301.1900,0.84,1301.1900,0.00,0
000022,深赤湾A,2009-06-30,1,850.3720,1.32,0.0000,1.32,1
000088,盐田港,2009-06-30,1,249.9920,0.20,0.0000,0.20,1
000089,深圳机场,2009-06-30,1,2351.9400,1.39,-1330.6700,2.18,2
000159,国际实业,2009-06-30,1,221.6270,0.92,-455.6430,2.82,2
000402,金融街,2009-06-30,1,3272.0800,1.32,188.6900,1.24,1
000410,沈阳机床,2009-06-30,2,634.6974,1.16,84.7134,1.01,1
000417,合肥百货,2009-06-30,1,910.0000,1.90,210.0320,1.90,1
000418,小天鹅A,2009-06-30,1,778.8820,1.42,210.8080,1.04,1
000423,东阿阿胶,2009-06-30,1,580.0000,1.11,0.0000,1.11,1
000425,徐工机械,2009-06-30,1,809.9760,1.49,809.9760,0.00,0
000429,粤高速A,2009-06-30,1,1000.0000,0.80,-300.0000,1.03,1
600755,厦门国贸,2009-06-30,1,102.4060,0.21,-0.0540,0.21,1
600761,安徽合力,2009-06-30,1,309.9950,0.87,0.0000,0.87,1
600765,中航重机,2009-06-30,2,327.5510,0.63,47.5510,0.54,1
600782,新钢股份,2009-06-30,1,599.9990,0.43,350.3140,0.18,1
600801,华新水泥,2009-06-30,1,300.0000,0.74,0.0000,0.74,1
600815,厦工股份,2009-06-30,1,208.7300,0.30,208.7300,0.00,0
600826,兰生股份,2009-06-30,1,184.6050,0.66,-534.9920,2.57,2
600859,王府井,2009-06-30,1,415.0020,1.06,-54.9820,1.20,1
600881,亚泰集团,2009-06-30,1,1599.9800,0.84,1599.9800,0.00,0
600886,国投电力,2009-06-30,3,3275.9910,3.11,756.0010,2.39,2
600887,伊利股份,2009-06-30,1,1323.5600,1.66,179.4000,1.43,1
000501,鄂武商A,2009-06-30,1,909.7680,1.79,909.7680,0.00,0
000511,银基发展,2009-06-30,2,381.0190,0.33,-274.0820,0.57,3
000513,丽珠集团,2009-06-30,1,580.1200,1.90,-120.7880,2.29,1
000520,*ST凤凰,2009-06-30,2,224.2220,0.33,-40.7980,0.39,2
000539,粤电力A,2009-06-30,1,2100.4200,0.79,0.0000,0.79,1
000540,中天城投,2009-06-30,1,200.0000,0.35,200.0000,0.00,0
000550,江铃汽车,2009-06-30,1,447.6400,0.52,0.0000,0.52,1
000559,万向钱潮,2009-06-30,1,950.0000,0.93,-50.0000,0.98,1
000572,海马汽车,2009-06-30,4,2743.7070,2.62,2743.7070,0.00,0
000598,兴蓉投资,2009-06-30,2,1347.8400,4.46,1347.8400,0.00,0
000600,建投能源,2009-06-30,1,1430.0000,1.57,0.0000,1.57,1
000601,韶能股份,2009-06-30,1,617.7080,0.67,479.2740,0.15,1
000617,*ST济柴,2009-06-30,1,191.2250,0.80,191.2250,0.00,0
000630,铜陵有色,2009-06-30,1,399.9800,0.31,-511.3790,0.70,2
000637,茂化实华,2009-06-30,1,267.2390,0.59,267.2390,0.00,0
000651,格力电器,2009-06-30,1,1927.4200,1.03,1927.4200,0.00,0
000667,名流置业,2009-06-30,1,3950.8700,2.93,-1328.1300,3.92,1
000685,中山公用,2009-06-30,1,216.8040,0.36,216.8040,0.00,0
000733,振华科技,2009-06-30,1,84.7758,0.24,84.7758,0.00,0
000751,*ST锌业,2009-06-30,1,188.9370,0.17,0.0000,0.17,1
000758,中色股份,2009-06-30,1,1076.4200,1.69,1076.4200,0.00,0
000762,西藏矿业,2009-06-30,2,1032.5720,3.75,390.7230,2.33,1
000767,漳泽电力,2009-06-30,1,145.6020,0.11,-105.6530,0.19,1
000768,中航飞机,2009-06-30,1,630.0000,0.25,292.0000,0.30,1
000793,华闻传媒,2009-06-30,3,820.9930,0.60,433.7230,0.28,1
000800,一汽轿车,2009-06-30,1,1003.1900,0.62,0.0000,0.62,1
000831,五矿稀土,2009-06-30,1,124.3460,0.19,-138.5860,0.40,2
000887,中鼎股份,2009-06-30,1,251.8910,0.59,251.8910,0.00,0
000897,津滨发展,2009-06-30,2,3178.8980,1.97,-236.2100,2.11,2
000898,*ST鞍钢,2009-06-30,2,3747.4100,0.52,3747.4100,0.00,0
000900,现代投资,2009-06-30,1,204.9940,0.51,0.0000,0.51,1
000910,大亚科技,2009-06-30,1,857.3890,1.63,857.3890,0.00,0
000916,华北高速,2009-06-30,1,78.7592,0.07,0.0000,0.07,1
000917,电广传媒,2009-06-30,3,2288.1020,5.63,1432.6050,2.11,1
000930,中粮生化,2009-06-30,3,678.3230,0.70,-113.4200,0.82,3
000932,华菱钢铁,2009-06-30,1,1799.9800,0.66,509.0100,0.47,1
000949,新乡化纤,2009-06-30,2,1355.2730,2.30,1355.2730,0.00,0
000962,东方钽业,2009-06-30,2,110.3530,0.31,46.6012,0.18,1
000963,华东医药,2009-06-30,1,499.9690,1.15,0.0000,1.15,1
000969,安泰科技,2009-06-30,2,812.4610,1.84,-130.0400,2.14,2
000978,桂林旅游,2009-06-30,1,399.9850,2.26,99.9850,1.69,1
600584,长电科技,2009-06-30,1,300.0000,0.40,300.0000,0.00,0
600251,冠农股份,2009-06-30,1,803.3600,2.22,-90.8010,3.71,2
600439,瑞贝卡,2009-06-30,1,900.2090,1.46,900.2090,0.00,0
600429,三元股份,2009-06-30,1,199.9970,0.32,199.9970,0.00,0
600469,风神股份,2009-06-30,1,219.5450,0.59,219.5450,0.00,0
600470,六国化工,2009-06-30,2,234.5300,1.04,-149.9990,1.70,3
600284,浦东建设,2009-06-30,1,331.9950,0.96,0.0000,0.96,1
600993,马应龙,2009-06-30,2,658.3456,3.97,320.7276,3.67,1
600995,文山电力,2009-06-30,2,998.1370,2.09,998.1370,0.00,0
600420,现代制药,2009-06-30,1,473.9010,1.65,473.9010,0.00,0
002004,华邦颖泰,2009-06-30,1,222.7040,1.69,51.6380,1.30,1
002024,苏宁云商,2009-06-30,1,4304.2100,0.96,1601.4000,0.90,1
600987,航民股份,2009-06-30,1,149.9900,0.35,149.9900,0.00,0
002032,苏泊尔,2009-06-30,1,212.3700,0.48,32.0990,0.41,1
600978,宜华木业,2009-06-30,2,1989.6330,1.98,1989.6330,0.00,0
002037,久联发展,2009-06-30,1,100.9890,0.76,100.9890,0.00,0
002038,双鹭药业,2009-06-30,1,717.6220,2.89,2.8000,2.88,1
002039,黔源电力,2009-06-30,1,250.0000,1.78,-46.1080,2.11,1
601991,大唐发电,2009-06-30,1,779.8850,0.07,779.8850,0.00,0
002110,三钢闽光,2009-06-30,2,681.9860,1.28,681.9860,0.00,0
002106,莱宝高科,2009-06-30,1,599.9290,1.82,129.9290,1.42,2
601333,广深铁路,2009-06-30,1,4290.6300,0.61,2242.8300,0.29,1
002056,横店东磁,2009-06-30,1,800.0000,1.95,0.0000,1.95,1
000338,潍柴动力,2009-06-30,1,559.9800,0.67,559.9800,0.00,0
002261,拓维信息,2009-06-30,1,103.0660,0.92,103.0660,0.00,0
601808,中海油服,2009-06-30,1,400.0000,0.09,400.0000,0.00,0
002054,德美化工,2009-06-30,1,159.7880,1.19,159.7880,0.00,0
002146,荣盛发展,2009-06-30,2,1279.8960,1.60,1.1450,1.60,2
002065,东华软件,2009-06-30,1,209.0340,0.49,209.0340,0.00,0
002070,众和股份,2009-06-30,1,100.0000,0.44,100.0000,0.00,0
002068,黑猫股份,2009-06-30,2,762.9370,3.97,594.9370,1.05,2
601918,国投新集,2009-06-30,2,1945.8700,1.05,1625.8700,0.17,1
002081,金螳螂,2009-06-30,1,265.5970,1.26,59.2930,1.46,1
002085,万丰奥威,2009-06-30,1,99.9950,0.35,99.9950,0.00,0
002216,三全食品,2009-06-30,1,300.0000,1.60,139.8800,1.71,1
002131,利欧股份,2009-06-30,1,109.9850,0.73,109.9850,0.00,0
002148,北纬通信,2009-06-30,1,155.2110,2.05,-14.7770,2.25,2
002254,泰和新材,2009-06-30,2,150.7630,1.20,0.0000,1.20,2
002194,武汉凡谷,2009-06-30,2,553.5480,1.00,-99.1590,1.53,2
601999,出版传媒,2009-06-30,1,281.0250,0.51,281.0250,0.00,0
601186,中国铁建,2009-06-30,1,3049.9900,0.25,300.0000,0.22,1
002238,天威视讯,2009-06-30,2,801.4710,3.00,-118.8940,3.45,3
002241,歌尔声学,2009-06-30,1,112.1820,0.47,17.1820,0.79,1
002242,九阳股份,2009-06-30,1,130.3510,0.26,130.3510,0.00,0
002258,利尔化学,2009-06-30,2,608.9380,4.51,22.6880,4.34,2
002269,美邦服饰,2009-06-30,2,404.2700,0.40,254.2700,0.22,1
