600006,东风汽车,2010-12-31,1,1715.1300,0.86,380.0000,0.67,1
600019,宝钢股份,2010-12-31,1,6509.0500,0.37,6509.0500,0.00,0
600038,哈飞股份,2010-12-31,1,309.2470,0.92,-40.7430,1.04,1
600050,中国联通,2010-12-31,1,5500.0000,0.26,5500.0000,0.00,0
600055,华润万东,2010-12-31,1,351.9820,1.63,-190.3700,2.51,2
600068,葛洲坝,2010-12-31,1,1799.9900,0.52,1799.9900,0.00,0
600085,同仁堂,2010-12-31,1,400.2580,0.77,-425.9380,1.59,2
600089,特变电工,2010-12-31,2,2899.9700,1.43,1560.8700,0.66,1
600096,云天化,2010-12-31,1,399.9820,0.68,0.0000,0.68,1
600104,上汽集团,2010-12-31,2,4070.0000,0.44,-4164.0000,0.97,2
600108,亚盛集团,2010-12-31,2,2715.5410,1.56,2715.5410,0.00,0
600125,铁龙物流,2010-12-31,2,5012.6600,4.99,2071.9900,2.93,2
600137,浪莎股份,2010-12-31,1,143.4620,1.48,-6.5340,1.54,1
600139,西部资源,2010-12-31,1,127.0500,0.54,127.0500,0.00,0
600141,兴发集团,2010-12-31,1,461.9970,1.26,0.0000,1.26,1
600146,大元股份,2010-12-31,1,449.9750,2.25,449.9750,0.00,0
600153,建发股份,2010-12-31,1,1444.5100,0.65,1444.5100,0.00,0
600157,永泰能源,2010-12-31,1,376.4120,1.27,99.9920,0.94,1
600161,天坛生物,2010-12-31,3,1061.8680,2.06,3.9350,2.05,3
600168,武汉控股,2010-12-31,1,499.9830,1.13,0.0000,1.13,1
600171,上海贝岭,2010-12-31,2,2571.3100,3.82,-764.0100,4.95,2
600197,伊力特,2010-12-31,1,940.0000,2.13,-65.0000,2.28,1
600201,金宇集团,2010-12-31,2,530.0000,1.89,30.0170,1.78,2
600213,亚星客车,2010-12-31,2,1086.3960,4.94,0.0000,4.94,2
600221,海南航空,2010-12-31,1,3495.7900,0.85,3495.7900,0.00,0
600228,昌九生化,2010-12-31,1,499.9930,2.07,0.0000,2.07,1
600238,海南椰岛,2010-12-31,1,358.6710,1.20,-169.7400,1.77,1
600258,首旅酒店,2010-12-31,1,121.5300,0.53,121.5300,0.00,0
600261,阳光照明,2010-12-31,1,260.0000,1.04,260.0000,0.00,0
600269,赣粤高速,2010-12-31,1,466.5300,0.20,-133.4620,0.26,1
600280,中央商场,2010-12-31,1,430.8260,3.00,0.0000,3.00,1
600288,大恒科技,2010-12-31,1,499.9980,1.14,499.9980,0.00,0
600292,中电远达,2010-12-31,1,565.2760,1.69,199.9960,1.09,1
600305,恒顺醋业,2010-12-31,2,374.4900,2.95,159.9840,1.69,1
600306,商业城,2010-12-31,2,577.3640,3.24,-51.9940,3.53,2
600310,桂东电力,2010-12-31,1,515.3400,2.80,515.3400,0.00,0
600327,大东方,2010-12-31,2,1850.2580,3.55,28.7960,3.49,2
600339,天利高新,2010-12-31,1,135.5890,0.26,135.5890,0.00,0
600360,华微电子,2010-12-31,1,448.4480,0.86,448.4480,0.00,0
600373,中文传媒,2010-12-31,1,679.1910,1.20,0.0000,3.62,1
600380,健康元,2010-12-31,2,3410.0300,2.59,1829.9900,1.20,1
600382,广东明珠,2010-12-31,2,1687.5030,4.94,339.4980,3.94,2
600386,北巴传媒,2010-12-31,1,480.5580,1.19,0.0000,1.19,1
600395,盘江股份,2010-12-31,1,495.3770,0.45,495.3770,0.00,0
600397,安源煤业,2010-12-31,1,600.0000,2.23,327.8700,1.01,1
600415,小商品城,2010-12-31,1,1500.0000,1.10,-84.0600,1.16,1
600426,华鲁恒升,2010-12-31,1,380.0000,0.60,30.0050,0.71,1
600428,中远航运,2010-12-31,1,1199.9900,0.92,1199.9900,0.00,0
600486,扬农化工,2010-12-31,2,465.0000,2.70,7.0260,2.66,2
600500,中化国际,2010-12-31,1,599.9960,0.42,599.9960,0.00,0
600505,西昌电力,2010-12-31,1,499.9990,1.37,0.0000,1.37,1
600516,方大炭素,2010-12-31,1,1599.9700,1.25,1599.9700,0.00,0
600523,贵航股份,2010-12-31,1,545.0000,1.89,-210.8820,2.62,2
600529,山东药玻,2010-12-31,1,274.2990,1.07,-235.7010,1.98,1
600549,厦门钨业,2010-12-31,1,412.2070,0.60,-1461.7840,2.75,2
600551,时代出版,2010-12-31,2,870.8870,2.07,100.0000,1.83,2
600557,康缘药业,2010-12-31,1,600.0000,1.44,-199.9680,1.92,1
600559,老白干酒,2010-12-31,2,753.3610,5.38,-186.4100,6.71,2
600581,八一钢铁,2010-12-31,1,555.2050,0.72,555.2050,0.00,0
600582,天地科技,2010-12-31,1,1530.6200,1.51,-790.5100,2.29,1
600596,新安股份,2010-12-31,1,200.0000,0.29,-300.0000,0.74,1
600597,光明乳业,2010-12-31,1,1297.5800,1.24,-127.5600,1.37,1
600600,青岛啤酒,2010-12-31,2,1996.5900,1.48,-30.0000,1.50,2
600639,浦东金桥,2010-12-31,1,250.0000,0.27,-100.0000,0.38,1
600642,申能股份,2010-12-31,1,1089.9900,0.35,1089.9900,0.00,0
600660,福耀玻璃,2010-12-31,2,6944.6700,3.47,-1372.1500,4.15,3
600664,哈药股份,2010-12-31,1,1780.9700,1.43,0.0000,1.43,1
600674,川投能源,2010-12-31,1,250.4120,0.27,250.4120,0.00,0
600686,金龙汽车,2010-12-31,1,1003.8900,2.27,0.0000,2.27,1
600697,欧亚集团,2010-12-31,2,716.9090,4.51,716.9090,0.00,0
600704,物产中大,2010-12-31,2,1076.9510,2.45,-150.0000,2.79,2
600712,南宁百货,2010-12-31,1,200.0000,0.77,10.0570,1.09,1
600713,南京医药,2010-12-31,1,782.3330,2.26,100.0000,1.97,1
600718,东软集团,2010-12-31,2,2029.2510,1.65,-1241.3600,2.66,3
600720,祁连山,2010-12-31,2,1208.8600,2.55,1208.8600,0.00,0
600723,首商股份,2010-12-31,1,756.7550,1.85,-400.0000,2.82,2
600729,重庆百货,2010-12-31,2,1011.9840,2.71,0.0000,4.96,2
600737,中粮屯河,2010-12-31,2,2953.1400,2.94,1130.6680,1.81,2
600739,辽宁成大,2010-12-31,1,990.0000,1.09,131.2020,0.95,1
600741,华域汽车,2010-12-31,1,1590.0000,0.62,-160.0000,0.68,1
600750,江中药业,2010-12-31,1,532.3000,1.71,114.0230,1.41,1
000001,平安银行,2010-12-31,1,4032.6100,1.16,799.9900,0.93,1
000039,中集集团,2010-12-31,1,1404.3600,0.53,1404.3600,0.00,0
000400,许继电气,2010-12-31,1,400.0000,1.06,400.0000,0.00,0
000410,沈阳机床,2010-12-31,1,321.5330,0.59,-738.4570,1.94,1
600754,锦江股份,2010-12-31,1,349.9460,0.58,-27.0000,0.62,1
600765,中航重机,2010-12-31,1,969.9950,1.25,49.9950,1.18,1
600805,悦达投资,2010-12-31,1,1999.9800,3.67,799.9800,2.20,1
600809,山西汾酒,2010-12-31,1,430.0000,0.99,-270.0000,1.62,1
600810,神马股份,2010-12-31,1,125.0000,0.28,125.0000,0.00,0
600811,东方集团,2010-12-31,1,1199.9900,0.72,1199.9900,0.00,0
600828,成商集团,2010-12-31,2,1239.6080,3.39,110.3570,3.09,2
600829,三精制药,2010-12-31,1,1204.0300,3.11,90.0000,2.88,1
601607,上海医药,2010-12-31,1,1000.0000,0.50,1000.0000,0.00,0
600850,华东电脑,2010-12-31,2,845.2130,4.94,0.0000,4.94,2
600855,航天长峰,2010-12-31,1,102.0540,0.35,102.0540,0.00,0
600858,银座股份,2010-12-31,1,498.8530,1.73,50.0000,1.55,1
600859,王府井,2010-12-31,1,486.1550,1.16,55.4790,1.10,1
600861,北京城乡,2010-12-31,1,249.8710,0.79,249.8710,0.00,0
600886,国投电力,2010-12-31,3,5566.2600,2.79,0.0000,2.79,3
000550,江铃汽车,2010-12-31,2,1448.0100,1.68,630.6730,0.95,1
000559,万向钱潮,2010-12-31,1,1008.1700,0.82,0.0000,0.82,1
000564,西安民生,2010-12-31,1,207.7720,0.68,207.7720,0.00,0
000598,兴蓉投资,2010-12-31,1,499.9880,1.08,499.9880,0.00,0
000600,建投能源,2010-12-31,1,200.0000,0.22,-1230.0000,1.57,1
000616,亿城股份,2010-12-31,2,4914.7000,4.95,3065.2800,1.86,1
000635,英力特,2010-12-31,1,220.0000,1.24,0.0000,1.24,1
000651,格力电器,2010-12-31,1,2891.1300,1.03,0.0000,1.03,1
000661,长春高新,2010-12-31,1,117.8400,0.90,117.8400,0.00,0
000698,沈阳化工,2010-12-31,1,199.9940,0.30,-700.0060,1.36,1
000708,大冶特钢,2010-12-31,1,618.0090,1.38,109.5320,1.13,1
000712,锦龙股份,2010-12-31,1,500.5420,1.64,500.5420,0.00,0
000713,丰乐种业,2010-12-31,1,169.9990,0.57,169.9990,0.00,0
000715,中兴商业,2010-12-31,1,602.4430,2.16,0.0000,2.16,1
000721,西安饮食,2010-12-31,1,275.3450,1.38,275.3450,0.00,0
000762,西藏矿业,2010-12-31,1,269.9850,0.98,269.9850,0.00,0
000800,一汽轿车,2010-12-31,1,2200.0000,1.35,-155.2000,1.45,1
000858,五粮液,2010-12-31,1,1306.2400,0.34,0.0000,0.34,1
000860,顺鑫农业,2010-12-31,1,1134.1600,2.59,-596.8540,3.95,2
000877,天山股份,2010-12-31,1,399.9860,1.03,0.0000,1.03,1
000889,茂业物流,2010-12-31,1,429.9820,1.27,429.9820,0.00,0
000895,双汇发展,2010-12-31,1,620.0000,1.02,620.0000,0.00,0
000897,津滨发展,2010-12-31,1,186.1940,0.12,-113.8000,0.19,1
000910,大亚科技,2010-12-31,2,1813.9260,3.44,97.2500,3.25,2
000963,华东医药,2010-12-31,1,849.9960,1.96,160.0010,1.59,1
000989,九芝堂,2010-12-31,1,300.0000,1.01,-36.9510,1.13,1
000990,诚志股份,2010-12-31,1,734.7050,2.47,567.6310,0.56,1
600575,芜湖港,2010-12-31,1,788.8590,1.51,301.9250,1.37,1
600251,冠农股份,2010-12-31,1,505.0000,1.39,0.0000,1.39,1
600436,片仔癀,2010-12-31,2,653.9460,4.67,64.4220,4.21,2
600409,三友化工,2010-12-31,1,1577.0500,1.68,1577.0500,0.00,0
600031,三一重工,2010-12-31,1,1994.9400,0.39,1994.9400,0.00,0
600546,山煤国际,2010-12-31,1,567.4700,0.76,-220.0000,1.05,1
600485,中创信测,2010-12-31,1,228.9920,1.65,228.9920,0.00,0
600348,阳泉煤业,2010-12-31,1,600.0000,0.25,-220.0000,0.34,1
600354,敦煌种业,2010-12-31,1,453.7470,2.44,20.0000,2.33,1
600325,华发股份,2010-12-31,1,600.0000,0.73,0.0000,0.73,1
600479,千金药业,2010-12-31,1,497.1380,1.63,497.1380,0.00,0
600467,好当家,2010-12-31,2,1268.4610,2.00,1268.4610,0.00,0
600985,雷鸣科化,2010-12-31,1,190.7800,1.77,190.7800,0.00,0
600990,四创电子,2010-12-31,1,249.0440,2.12,59.9960,1.61,1
600993,马应龙,2010-12-31,1,531.0000,3.20,-5.0000,3.23,1
600491,龙元建设,2010-12-31,1,699.9960,1.48,0.0000,1.48,1
002001,新和成,2010-12-31,1,400.0220,0.55,400.0220,0.00,0
002004,华邦颖泰,2010-12-31,2,815.7140,6.18,87.9700,5.51,2
002011,盾安环境,2010-12-31,1,184.9880,0.50,184.9880,0.00,0
002025,航天电器,2010-12-31,1,200.0000,0.61,200.0000,0.00,0
002030,达安基因,2010-12-31,1,199.9760,0.69,0.0000,0.69,1
600971,恒源煤电,2010-12-31,1,250.0000,0.57,-30.9550,0.71,1
002032,苏泊尔,2010-12-31,2,770.4650,1.33,302.0490,0.81,1
600978,宜华木业,2010-12-31,2,1299.9970,1.13,0.0000,1.29,2
002035,华帝股份,2010-12-31,2,691.1680,3.10,91.1680,2.69,1
002038,双鹭药业,2010-12-31,4,1843.0410,7.29,819.0500,4.07,2
600027,华电国际,2010-12-31,1,4968.0100,0.73,4968.0100,0.00,0
600970,中材国际,2010-12-31,1,859.9470,1.13,159.9830,0.92,1
002048,宁波华翔,2010-12-31,1,526.8430,0.93,526.8430,0.00,0
002051,中工国际,2010-12-31,1,699.9850,2.06,279.9850,2.21,1
601688,华泰证券,2010-12-31,1,820.5560,0.15,0.0000,0.15,1
601818,光大银行,2010-12-31,1,6000.0000,0.15,314.7000,0.14,1
002106,莱宝高科,2010-12-31,1,450.0000,1.05,-50.0000,1.17,1
300026,红日药业,2010-12-31,1,36.4008,0.36,36.4008,0.00,0
002332,仙琚制药,2010-12-31,1,170.0000,0.50,170.0000,0.00,0
601126,四方股份,2010-12-31,1,529.9940,1.32,529.9940,0.00,0
601158,重庆水务,2010-12-31,1,300.0000,0.06,0.0000,0.06,1
002140,东华科技,2010-12-31,1,230.0000,0.83,230.0000,0.00,0
002117,东港股份,2010-12-31,1,207.5550,1.67,-206.6170,3.34,2
300034,钢研高纳,2010-12-31,1,34.8480,0.30,34.8480,0.00,0
601808,中海油服,2010-12-31,1,869.9960,0.19,20.2200,0.19,1
002430,杭氧股份,2010-12-31,1,264.5300,0.66,0.0000,0.66,1
002146,荣盛发展,2010-12-31,1,1506.5700,1.05,0.0000,1.05,1
601006,大秦铁路,2010-12-31,1,8044.7800,0.54,8044.7800,0.00,0
002234,民和股份,2010-12-31,1,200.0000,1.86,200.0000,0.00,0
002096,南岭民爆,2010-12-31,2,213.1780,1.61,104.8201,0.82,2
601666,平煤股份,2010-12-31,2,2109.1340,1.16,2109.1340,0.00,0
002068,黑猫股份,2010-12-31,1,700.0000,2.80,-78.0000,3.11,1
002461,珠江啤酒,2010-12-31,1,26.4757,0.04,26.4757,0.00,0
002081,金螳螂,2010-12-31,1,350.0000,1.10,0.0000,1.10,1
002086,东方海洋,2010-12-31,1,600.0000,2.46,-99.9760,2.87,1
300049,福瑞股份,2010-12-31,1,36.2211,0.38,-70.1225,1.11,2
002083,孚日股份,2010-12-31,1,400.0000,0.43,-4.9830,0.43,1
002098,浔兴股份,2010-12-31,1,98.9859,0.64,0.0000,0.64,1
002104,恒宝股份,2010-12-31,2,1295.2250,2.94,1295.2250,0.00,0
002121,科陆电子,2010-12-31,1,395.9990,1.50,235.9990,0.67,1
002216,三全食品,2010-12-31,1,358.3720,1.92,-71.4940,2.30,2
002132,恒星科技,2010-12-31,1,325.0250,1.20,325.0250,0.00,0
002148,北纬通信,2010-12-31,1,100.0000,1.32,-105.9600,2.72,2
002149,西部材料,2010-12-31,1,200.0000,1.15,-12.9390,1.22,1
002254,泰和新材,2010-12-31,3,936.6720,3.59,322.3870,2.35,2
002164,东力传动,2010-12-31,1,55.2778,0.25,-50.0002,0.47,1
002179,中航光电,2010-12-31,1,243.5320,0.61,243.5320,0.00,0
002194,武汉凡谷,2010-12-31,2,921.8900,1.66,521.9110,0.72,1
601992,金隅股份,2010-12-31,1,719.9800,0.19,719.9800,0.00,0
002209,达意隆,2010-12-31,1,249.9820,1.28,249.9820,0.00,0
002397,梦洁家纺,2010-12-31,1,58.7070,0.62,0.0000,0.62,1
601186,中国铁建,2010-12-31,1,4549.9900,0.37,0.0000,0.37,1
002244,滨江集团,2010-12-31,1,1200.0000,0.89,0.0200,0.89,1
002249,大洋电机,2010-12-31,1,192.0900,0.45,192.0900,0.00,0
002253,川大智胜,2010-12-31,1,100.0000,1.34,-29.9750,1.74,1
002238,天威视讯,2010-12-31,1,149.7200,0.56,149.7200,0.00,0
002255,海陆重工,2010-12-31,2,250.0000,1.94,250.0000,0.00,0
002264,新华都,2010-12-31,1,278.6120,1.74,278.6120,0.00,0
002322,理工监测,2010-12-31,1,79.0222,1.18,-6.6050,1.28,2
002269,美邦服饰,2010-12-31,1,357.7800,0.36,357.7800,0.00,0
002299,圣农发展,2010-12-31,1,369.9680,0.90,369.9680,0.00,0
002289,宇顺电子,2010-12-31,1,79.1962,1.08,79.1962,0.00,0
002277,友阿股份,2010-12-31,1,327.4730,0.94,327.4730,0.00,0
002278,神开股份,2010-12-31,1,97.9984,0.45,97.9984,0.00,0
300065,海兰信,2010-12-31,1,42.9576,0.78,0.0000,0.78,1
002496,辉丰股份,2010-12-31,1,85.9182,0.86,85.9182,0.00,0
002478,常宝股份,2010-12-31,1,48.4478,0.12,48.4478,0.00,0
002431,棕榈园林,2010-12-31,1,93.2283,0.49,44.3288,0.41,1
300075,数字政通,2010-12-31,1,24.9899,0.45,24.9899,0.00,0
601888,中国国旅,2010-12-31,1,580.8910,0.66,180.8910,0.45,1
002301,齐心文具,2010-12-31,1,386.9930,2.07,386.9930,0.00,0
002303,美盈森,2010-12-31,1,159.9710,0.89,159.9710,0.00,0
300007,汉威电子,2010-12-31,1,209.9760,1.78,209.9760,0.00,0
300064,豫金刚石,2010-12-31,1,45.9300,0.30,45.9300,0.00,0
300044,赛为智能,2010-12-31,1,50.0000,0.50,-19.0459,0.69,1
300037,新宙邦,2010-12-31,1,50.0000,0.47,-238.2105,2.69,3
300101,国腾电子,2010-12-31,1,113.3000,1.63,113.3000,0.00,0
300010,立思辰,2010-12-31,1,323.4840,2.05,323.4840,0.00,0
300053,欧比特,2010-12-31,1,30.0000,0.30,-105.2988,1.35,2
300087,荃银高科,2010-12-31,1,25.1978,0.48,7.0139,0.34,1
002311,海大集团,2010-12-31,1,365.1650,1.25,79.1750,0.98,1
002327,富安娜,2010-12-31,1,101.6120,0.76,0.0000,0.76,1
002317,众生药业,2010-12-31,1,41.8378,0.35,0.0000,0.35,1
002325,洪涛股份,2010-12-31,1,236.1460,1.57,-5.1490,1.61,1
601179,中国西电,2010-12-31,1,1530.0000,0.35,-470.0000,0.46,1
300019,硅宝科技,2010-12-31,1,119.9770,1.18,119.9770,0.00,0
300020,银江股份,2010-12-31,2,609.7680,3.81,609.7680,0.00,0
002326,永太科技,2010-12-31,1,460.7150,3.45,-3.3170,3.48,1
002330,得利斯,2010-12-31,2,274.6520,1.09,64.7520,0.84,1
002336,人人乐,2010-12-31,1,98.9578,0.25,98.9578,0.00,0
002339,积成电子,2010-12-31,2,182.9109,2.13,-30.0000,2.48,2
002345,潮宏基,2010-12-31,1,40.9855,0.23,40.9855,0.00,0
002353,杰瑞股份,2010-12-31,1,31.9536,0.28,-0.0200,0.28,1
002367,康力电梯,2010-12-31,1,69.9617,0.44,-0.0038,0.44,1
002421,达实智能,2010-12-31,1,83.2054,1.07,0.0000,1.07,1
002392,北京利尔,2010-12-31,1,96.7454,0.72,96.7454,0.00,0
002384,东山精密,2010-12-31,2,209.9760,1.31,7.6044,1.26,2
300056,三维丝,2010-12-31,1,77.7319,1.49,-38.4031,2.23,1
002410,广联达,2010-12-31,1,251.3240,1.40,19.4190,2.82,1
002428,云南锗业,2010-12-31,1,55.4827,0.44,19.9950,0.28,1
002424,贵州百灵,2010-12-31,1,54.9886,0.23,54.9886,0.00,0
002440,闰土股份,2010-12-31,1,50.0000,0.17,-489.2388,1.83,4
002437,誉衡药业,2010-12-31,1,39.9835,0.29,39.9835,0.00,0
300083,劲胜股份,2010-12-31,1,70.3740,0.70,70.3740,0.00,0
300078,中瑞思创,2010-12-31,1,20.0000,0.30,-14.9719,0.52,1
300086,康芝药业,2010-12-31,1,120.2180,1.20,-1.7810,1.22,1
300090,盛运股份,2010-12-31,3,280.9890,2.20,280.9890,0.00,0
002453,天马精化,2010-12-31,1,74.9313,0.62,-5.5300,0.67,1
601718,际华集团,2010-12-31,1,999.9920,0.26,999.9920,0.00,0
002468,艾迪西,2010-12-31,1,18.9013,0.12,18.9013,0.00,0
002470,金正大,2010-12-31,2,175.9136,0.25,175.9136,0.00,0
002471,中超电缆,2010-12-31,1,21.7096,0.14,21.7096,0.00,0
300125,易世达,2010-12-31,2,85.6845,1.45,85.6845,0.00,0
002483,润邦股份,2010-12-31,3,170.4616,0.85,170.4616,0.00,0
300154,瑞凌股份,2010-12-31,1,30.0000,0.27,30.0000,0.00,0
300143,星河生物,2010-12-31,1,13.0653,0.20,13.0653,0.00,0
