600006,东风汽车,2010-09-30,1,1335.1300,0.67,0.0000,0.67,1
600038,哈飞股份,2010-09-30,1,349.9900,1.04,349.9900,0.00,0
600055,华润万东,2010-09-30,2,542.3520,2.51,-169.5380,3.29,2
600085,同仁堂,2010-09-30,2,826.1960,1.59,470.2420,0.68,1
600088,中视传媒,2010-09-30,1,306.2640,0.92,306.2640,0.00,0
600089,特变电工,2010-09-30,1,1339.1000,0.66,139.1000,0.67,1
600096,云天化,2010-09-30,1,399.9820,0.68,0.0000,0.68,1
600097,开创国际,2010-09-30,1,199.7620,0.99,39.9900,0.79,1
600100,同方股份,2010-09-30,1,619.9840,0.62,619.9840,0.00,0
600104,上汽集团,2010-09-30,2,8234.0000,0.97,-137.9900,0.98,2
600116,三峡水利,2010-09-30,1,200.0000,0.75,200.0000,0.00,0
600117,西宁特钢,2010-09-30,1,410.0000,0.55,-230.0000,0.86,1
600125,铁龙物流,2010-09-30,2,2940.6700,2.93,1585.2200,1.35,1
600129,太极集团,2010-09-30,1,400.0000,0.94,-432.5370,1.95,2
600137,浪莎股份,2010-09-30,1,149.9960,1.54,149.9960,0.00,0
600141,兴发集团,2010-09-30,1,461.9970,1.26,461.9970,0.00,0
600150,中国船舶,2010-09-30,1,281.6500,0.43,281.6500,0.00,0
600157,永泰能源,2010-09-30,1,276.4200,0.94,0.0000,1.08,1
600160,巨化股份,2010-09-30,1,275.0000,0.45,-112.1920,0.63,2
600161,天坛生物,2010-09-30,3,1057.9330,2.05,557.9390,1.02,1
600162,香江控股,2010-09-30,1,499.9860,0.65,209.9860,0.38,1
600168,武汉控股,2010-09-30,1,499.9830,1.13,499.9830,0.00,0
600171,上海贝岭,2010-09-30,2,3335.3200,4.95,808.4630,3.75,2
600177,雅戈尔,2010-09-30,1,1399.9700,0.63,1399.9700,0.00,0
600188,兖州煤业,2010-09-30,1,300.0000,0.06,300.0000,0.00,0
600197,伊力特,2010-09-30,1,1005.0000,2.28,0.0000,2.28,1
600201,金宇集团,2010-09-30,2,499.9830,1.78,254.9830,0.87,1
600202,哈空调,2010-09-30,1,150.0000,0.39,150.0000,0.00,0
600213,亚星客车,2010-09-30,2,1086.3960,4.94,136.3050,4.32,2
600228,昌九生化,2010-09-30,1,499.9930,2.07,0.0000,2.07,1
600233,大杨创世,2010-09-30,1,85.1152,0.52,33.0000,0.32,1
600236,桂冠电力,2010-09-30,1,400.0000,0.18,0.0000,0.18,1
600238,海南椰岛,2010-09-30,1,528.4110,1.77,-50.0000,1.94,1
600262,北方股份,2010-09-30,1,132.7990,0.78,132.7990,0.00,0
600269,赣粤高速,2010-09-30,1,599.9920,0.26,0.0000,0.26,1
600280,中央商场,2010-09-30,1,430.8260,3.00,-25.0000,3.18,1
600292,中电远达,2010-09-30,1,365.2800,1.09,-419.3050,2.35,2
600305,恒顺醋业,2010-09-30,1,214.5060,1.69,12.0000,1.59,1
600306,商业城,2010-09-30,2,629.3580,3.53,329.3640,1.68,1
600316,洪都航空,2010-09-30,1,160.0000,0.36,-23.6500,0.52,1
600327,大东方,2010-09-30,2,1821.4620,3.49,1126.2050,1.33,1
600331,宏达股份,2010-09-30,1,295.4340,0.29,0.0000,0.29,1
600336,澳柯玛,2010-09-30,1,199.9960,0.59,199.9960,0.00,0
600346,大橡塑,2010-09-30,1,270.0000,1.29,270.0000,0.00,0
600373,中文传媒,2010-09-30,1,679.1910,3.62,0.0000,3.62,1
600380,健康元,2010-09-30,1,1580.0400,1.20,1580.0400,0.00,0
600382,广东明珠,2010-09-30,2,1348.0050,3.94,101.6700,3.65,2
600386,北巴传媒,2010-09-30,1,480.5580,1.19,0.0000,1.19,1
600388,龙净环保,2010-09-30,1,262.8410,1.26,262.8410,0.00,0
600391,成发科技,2010-09-30,1,55.0010,0.42,55.0010,0.00,0
600396,金山股份,2010-09-30,1,133.5780,0.39,133.5780,0.00,0
600397,安源煤业,2010-09-30,1,272.1300,1.01,-528.6450,2.97,1
600415,小商品城,2010-09-30,1,1584.0600,1.16,-115.0000,1.25,1
600426,华鲁恒升,2010-09-30,1,349.9950,0.71,-20.0050,0.75,1
600486,扬农化工,2010-09-30,2,457.9740,2.66,257.9740,1.16,1
600496,精工钢构,2010-09-30,1,279.9960,0.72,279.9960,0.00,0
600505,西昌电力,2010-09-30,1,499.9990,1.37,0.0000,1.37,1
600523,贵航股份,2010-09-30,2,755.8820,2.62,-400.0000,4.00,3
600525,长园集团,2010-09-30,1,304.3520,0.70,-195.6480,1.16,1
600529,山东药玻,2010-09-30,1,510.0000,1.98,510.0000,0.00,0
600533,栖霞建设,2010-09-30,1,401.3140,0.38,0.0000,0.38,1
600549,厦门钨业,2010-09-30,2,1873.9910,2.75,1060.6860,1.19,1
600551,时代出版,2010-09-30,2,770.8870,1.83,333.8300,1.04,1
600557,康缘药业,2010-09-30,1,799.9680,1.92,799.9680,0.00,0
600558,大西洋,2010-09-30,1,242.0000,1.75,-366.6280,4.40,2
600559,老白干酒,2010-09-30,2,939.7710,6.71,-69.9620,7.21,2
600578,京能电力,2010-09-30,1,74.9917,0.13,-30.4983,0.18,1
600582,天地科技,2010-09-30,1,2321.1300,2.29,715.3800,2.38,1
600586,金晶科技,2010-09-30,1,597.8030,1.01,597.8030,0.00,0
600596,新安股份,2010-09-30,1,500.0000,0.74,-900.0000,2.06,2
600597,光明乳业,2010-09-30,1,1425.1400,1.37,1425.1400,0.00,0
600600,青岛啤酒,2010-09-30,2,2026.5900,1.50,0.0000,1.75,2
600622,嘉宝集团,2010-09-30,1,399.9920,0.78,0.0000,0.78,1
600639,浦东金桥,2010-09-30,1,350.0000,0.38,-54.7470,0.48,1
600660,福耀玻璃,2010-09-30,3,8316.8200,4.15,4157.8200,2.08,1
600664,哈药股份,2010-09-30,1,1780.9700,1.43,99.9900,1.35,1
600682,南京新百,2010-09-30,1,387.2480,1.08,0.0000,1.08,1
600686,金龙汽车,2010-09-30,1,1003.8900,2.27,2.3500,2.26,1
600702,沱牌舍得,2010-09-30,1,158.9920,0.47,158.9920,0.00,0
600704,物产中大,2010-09-30,2,1226.9510,2.79,1226.9510,0.00,0
600712,南宁百货,2010-09-30,1,189.9430,1.09,189.9430,0.00,0
600713,南京医药,2010-09-30,1,682.3330,1.97,29.9920,1.88,1
600718,东软集团,2010-09-30,3,3270.6110,2.66,1036.3120,2.37,3
600723,首商股份,2010-09-30,2,1156.7550,2.82,449.9990,1.72,1
600729,重庆百货,2010-09-30,2,1011.9840,4.96,0.0000,4.96,2
600737,中粮屯河,2010-09-30,2,1822.4720,1.81,1822.4720,0.00,0
600738,兰州民百,2010-09-30,1,543.4880,2.07,-609.5610,4.39,2
600739,辽宁成大,2010-09-30,1,858.7980,0.95,858.7980,0.00,0
600741,华域汽车,2010-09-30,1,1750.0000,0.68,-50.0000,0.70,1
600750,江中药业,2010-09-30,1,418.2770,1.41,0.0000,1.41,1
000001,平安银行,2010-09-30,1,3232.6200,0.93,3232.6200,0.00,0
000016,深康佳A,2010-09-30,1,944.9970,0.78,944.9970,0.00,0
000022,深赤湾A,2010-09-30,1,650.0000,1.01,-200.3720,1.32,1
000032,深桑达A,2010-09-30,1,520.3990,2.23,520.3990,0.00,0
000089,深圳机场,2010-09-30,1,265.9000,0.16,0.0000,0.16,1
000410,沈阳机床,2010-09-30,1,1059.9900,1.94,-1000.0000,3.78,2
000425,徐工机械,2010-09-30,1,445.4130,0.51,445.4130,0.00,0
600754,锦江股份,2010-09-30,1,376.9460,0.62,376.9460,0.00,0
600763,通策医疗,2010-09-30,1,223.6370,1.39,-100.0000,2.02,2
600765,中航重机,2010-09-30,1,920.0000,1.18,0.0050,1.18,1
600785,新华百货,2010-09-30,1,370.9570,1.79,-35.0020,1.96,1
600805,悦达投资,2010-09-30,1,1200.0000,2.20,1200.0000,0.00,0
600809,山西汾酒,2010-09-30,1,700.0000,1.62,-60.0000,1.76,1
600815,厦工股份,2010-09-30,1,649.9770,0.83,649.9770,0.00,0
600828,成商集团,2010-09-30,2,1129.2510,3.09,271.1460,2.35,2
600829,三精制药,2010-09-30,1,1114.0300,2.88,172.9900,2.43,1
600850,华东电脑,2010-09-30,2,845.2130,4.94,192.5410,3.82,2
600858,银座股份,2010-09-30,1,448.8530,1.55,-10.0000,1.59,1
600859,王府井,2010-09-30,1,430.6760,1.10,30.6760,1.02,1
600886,国投电力,2010-09-30,3,5566.2600,2.79,0.0000,2.79,3
000501,鄂武商A,2010-09-30,1,768.4890,1.52,0.0000,1.52,1
000513,丽珠集团,2010-09-30,1,350.0000,1.18,-199.9000,1.86,1
000516,开元投资,2010-09-30,1,190.0000,0.27,190.0000,0.00,0
000539,粤电力A,2010-09-30,1,2686.1800,0.96,2686.1800,0.00,0
000550,江铃汽车,2010-09-30,1,817.3370,0.95,339.4330,0.55,1
000559,万向钱潮,2010-09-30,1,1008.1700,0.82,1008.1700,0.00,0
000600,建投能源,2010-09-30,1,1430.0000,1.57,0.0000,1.57,1
000616,亿城股份,2010-09-30,1,1849.4200,1.86,1849.4200,0.00,0
000635,英力特,2010-09-30,1,220.0000,1.24,-80.0220,1.69,1
000651,格力电器,2010-09-30,1,2891.1300,1.03,963.7100,1.03,1
000667,名流置业,2010-09-30,1,5766.6600,2.25,-220.0000,2.34,1
000679,大连友谊,2010-09-30,2,227.1660,0.96,227.1660,0.00,0
000683,远兴能源,2010-09-30,1,300.0000,0.39,300.0000,0.00,0
000698,沈阳化工,2010-09-30,1,900.0000,1.36,44.5940,1.29,1
000708,大冶特钢,2010-09-30,1,508.4770,1.13,66.6370,0.98,1
000715,中兴商业,2010-09-30,1,602.4430,2.16,0.0000,2.16,1
000785,武汉中商,2010-09-30,1,1022.1600,4.07,1022.1600,0.00,0
000786,北新建材,2010-09-30,1,790.3460,1.37,790.3460,0.00,0
000789,江西水泥,2010-09-30,1,388.6120,0.98,388.6120,0.00,0
000800,一汽轿车,2010-09-30,1,2355.2000,1.45,6.9300,1.44,1
000833,贵糖股份,2010-09-30,1,120.0000,0.41,120.0000,0.00,0
000858,五粮液,2010-09-30,1,1306.2400,0.34,-1139.9900,0.64,2
000860,顺鑫农业,2010-09-30,2,1731.0140,3.95,1731.0140,0.00,0
000861,海印股份,2010-09-30,1,236.7530,0.48,137.9243,0.20,1
000877,天山股份,2010-09-30,1,399.9860,1.03,399.9860,0.00,0
000880,潍柴重机,2010-09-30,2,340.3600,1.23,40.3600,1.09,1
000897,津滨发展,2010-09-30,1,299.9940,0.19,0.0000,0.19,1
000910,大亚科技,2010-09-30,2,1716.6760,3.25,1716.6760,0.00,0
000911,南宁糖业,2010-09-30,1,122.0310,0.43,9.6270,0.39,1
000917,电广传媒,2010-09-30,1,321.2870,0.79,-894.7250,2.99,2
000932,华菱钢铁,2010-09-30,1,1264.9600,0.46,-2000.0000,1.19,2
000961,中南建设,2010-09-30,1,550.0000,0.47,-112.4100,0.57,1
000963,华东医药,2010-09-30,1,689.9950,1.59,139.9950,1.27,1
000978,桂林旅游,2010-09-30,1,300.0000,0.83,-116.0000,1.16,1
000989,九芝堂,2010-09-30,1,336.9510,1.13,-248.3870,1.97,2
000990,诚志股份,2010-09-30,1,167.0740,0.56,-89.0000,0.86,1
000999,华润三九,2010-09-30,1,529.2050,0.54,529.2050,0.00,0
600537,亿晶光电,2010-09-30,1,333.8460,1.45,333.8460,0.00,0
600573,惠泉啤酒,2010-09-30,1,185.0000,0.74,185.0000,0.00,0
600575,芜湖港,2010-09-30,1,486.9340,1.37,0.0000,1.37,1
600375,华菱星马,2010-09-30,1,99.9985,0.53,99.9985,0.00,0
600502,安徽水利,2010-09-30,1,211.2250,0.95,-228.4100,1.97,1
600004,白云机场,2010-09-30,1,500.0000,0.43,0.0000,0.43,1
600392,盛和资源,2010-09-30,2,263.7570,1.68,32.9570,1.47,1
600251,冠农股份,2010-09-30,1,505.0000,1.39,5.0000,1.38,1
600436,片仔癀,2010-09-30,2,589.5240,4.21,15.0220,4.10,2
600439,瑞贝卡,2010-09-30,1,909.0600,1.23,0.0000,1.23,1
600425,青松建化,2010-09-30,1,481.0000,1.00,-94.9970,1.56,1
600029,南方航空,2010-09-30,1,2832.0000,0.35,2832.0000,0.00,0
600546,山煤国际,2010-09-30,1,787.4700,1.05,787.4700,0.00,0
600348,阳泉煤业,2010-09-30,1,820.0000,0.34,0.0000,0.34,1
600540,新赛股份,2010-09-30,1,61.3620,0.26,-36.0978,0.42,1
600354,敦煌种业,2010-09-30,1,433.7470,2.33,433.7470,0.00,0
000100,TCL集团,2010-09-30,1,3000.0000,0.71,0.0000,1.02,1
600325,华发股份,2010-09-30,1,600.0000,0.73,-169.9960,0.94,1
600452,涪陵电力,2010-09-30,1,100.0000,0.63,100.0000,0.00,0
600284,浦东建设,2010-09-30,1,599.9910,1.73,0.0000,1.73,1
600990,四创电子,2010-09-30,1,189.0480,1.61,189.0480,0.00,0
600993,马应龙,2010-09-30,1,536.0000,3.23,-226.0410,4.60,2
600491,龙元建设,2010-09-30,1,699.9960,1.48,699.9960,0.00,0
600461,洪城水业,2010-09-30,1,183.2910,1.31,183.2910,0.00,0
600420,现代制药,2010-09-30,1,168.0480,0.58,168.0480,0.00,0
002004,华邦颖泰,2010-09-30,2,727.7440,5.51,15.6020,5.40,2
002010,传化股份,2010-09-30,1,150.0000,0.61,50.0003,0.41,1
600482,风帆股份,2010-09-30,1,311.7900,0.68,30.0000,0.61,1
002022,科华生物,2010-09-30,1,802.1350,1.63,802.1350,0.00,0
002030,达安基因,2010-09-30,1,199.9760,0.69,12.0000,0.65,1
600971,恒源煤电,2010-09-30,1,280.9550,0.71,30.9920,0.63,1
002032,苏泊尔,2010-09-30,1,468.4160,0.81,-673.3120,1.98,3
600978,宜华木业,2010-09-30,2,1299.9970,1.29,1299.9970,0.00,0
600961,*ST株冶,2010-09-30,1,250.9670,0.48,250.9670,0.00,0
002035,华帝股份,2010-09-30,1,600.0000,2.69,-124.9870,3.25,1
002037,久联发展,2010-09-30,1,714.1100,4.13,166.0360,3.17,1
002038,双鹭药业,2010-09-30,2,1023.9910,4.07,14.2000,4.02,2
002039,黔源电力,2010-09-30,1,149.9960,1.07,149.9960,0.00,0
600970,中材国际,2010-09-30,1,699.9640,0.92,699.9640,0.00,0
002051,中工国际,2010-09-30,1,420.0000,2.21,-49.9930,2.47,1
002052,同洲电子,2010-09-30,1,200.0000,0.59,117.6210,0.24,1
601688,华泰证券,2010-09-30,1,820.5560,0.15,0.0000,0.15,1
601818,光大银行,2010-09-30,1,5685.3000,0.14,5685.3000,0.00,0
002281,光迅科技,2010-09-30,1,151.8620,0.95,-2.0000,0.96,1
002106,莱宝高科,2010-09-30,1,500.0000,1.17,-100.0000,1.40,1
002205,国统股份,2010-09-30,2,199.2230,1.99,149.2230,0.50,1
002457,青龙管业,2010-09-30,1,29.9931,0.21,29.9931,0.00,0
601158,重庆水务,2010-09-30,1,300.0000,0.06,-423.3800,0.15,1
002117,东港股份,2010-09-30,2,414.1720,3.34,414.1720,0.00,0
601808,中海油服,2010-09-30,1,849.7760,0.19,849.7760,0.00,0
002182,云海金属,2010-09-30,1,75.0000,0.39,-91.2610,0.87,1
002430,杭氧股份,2010-09-30,1,264.5300,0.66,264.5300,0.00,0
002146,荣盛发展,2010-09-30,1,1506.5700,1.05,768.9960,0.51,1
002089,新海宜,2010-09-30,1,299.9900,1.28,299.9900,0.00,0
002096,南岭民爆,2010-09-30,2,108.3579,0.82,108.3579,0.00,0
002068,黑猫股份,2010-09-30,1,778.0000,3.11,-32.0000,3.24,1
002308,威创股份,2010-09-30,1,68.3478,0.16,68.3478,0.00,0
002081,金螳螂,2010-09-30,1,350.0000,1.10,-12.9970,1.14,1
002086,东方海洋,2010-09-30,1,699.9760,2.87,699.9760,0.00,0
300049,福瑞股份,2010-09-30,2,106.3436,1.11,-108.9288,2.91,2
002083,孚日股份,2010-09-30,1,404.9830,0.43,0.0000,0.43,1
002098,浔兴股份,2010-09-30,1,98.9859,0.64,98.9859,0.00,0
002100,天康生物,2010-09-30,1,100.0000,0.44,-54.9950,0.89,1
002121,科陆电子,2010-09-30,1,160.0000,0.67,-10.0000,0.71,1
002114,罗平锌电,2010-09-30,1,200.0000,1.09,-190.0000,2.12,1
002216,三全食品,2010-09-30,2,429.8660,2.30,93.0000,1.80,1
002170,芭田股份,2010-09-30,1,599.1000,1.97,549.1000,0.16,1
002148,北纬通信,2010-09-30,2,205.9600,2.72,105.9600,1.32,1
002152,广电运通,2010-09-30,1,310.7980,0.91,-4.2020,0.92,1
002149,西部材料,2010-09-30,1,212.9390,1.22,36.0000,1.01,1
002158,汉钟精机,2010-09-30,1,130.0000,0.72,-77.6970,1.14,1
002254,泰和新材,2010-09-30,2,614.2850,2.35,3.1720,2.34,2
002164,东力传动,2010-09-30,1,105.2780,0.47,9.9904,0.53,1
002194,武汉凡谷,2010-09-30,1,399.9790,0.72,-0.0120,0.72,1
002397,梦洁家纺,2010-09-30,1,58.7070,0.62,26.7333,0.51,1
002246,北化股份,2010-09-30,1,263.1450,1.33,263.1450,0.00,0
601186,中国铁建,2010-09-30,1,4549.9900,0.37,0.0000,0.37,1
002225,濮耐股份,2010-09-30,1,60.0000,0.11,-99.9940,0.31,1
002244,滨江集团,2010-09-30,1,1199.9800,0.89,1199.9800,0.00,0
002253,川大智胜,2010-09-30,1,129.9750,1.74,52.8678,1.03,1
002241,歌尔声学,2010-09-30,1,238.5650,0.66,238.5650,0.00,0
002258,利尔化学,2010-09-30,1,29.9870,0.15,29.9870,0.00,0
002322,理工监测,2010-09-30,2,85.6272,1.28,39.0716,0.70,1
002418,康盛股份,2010-09-30,1,13.5493,0.09,13.5493,0.00,0
300036,超图软件,2010-09-30,1,50.0000,0.67,-6.1422,0.75,1
002286,保龄宝,2010-09-30,1,64.3673,0.62,12.0000,0.50,1
300065,海兰信,2010-09-30,1,42.9576,0.78,17.0000,0.47,1
002431,棕榈园林,2010-09-30,1,48.8995,0.41,19.9055,0.24,1
300058,蓝色光标,2010-09-30,1,98.6705,0.82,0.0000,0.82,1
601888,中国国旅,2010-09-30,1,400.0000,0.45,-410.2160,0.92,1
601989,中国重工,2010-09-30,1,3000.0000,0.45,3000.0000,0.00,0
300044,赛为智能,2010-09-30,1,69.0459,0.69,-8.1075,0.77,1
300037,新宙邦,2010-09-30,3,288.2105,2.69,51.2378,2.21,3
300022,吉峰农机,2010-09-30,1,31.3704,0.18,-75.1296,0.60,1
300005,探路者,2010-09-30,1,77.4934,0.58,17.5000,0.45,1
300003,乐普医疗,2010-09-30,1,51.7640,0.06,51.7640,0.00,0
300053,欧比特,2010-09-30,2,135.2988,1.35,135.2988,0.00,0
300087,荃银高科,2010-09-30,1,18.1839,0.34,18.1839,0.00,0
002311,海大集团,2010-09-30,1,285.9900,0.98,0.0000,0.98,1
002312,三泰电子,2010-09-30,1,31.9894,0.27,31.9894,0.00,0
002313,日海通讯,2010-09-30,1,50.2930,0.50,0.0000,0.50,1
002327,富安娜,2010-09-30,1,101.6120,0.76,24.2180,0.75,1
002317,众生药业,2010-09-30,1,41.8378,0.35,41.8378,0.00,0
002474,榕基软件,2010-09-30,1,20.0000,0.19,20.0000,0.00,0
002325,洪涛股份,2010-09-30,1,241.2950,1.61,7.5500,1.56,1
300004,南风股份,2010-09-30,1,88.9246,0.95,88.9246,0.00,0
601179,中国西电,2010-09-30,1,2000.0000,0.46,425.5100,0.36,1
002326,永太科技,2010-09-30,1,464.0320,3.48,8.7590,3.41,1
002330,得利斯,2010-09-30,1,209.9000,0.84,0.0000,0.84,1
002329,皇氏乳业,2010-09-30,1,54.0900,0.51,-50.8550,0.98,1
002339,积成电子,2010-09-30,2,212.9109,2.48,212.9109,0.00,0
002341,新纶科技,2010-09-30,1,99.9975,1.37,99.9975,0.00,0
002348,高乐股份,2010-09-30,1,110.0090,0.74,29.9998,0.54,1
002351,漫步者,2010-09-30,2,68.9952,0.47,-2.6648,0.49,1
300029,天龙光电,2010-09-30,1,150.0000,0.75,60.9072,0.45,1
002353,杰瑞股份,2010-09-30,1,31.9736,0.28,-2.0000,0.30,1
300030,阳普医疗,2010-09-30,1,22.5125,0.30,-1.5000,0.32,1
002367,康力电梯,2010-09-30,1,69.9655,0.44,69.9655,0.00,0
002421,达实智能,2010-09-30,1,83.2054,1.07,0.0000,1.07,1
002384,东山精密,2010-09-30,2,202.3716,1.26,36.4714,1.04,2
300056,三维丝,2010-09-30,1,116.1350,2.23,-9.6000,2.42,1
002387,黑牛食品,2010-09-30,2,124.9643,0.94,100.6643,0.18,1
002410,广联达,2010-09-30,1,231.9050,2.82,231.9050,0.00,0
300062,中能电气,2010-09-30,1,36.8393,0.48,28.2187,0.11,1
002428,云南锗业,2010-09-30,1,35.4877,0.28,20.4877,0.12,1
300073,当升科技,2010-09-30,1,19.9982,0.25,19.9982,0.00,0
002434,万里扬,2010-09-30,2,78.1502,0.46,78.1502,0.00,0
002440,闰土股份,2010-09-30,4,539.2388,1.83,539.2388,0.00,0
300078,中瑞思创,2010-09-30,1,34.9719,0.52,34.9719,0.00,0
002441,众业达,2010-09-30,1,22.4716,0.19,22.4716,0.00,0
300086,康芝药业,2010-09-30,1,121.9990,1.22,0.0000,1.22,1
300088,长信科技,2010-09-30,1,59.8673,0.48,59.8673,0.00,0
002453,天马精化,2010-09-30,1,80.4613,0.67,80.4613,0.00,0
300097,智云股份,2010-09-30,1,13.0000,0.22,13.0000,0.00,0
300089,长城集团,2010-09-30,1,14.2045,0.14,14.2045,0.00,0
300102,乾照光电,2010-09-30,1,19.9981,0.17,19.9981,0.00,0
300109,新开源,2010-09-30,1,9.4380,0.26,9.4380,0.00,0
002480,新筑股份,2010-09-30,1,91.6810,0.65,91.6810,0.00,0
002482,广田股份,2010-09-30,1,41.4365,0.26,41.4365,0.00,0
300122,智飞生物,2010-09-30,1,20.0000,0.05,20.0000,0.00,0
