600006,东风汽车,2010-06-30,1,1335.1300,0.67,0.0000,0.67,1
600012,皖通高速,2010-06-30,1,336.1080,0.20,336.1080,0.00,0
600028,中国石化,2010-06-30,1,3324.3000,0.04,0.0000,0.04,1
600055,华润万东,2010-06-30,2,711.8900,3.29,711.8900,0.00,0
600063,皖维高新,2010-06-30,1,182.6970,0.50,182.6970,0.00,0
600085,同仁堂,2010-06-30,1,355.9540,0.68,101.9830,0.49,1
600089,特变电工,2010-06-30,1,1200.0000,0.67,0.0000,0.67,1
600096,云天化,2010-06-30,1,399.9820,0.68,0.0000,0.68,1
600097,开创国际,2010-06-30,1,159.7720,0.79,0.0000,0.79,1
600104,上汽集团,2010-06-30,2,8371.9900,0.98,2091.9900,0.96,2
600105,永鼎股份,2010-06-30,1,299.8780,0.79,299.8780,0.00,0
600117,西宁特钢,2010-06-30,1,640.0000,0.86,-410.0000,1.42,1
600119,长江投资,2010-06-30,1,320.8210,1.04,-75.2570,1.29,1
600125,铁龙物流,2010-06-30,1,1355.4500,1.35,-1311.6210,2.66,2
600129,太极集团,2010-06-30,2,832.5370,1.95,832.5370,0.00,0
600139,西部资源,2010-06-30,1,384.5920,1.62,384.5920,0.00,0
600152,维科精华,2010-06-30,1,126.1460,0.43,-372.0380,1.70,1
600157,永泰能源,2010-06-30,1,276.4200,1.08,276.4200,0.00,0
600160,巨化股份,2010-06-30,2,387.1920,0.63,387.1920,0.00,0
600161,天坛生物,2010-06-30,1,499.9940,1.02,499.9940,0.00,0
600162,香江控股,2010-06-30,1,290.0000,0.38,290.0000,0.00,0
600169,太原重工,2010-06-30,1,480.0000,0.67,480.0000,0.00,0
600171,上海贝岭,2010-06-30,2,2526.8570,3.75,2526.8570,0.00,0
600189,吉林森工,2010-06-30,1,173.6680,0.56,173.6680,0.00,0
600193,创兴资源,2010-06-30,1,523.4430,2.40,-563.1390,4.98,2
600197,伊力特,2010-06-30,1,1005.0000,2.28,-463.4650,3.33,2
600201,金宇集团,2010-06-30,1,245.0000,0.87,20.0000,0.80,1
600213,亚星客车,2010-06-30,2,950.0910,4.32,434.1730,2.35,1
600228,昌九生化,2010-06-30,1,499.9930,2.07,499.9930,0.00,0
600231,凌钢股份,2010-06-30,2,1067.6850,1.33,225.4280,1.05,1
600233,大杨创世,2010-06-30,1,52.1152,0.32,8.0000,0.27,1
600236,桂冠电力,2010-06-30,1,400.0000,0.18,-800.0000,0.74,1
600238,海南椰岛,2010-06-30,1,578.4110,1.94,178.4140,2.41,1
600255,鑫科材料,2010-06-30,1,141.6000,0.32,141.6000,0.00,0
600269,赣粤高速,2010-06-30,1,599.9920,0.26,0.0000,0.26,1
600280,中央商场,2010-06-30,1,455.8260,3.18,-205.5280,4.61,2
600288,大恒科技,2010-06-30,1,173.7000,0.40,173.7000,0.00,0
600292,中电远达,2010-06-30,2,784.5850,2.35,-96.3100,2.63,2
600305,恒顺醋业,2010-06-30,1,202.5060,1.59,22.0000,1.42,1
600306,商业城,2010-06-30,1,299.9940,1.68,299.9940,0.00,0
600316,洪都航空,2010-06-30,1,183.6500,0.52,183.6500,0.00,0
600327,大东方,2010-06-30,1,695.2570,1.33,254.2010,1.35,1
600331,宏达股份,2010-06-30,1,295.4340,0.29,-440.0000,0.71,2
600337,美克股份,2010-06-30,1,796.7850,1.56,796.7850,0.00,0
600350,山东高速,2010-06-30,1,508.2000,0.15,-18.8000,0.16,1
600356,恒丰纸业,2010-06-30,1,116.3990,0.60,116.3990,0.00,0
600360,华微电子,2010-06-30,1,500.0000,0.96,500.0000,0.00,0
600373,中文传媒,2010-06-30,1,679.1910,3.62,5.6400,3.59,1
600378,天科股份,2010-06-30,1,193.1450,0.71,-174.3800,1.50,1
600382,广东明珠,2010-06-30,2,1246.3350,3.65,-443.3970,4.94,2
600386,北巴传媒,2010-06-30,1,480.5580,1.19,480.5580,0.00,0
600397,安源煤业,2010-06-30,1,800.7750,2.97,0.0000,2.97,1
600415,小商品城,2010-06-30,1,1699.0600,1.25,823.5310,1.29,1
600422,昆明制药,2010-06-30,1,544.2860,1.73,-400.0000,3.01,1
600426,华鲁恒升,2010-06-30,1,370.0000,0.75,370.0000,0.00,0
600486,扬农化工,2010-06-30,1,200.0000,1.16,46.7880,1.16,1
600499,科达机电,2010-06-30,1,700.9610,1.17,700.9610,0.00,0
600505,西昌电力,2010-06-30,1,499.9990,1.37,499.9990,0.00,0
600523,贵航股份,2010-06-30,3,1155.8820,4.00,-244.3170,4.85,3
600525,长园集团,2010-06-30,1,500.0000,1.16,206.8220,1.36,1
600533,栖霞建设,2010-06-30,1,401.3140,0.38,50.0000,0.33,1
600549,厦门钨业,2010-06-30,1,813.3050,1.19,-343.4750,1.70,1
600551,时代出版,2010-06-30,1,437.0570,1.04,30.0000,1.04,1
600558,大西洋,2010-06-30,2,608.6280,4.40,528.6321,0.66,1
600559,老白干酒,2010-06-30,2,1009.7330,7.21,249.9780,5.43,2
600571,信雅达,2010-06-30,1,207.4080,1.07,207.4080,0.00,0
600578,京能电力,2010-06-30,1,105.4900,0.18,105.4900,0.00,0
600582,天地科技,2010-06-30,1,1605.7500,2.38,431.2100,1.74,1
600587,新华医疗,2010-06-30,1,327.3900,2.44,327.3900,0.00,0
600596,新安股份,2010-06-30,2,1400.0000,2.06,764.1820,2.06,1
600600,青岛啤酒,2010-06-30,2,2026.5900,1.75,-40.0000,1.53,2
600622,嘉宝集团,2010-06-30,1,399.9920,0.78,399.9920,0.00,0
600639,浦东金桥,2010-06-30,1,404.7470,0.48,0.0000,0.48,1
600660,福耀玻璃,2010-06-30,1,4159.0000,2.08,1199.9900,1.48,1
600664,哈药股份,2010-06-30,1,1680.9800,1.35,240.4000,1.16,1
600674,川投能源,2010-06-30,1,250.4120,0.27,0.0000,0.27,1
600682,南京新百,2010-06-30,1,387.2480,1.08,0.0000,1.08,1
600686,金龙汽车,2010-06-30,1,1001.5400,2.26,83.4780,2.07,1
600710,常林股份,2010-06-30,1,183.1650,0.38,183.1650,0.00,0
600713,南京医药,2010-06-30,1,652.3410,1.88,-515.9630,3.88,2
600718,东软集团,2010-06-30,3,2234.2990,2.37,1434.2990,0.85,1
600723,首商股份,2010-06-30,1,706.7560,1.72,299.9820,0.99,1
600729,重庆百货,2010-06-30,2,1011.9840,4.96,0.0000,4.96,2
600738,兰州民百,2010-06-30,2,1153.0490,4.39,435.9380,2.73,1
600741,华域汽车,2010-06-30,1,1800.0000,0.70,0.0000,0.70,1
600742,一汽富维,2010-06-30,2,499.1220,2.36,145.0540,1.67,1
600750,江中药业,2010-06-30,1,418.2770,1.41,-1.7230,1.42,1
000022,深赤湾A,2010-06-30,1,850.3720,1.32,0.0000,1.32,1
000069,华侨城A,2010-06-30,1,1242.5400,0.40,-943.6900,0.70,1
000089,深圳机场,2010-06-30,1,265.9000,0.16,-74.1000,0.20,1
000410,沈阳机床,2010-06-30,2,2059.9900,3.78,1280.5280,1.43,1
000418,小天鹅A,2010-06-30,1,623.9190,1.14,623.9190,0.00,0
600763,通策医疗,2010-06-30,2,323.6370,2.02,323.6370,0.00,0
600765,中航重机,2010-06-30,1,919.9950,1.18,332.6150,1.13,1
600785,新华百货,2010-06-30,1,405.9590,1.96,405.9590,0.00,0
600809,山西汾酒,2010-06-30,1,760.0000,1.76,80.0150,1.57,1
600812,华北制药,2010-06-30,1,800.0000,0.78,800.0000,0.00,0
600828,成商集团,2010-06-30,2,858.1050,2.35,858.1050,0.00,0
600829,三精制药,2010-06-30,1,941.0400,2.43,35.0000,2.34,1
601607,上海医药,2010-06-30,1,1175.5600,0.59,23.4500,0.58,1
600850,华东电脑,2010-06-30,2,652.6720,3.82,652.6720,0.00,0
600858,银座股份,2010-06-30,1,458.8530,1.59,0.0000,1.59,1
600859,王府井,2010-06-30,1,400.0000,1.02,0.0000,1.02,1
600872,中炬高新,2010-06-30,1,400.0000,0.55,-230.0000,0.87,1
600879,航天电子,2010-06-30,1,557.4760,0.69,-1427.9500,2.45,2
600886,国投电力,2010-06-30,3,5566.2600,2.79,100.0000,2.74,3
000501,鄂武商A,2010-06-30,1,768.4890,1.52,-180.2580,1.87,1
000511,银基发展,2010-06-30,1,139.5800,0.12,139.5800,0.00,0
000513,丽珠集团,2010-06-30,1,549.9000,1.86,170.0350,1.28,1
000530,大冷股份,2010-06-30,1,187.0770,0.53,187.0770,0.00,0
000550,江铃汽车,2010-06-30,1,477.9040,0.55,477.9040,0.00,0
000600,建投能源,2010-06-30,1,1430.0000,1.57,0.0000,1.57,1
000635,英力特,2010-06-30,1,300.0220,1.69,6.9910,1.65,1
000651,格力电器,2010-06-30,1,1927.4200,1.03,0.0000,1.03,1
000661,长春高新,2010-06-30,1,154.6050,1.18,0.0000,1.18,1
000667,名流置业,2010-06-30,1,5986.6600,2.34,2835.7900,2.34,1
001696,宗申动力,2010-06-30,1,756.5120,0.74,756.5120,0.00,0
000698,沈阳化工,2010-06-30,1,855.4060,1.29,623.6980,0.35,1
000708,大冶特钢,2010-06-30,1,441.8400,0.98,441.8400,0.00,0
000713,丰乐种业,2010-06-30,1,109.9870,0.41,43.8070,0.29,1
000715,中兴商业,2010-06-30,1,602.4430,2.16,0.0000,2.16,1
000733,振华科技,2010-06-30,1,152.8330,0.43,25.6100,0.36,1
000758,中色股份,2010-06-30,1,431.0390,0.67,-101.1130,0.83,1
000777,中核科技,2010-06-30,1,286.6630,1.42,-99.3820,1.91,2
000800,一汽轿车,2010-06-30,1,2348.2700,1.44,0.0000,1.44,1
000826,桑德环境,2010-06-30,1,349.5050,0.85,-110.6910,1.11,1
000858,五粮液,2010-06-30,2,2446.2300,0.64,2446.2300,0.00,0
000861,海印股份,2010-06-30,1,98.8287,0.20,98.8287,0.00,0
000880,潍柴重机,2010-06-30,1,300.0000,1.09,-134.7500,1.57,1
000895,双汇发展,2010-06-30,1,642.0260,1.06,0.0000,1.06,1
000897,津滨发展,2010-06-30,1,299.9940,0.19,-400.0000,0.43,1
000899,赣能股份,2010-06-30,1,136.7270,0.21,136.7270,0.00,0
000911,南宁糖业,2010-06-30,1,112.4040,0.39,10.0020,0.36,1
000917,电广传媒,2010-06-30,2,1216.0120,2.99,-1680.6990,7.13,3
000920,南方汇通,2010-06-30,1,310.0070,0.73,310.0070,0.00,0
000932,华菱钢铁,2010-06-30,2,3264.9600,1.19,-999.9900,1.56,2
000933,神火股份,2010-06-30,1,800.0000,0.76,69.6280,0.97,1
000949,新乡化纤,2010-06-30,1,330.0000,0.52,-400.0000,1.24,1
000952,广济药业,2010-06-30,1,140.0000,0.56,-256.6410,1.58,2
000961,中南建设,2010-06-30,1,662.4100,0.57,272.4600,0.50,1
000963,华东医药,2010-06-30,1,550.0000,1.27,0.0000,1.27,1
000978,桂林旅游,2010-06-30,1,416.0000,1.16,96.0000,1.16,1
000989,九芝堂,2010-06-30,2,585.3380,1.97,169.4080,1.40,2
000990,诚志股份,2010-06-30,1,256.0740,0.86,256.0740,0.00,0
600575,芜湖港,2010-06-30,1,486.9340,1.37,0.0000,1.37,1
600502,安徽水利,2010-06-30,1,439.6350,1.97,-103.1280,2.43,1
600004,白云机场,2010-06-30,1,500.0000,0.43,-574.9070,0.93,2
600459,贵研铂业,2010-06-30,1,49.0990,0.44,49.0990,0.00,0
600392,盛和资源,2010-06-30,1,230.8000,1.47,0.0000,1.47,1
600251,冠农股份,2010-06-30,1,500.0000,1.38,-200.0000,1.93,1
600436,片仔癀,2010-06-30,2,574.5020,4.10,327.8260,1.76,1
600439,瑞贝卡,2010-06-30,1,909.0600,1.23,151.5100,1.23,1
600425,青松建化,2010-06-30,1,575.9970,1.56,99.5530,1.29,1
600348,阳泉煤业,2010-06-30,1,820.0000,0.34,820.0000,0.00,0
600429,三元股份,2010-06-30,1,406.3560,0.46,406.3560,0.00,0
600478,科力远,2010-06-30,1,300.0000,1.05,-62.5080,1.27,1
600540,新赛股份,2010-06-30,1,97.4598,0.42,97.4598,0.00,0
000100,TCL集团,2010-06-30,1,3000.0000,1.02,3000.0000,0.00,0
600325,华发股份,2010-06-30,1,769.9960,0.94,769.9960,0.00,0
600284,浦东建设,2010-06-30,1,599.9910,1.73,599.9910,0.00,0
600114,东睦股份,2010-06-30,1,74.9847,0.38,74.9847,0.00,0
600993,马应龙,2010-06-30,2,762.0410,4.60,-40.0000,4.84,2
600995,文山电力,2010-06-30,1,350.0000,0.73,-139.0060,1.02,1
002004,华邦颖泰,2010-06-30,2,712.1420,5.40,20.0340,5.24,2
002010,传化股份,2010-06-30,1,99.9997,0.41,99.9997,0.00,0
002011,盾安环境,2010-06-30,1,133.6980,0.36,133.6980,0.00,0
600482,风帆股份,2010-06-30,1,281.7900,0.61,-48.2100,0.72,1
002030,达安基因,2010-06-30,1,187.9760,0.65,187.9760,0.00,0
600971,恒源煤电,2010-06-30,1,249.9630,0.63,87.9970,0.41,1
002032,苏泊尔,2010-06-30,3,1141.7280,1.98,539.4950,1.36,2
002035,华帝股份,2010-06-30,1,724.9870,3.25,259.7030,2.71,1
002037,久联发展,2010-06-30,1,548.0740,3.17,548.0740,0.00,0
002038,双鹭药业,2010-06-30,2,1009.7910,4.02,-348.4750,5.40,3
002048,宁波华翔,2010-06-30,1,260.0000,0.46,-839.9800,2.23,1
002051,中工国际,2010-06-30,1,469.9930,2.47,469.9930,0.00,0
002052,同洲电子,2010-06-30,1,82.3790,0.24,82.3790,0.00,0
601688,华泰证券,2010-06-30,1,820.5560,0.15,820.5560,0.00,0
601788,光大证券,2010-06-30,1,180.0000,0.05,180.0000,0.00,0
601009,南京银行,2010-06-30,1,1397.5500,0.59,1397.5500,0.00,0
002281,光迅科技,2010-06-30,1,153.8620,0.96,10.9970,0.89,1
002302,西部建设,2010-06-30,1,119.9970,0.86,0.0000,0.86,1
002106,莱宝高科,2010-06-30,1,600.0000,1.40,-100.0000,2.12,1
002205,国统股份,2010-06-30,1,50.0000,0.50,50.0000,0.00,0
601158,重庆水务,2010-06-30,1,723.3800,0.15,723.3800,0.00,0
002203,海亮股份,2010-06-30,1,84.1999,0.21,31.0774,0.13,1
002182,云海金属,2010-06-30,1,166.2610,0.87,166.2610,0.00,0
002054,德美化工,2010-06-30,1,160.0000,0.72,-80.0000,1.09,1
002146,荣盛发展,2010-06-30,1,737.5740,0.51,284.5880,0.51,1
002065,东华软件,2010-06-30,1,571.8730,1.34,571.8730,0.00,0
601006,大秦铁路,2010-06-30,1,4683.4800,0.36,0.0000,0.36,1
002208,合肥城建,2010-06-30,1,308.8800,0.96,154.4400,0.96,1
002068,黑猫股份,2010-06-30,1,810.0000,3.24,164.4510,3.36,1
002081,金螳螂,2010-06-30,1,362.9970,1.14,94.4010,1.26,1
002074,东源电器,2010-06-30,1,296.1790,2.10,-84.0100,2.70,1
300049,福瑞股份,2010-06-30,2,215.2724,2.91,187.4100,0.38,1
002083,孚日股份,2010-06-30,1,404.9830,0.43,94.9970,0.33,1
002100,天康生物,2010-06-30,1,154.9950,0.89,154.9950,0.00,0
002121,科陆电子,2010-06-30,1,170.0000,0.71,170.0000,0.00,0
002114,罗平锌电,2010-06-30,1,390.0000,2.12,94.3170,1.61,1
002216,三全食品,2010-06-30,1,336.8660,1.80,0.0000,1.80,1
002170,芭田股份,2010-06-30,1,50.0000,0.16,0.0000,0.16,1
002148,北纬通信,2010-06-30,1,100.0000,1.32,0.0000,1.32,1
002152,广电运通,2010-06-30,1,315.0000,0.92,315.0000,0.00,0
002149,西部材料,2010-06-30,1,176.9390,1.01,75.9700,0.58,1
002155,辰州矿业,2010-06-30,1,647.1460,1.18,461.1460,0.34,1
002158,汉钟精机,2010-06-30,1,207.6970,1.14,-59.1770,1.69,1
002254,泰和新材,2010-06-30,2,611.1130,2.34,87.0280,3.21,2
002164,东力传动,2010-06-30,1,95.2876,0.53,27.9907,0.37,1
002191,劲嘉股份,2010-06-30,1,119.9900,0.19,119.9900,0.00,0
002194,武汉凡谷,2010-06-30,1,399.9910,0.72,-400.0020,1.44,3
002397,梦洁家纺,2010-06-30,1,31.9737,0.51,31.9737,0.00,0
601186,中国铁建,2010-06-30,1,4549.9900,0.37,0.0000,0.37,1
002225,濮耐股份,2010-06-30,1,159.9940,0.31,59.9961,0.19,1
002253,川大智胜,2010-06-30,1,77.1072,1.03,20.2318,0.91,1
002252,上海莱士,2010-06-30,1,64.9367,0.41,64.9367,0.00,0
002238,天威视讯,2010-06-30,1,174.4100,0.65,-595.5900,2.88,2
002372,伟星新材,2010-06-30,1,17.9176,0.07,17.9176,0.00,0
002419,天虹商场,2010-06-30,1,15.0000,0.04,15.0000,0.00,0
002322,理工监测,2010-06-30,1,46.5556,0.70,46.5556,0.00,0
300051,三五互联,2010-06-30,1,45.8396,0.86,45.8396,0.00,0
002283,天润曲轴,2010-06-30,1,50.0000,0.21,-30.0000,0.33,1
300036,超图软件,2010-06-30,1,56.1422,0.75,27.4864,0.38,1
002277,友阿股份,2010-06-30,2,264.9434,0.76,264.9434,0.00,0
002286,保龄宝,2010-06-30,1,52.3673,0.50,37.3755,0.19,1
300065,海兰信,2010-06-30,1,25.9576,0.47,25.9576,0.00,0
002431,棕榈园林,2010-06-30,1,28.9940,0.24,28.9940,0.00,0
300075,数字政通,2010-06-30,1,24.9876,0.45,24.9876,0.00,0
300058,蓝色光标,2010-06-30,1,98.6705,0.82,32.8902,0.82,1
601888,中国国旅,2010-06-30,1,810.2160,0.92,591.3670,0.25,1
300044,赛为智能,2010-06-30,1,77.1534,0.77,77.1534,0.00,0
300032,金龙机电,2010-06-30,1,59.9965,0.42,59.9965,0.00,0
300037,新宙邦,2010-06-30,3,236.9727,2.21,-34.9148,2.54,4
300022,吉峰农机,2010-06-30,1,106.5000,0.60,106.5000,0.00,0
300005,探路者,2010-06-30,1,59.9934,0.45,40.9988,0.28,1
300041,回天胶业,2010-06-30,1,33.9913,0.52,4.4550,0.45,1
002311,海大集团,2010-06-30,1,285.9900,0.98,285.9900,0.00,0
002313,日海通讯,2010-06-30,1,50.2930,0.50,50.2930,0.00,0
002324,普利特,2010-06-30,1,48.3342,0.36,-31.6578,0.59,1
002327,富安娜,2010-06-30,1,77.3940,0.75,-15.6017,0.90,2
002318,久立特材,2010-06-30,1,72.7964,0.35,16.7992,0.35,1
002325,洪涛股份,2010-06-30,1,233.7450,1.56,138.2307,0.80,1
601179,中国西电,2010-06-30,1,1574.4900,0.36,1074.4900,0.11,1
601877,正泰电器,2010-06-30,2,290.9754,0.29,290.9754,0.00,0
300019,硅宝科技,2010-06-30,1,17.4990,0.17,17.4990,0.00,0
002326,永太科技,2010-06-30,1,455.2730,3.41,157.4910,2.23,1
002330,得利斯,2010-06-30,1,209.9000,0.84,0.0000,0.84,1
002329,皇氏乳业,2010-06-30,1,104.9450,0.98,10.9942,0.88,1
002336,人人乐,2010-06-30,1,129.9840,0.32,-39.4896,0.42,2
002348,高乐股份,2010-06-30,1,80.0092,0.54,80.0092,0.00,0
002351,漫步者,2010-06-30,1,71.6600,0.49,71.6600,0.00,0
300029,天龙光电,2010-06-30,1,89.0928,0.45,73.0954,0.08,1
002353,杰瑞股份,2010-06-30,1,33.9736,0.30,33.9736,0.00,0
300030,阳普医疗,2010-06-30,1,24.0125,0.32,24.0125,0.00,0
002363,隆基机械,2010-06-30,1,21.3270,0.18,21.3270,0.00,0
002421,达实智能,2010-06-30,1,83.2054,1.07,83.2054,0.00,0
002384,东山精密,2010-06-30,2,165.9002,1.04,165.9002,0.00,0
300056,三维丝,2010-06-30,1,125.7350,2.42,125.7350,0.00,0
002387,黑牛食品,2010-06-30,1,24.3000,0.18,24.3000,0.00,0
300062,中能电气,2010-06-30,1,8.6206,0.11,8.6206,0.00,0
601369,陕鼓动力,2010-06-30,1,233.8690,0.21,233.8690,0.00,0
002428,云南锗业,2010-06-30,1,15.0000,0.12,15.0000,0.00,0
300086,康芝药业,2010-06-30,1,121.9990,1.22,121.9990,0.00,0
