600006,东风汽车,2010-03-31,1,1335.1300,0.67,0.0000,0.67,1
600026,中海发展,2010-03-31,1,643.4750,0.19,643.4750,0.00,0
600028,中国石化,2010-03-31,1,3324.3000,0.04,3324.3000,0.00,0
600085,同仁堂,2010-03-31,1,253.9710,0.49,253.9710,0.00,0
600089,特变电工,2010-03-31,1,1200.0000,0.67,1200.0000,0.00,0
600090,啤酒花,2010-03-31,2,1082.2320,2.94,-682.5580,4.80,2
600096,云天化,2010-03-31,1,399.9820,0.68,50.0000,0.59,1
600097,开创国际,2010-03-31,1,159.7720,0.79,0.0000,0.79,1
600098,广州发展,2010-03-31,1,273.7940,0.13,273.7940,0.00,0
600104,上汽集团,2010-03-31,2,6280.0000,0.96,870.4000,0.83,2
600117,西宁特钢,2010-03-31,1,1050.0000,1.42,-765.3010,2.45,2
600119,长江投资,2010-03-31,1,396.0780,1.29,396.0780,0.00,0
600121,郑州煤电,2010-03-31,1,229.0850,0.36,229.0850,0.00,0
600125,铁龙物流,2010-03-31,2,2667.0710,2.66,1967.0750,0.70,1
600152,维科精华,2010-03-31,1,498.1840,1.70,-61.3240,1.91,1
600170,上海建工,2010-03-31,1,105.2080,0.15,1.5500,0.14,1
600193,创兴资源,2010-03-31,2,1086.5820,4.98,1086.5820,0.00,0
600197,伊力特,2010-03-31,2,1468.4650,3.33,113.6330,3.07,2
600198,大唐电信,2010-03-31,1,421.1580,0.96,-634.0300,2.40,2
600201,金宇集团,2010-03-31,1,225.0000,0.80,225.0000,0.00,0
600213,亚星客车,2010-03-31,1,515.9180,2.35,515.9180,0.00,0
600227,赤天化,2010-03-31,1,245.0520,0.52,168.2342,0.21,1
600231,凌钢股份,2010-03-31,1,842.2570,1.05,842.2570,0.00,0
600233,大杨创世,2010-03-31,1,44.1152,0.27,44.1152,0.00,0
600236,桂冠电力,2010-03-31,1,1200.0000,0.74,0.0000,0.81,1
600238,海南椰岛,2010-03-31,1,399.9970,2.41,399.9970,0.00,0
600260,凯乐科技,2010-03-31,1,318.2500,0.60,318.2500,0.00,0
600261,阳光照明,2010-03-31,1,249.9880,1.00,249.9880,0.00,0
600266,北京城建,2010-03-31,1,550.0000,0.74,-330.0000,1.19,1
600269,赣粤高速,2010-03-31,1,599.9920,0.26,599.9920,0.00,0
600280,中央商场,2010-03-31,2,661.3540,4.61,230.5210,3.00,1
600292,中电远达,2010-03-31,2,880.8950,2.63,880.8950,0.00,0
600299,蓝星新材,2010-03-31,1,325.2940,0.62,325.2940,0.00,0
600300,维维股份,2010-03-31,1,275.1940,0.16,275.1940,0.00,0
600305,恒顺醋业,2010-03-31,1,180.5060,1.42,180.5060,0.00,0
600317,营口港,2010-03-31,1,311.7920,0.28,311.7920,0.00,0
600327,大东方,2010-03-31,1,441.0560,1.35,20.0000,1.29,1
600331,宏达股份,2010-03-31,2,735.4340,0.71,-1127.3970,1.81,2
600336,澳柯玛,2010-03-31,1,224.9880,0.66,224.9880,0.00,0
600339,天利高新,2010-03-31,1,200.0000,0.38,200.0000,0.00,0
600350,山东高速,2010-03-31,1,527.0000,0.16,-426.5630,0.28,2
600373,中文传媒,2010-03-31,1,673.5510,3.59,673.5510,0.00,0
600378,天科股份,2010-03-31,1,367.5250,1.50,267.5250,0.41,1
600382,广东明珠,2010-03-31,2,1689.7320,4.94,-4.7800,4.96,2
600397,安源煤业,2010-03-31,1,800.7750,2.97,20.0000,2.90,1
600415,小商品城,2010-03-31,1,875.5290,1.29,-25.0000,1.32,1
600422,昆明制药,2010-03-31,1,944.2860,3.01,944.2860,0.00,0
600428,中远航运,2010-03-31,1,671.1480,0.51,25.0000,0.49,1
600486,扬农化工,2010-03-31,1,153.2120,1.16,153.2120,0.00,0
600496,精工钢构,2010-03-31,2,802.4430,2.07,802.4430,0.00,0
600523,贵航股份,2010-03-31,3,1400.1990,4.85,1400.1990,0.00,0
600525,长园集团,2010-03-31,1,293.1780,1.36,293.1780,0.00,0
600531,豫光金铅,2010-03-31,1,110.9580,0.49,110.9580,0.00,0
600533,栖霞建设,2010-03-31,1,351.3140,0.33,351.3140,0.00,0
600549,厦门钨业,2010-03-31,1,1156.7800,1.70,132.8200,1.50,1
600551,时代出版,2010-03-31,1,407.0570,1.04,407.0570,0.00,0
600557,康缘药业,2010-03-31,1,663.0210,2.07,-1.3100,2.08,1
600558,大西洋,2010-03-31,1,79.9959,0.66,79.9959,0.00,0
600559,老白干酒,2010-03-31,2,759.7550,5.43,-39.2270,5.71,2
600563,法拉电子,2010-03-31,1,160.0000,0.71,160.0000,0.00,0
600567,山鹰纸业,2010-03-31,1,305.8730,0.57,305.8730,0.00,0
600582,天地科技,2010-03-31,1,1174.5400,1.74,111.4300,1.58,1
600596,新安股份,2010-03-31,1,635.8180,2.06,17.9950,2.00,1
600598,北大荒,2010-03-31,1,694.1120,0.39,694.1120,0.00,0
600600,青岛啤酒,2010-03-31,2,2066.5900,1.53,-80.0000,1.59,2
600639,浦东金桥,2010-03-31,1,404.7470,0.48,0.0000,0.48,1
600641,万业企业,2010-03-31,1,285.7510,0.35,285.7510,0.00,0
600660,福耀玻璃,2010-03-31,1,2959.0100,1.48,2959.0100,0.00,0
600664,哈药股份,2010-03-31,1,1440.5800,1.16,1440.5800,0.00,0
600674,川投能源,2010-03-31,1,250.4120,0.27,0.0000,0.27,1
600675,中华企业,2010-03-31,1,399.9880,0.37,30.0000,0.34,1
600682,南京新百,2010-03-31,1,387.2480,1.08,125.9880,0.73,1
600686,金龙汽车,2010-03-31,1,918.0620,2.07,0.0000,2.07,1
600689,上海三毛,2010-03-31,1,76.8800,0.38,76.8800,0.00,0
600694,大商股份,2010-03-31,1,920.0000,3.13,-764.9180,5.74,2
600702,沱牌舍得,2010-03-31,1,141.7700,0.42,141.7700,0.00,0
600713,南京医药,2010-03-31,2,1168.3040,3.88,557.6830,2.03,1
600717,天津港,2010-03-31,1,1048.7500,0.63,-551.2500,0.96,1
600718,东软集团,2010-03-31,1,800.0000,0.85,-33.7000,0.88,1
600720,祁连山,2010-03-31,1,299.9900,0.63,299.9900,0.00,0
600723,首商股份,2010-03-31,1,406.7740,0.99,406.7740,0.00,0
600729,重庆百货,2010-03-31,2,1011.9840,4.96,0.0000,4.96,2
600738,兰州民百,2010-03-31,1,717.1110,2.73,717.1110,0.00,0
600741,华域汽车,2010-03-31,1,1800.0000,0.70,-45.5300,0.71,1
600742,一汽富维,2010-03-31,1,354.0680,1.67,-659.6390,4.79,2
600750,江中药业,2010-03-31,1,420.0000,1.42,-107.1380,1.78,1
000006,深振业A,2010-03-31,1,348.5110,0.69,348.5110,0.00,0
000022,深赤湾A,2010-03-31,1,850.3720,1.32,0.0000,1.32,1
000031,中粮地产,2010-03-31,1,234.3610,0.13,0.0000,0.13,1
000069,华侨城A,2010-03-31,1,2186.2300,0.70,2186.2300,0.00,0
000089,深圳机场,2010-03-31,1,340.0000,0.20,-160.0000,0.30,1
000410,沈阳机床,2010-03-31,1,779.4620,1.43,779.4620,0.00,0
600761,安徽合力,2010-03-31,1,232.8690,0.65,232.8690,0.00,0
600765,中航重机,2010-03-31,1,587.3800,1.13,437.3800,0.29,1
600782,新钢股份,2010-03-31,1,500.0000,0.36,-600.0000,0.79,1
600809,山西汾酒,2010-03-31,1,679.9850,1.57,198.9780,1.11,1
600810,神马股份,2010-03-31,1,400.0000,0.90,-396.2070,1.80,1
600826,兰生股份,2010-03-31,1,149.0740,0.53,149.0740,0.00,0
600829,三精制药,2010-03-31,1,906.0400,2.34,409.8390,1.28,1
601607,上海医药,2010-03-31,1,1152.1100,0.58,1152.1100,0.00,0
600858,银座股份,2010-03-31,1,458.8530,1.59,458.8530,0.00,0
600859,王府井,2010-03-31,1,400.0000,1.02,0.0000,1.02,1
600866,星湖科技,2010-03-31,1,491.0800,0.94,-798.1080,2.47,2
600872,中炬高新,2010-03-31,1,630.0000,0.87,-0.0130,0.87,1
600873,梅花集团,2010-03-31,1,111.9930,1.03,21.9980,0.83,1
600879,航天电子,2010-03-31,2,1985.4260,2.45,1985.4260,0.00,0
600886,国投电力,2010-03-31,3,5466.2600,2.74,427.7400,2.53,3
000501,鄂武商A,2010-03-31,1,948.7470,1.87,-71.4130,2.01,1
000513,丽珠集团,2010-03-31,1,379.8650,1.28,0.0000,1.28,1
000540,中天城投,2010-03-31,2,690.7400,1.21,690.7400,0.00,0
000560,昆百大A,2010-03-31,1,299.9770,2.23,-100.0000,2.98,1
000562,宏源证券,2010-03-31,1,400.0000,0.27,-133.6100,0.37,1
000597,东北制药,2010-03-31,1,80.3624,0.24,80.3624,0.00,0
000598,兴蓉投资,2010-03-31,1,864.6540,1.87,-277.1760,3.78,1
000600,建投能源,2010-03-31,1,1430.0000,1.57,0.0000,1.57,1
000635,英力特,2010-03-31,1,293.0310,1.65,15.0000,1.57,1
000639,西王食品,2010-03-31,1,205.1970,2.82,205.1970,0.00,0
000651,格力电器,2010-03-31,1,1927.4200,1.03,1927.4200,0.00,0
000661,长春高新,2010-03-31,1,154.6050,1.18,-20.3830,1.33,1
000667,名流置业,2010-03-31,1,3150.8700,2.34,-800.0000,2.93,1
000679,大连友谊,2010-03-31,1,86.3266,0.36,86.3266,0.00,0
000698,沈阳化工,2010-03-31,1,231.7080,0.35,231.7080,0.00,0
000707,双环科技,2010-03-31,1,367.6350,0.79,367.6350,0.00,0
000710,天兴仪表,2010-03-31,1,111.8140,0.74,-12.4200,0.82,1
000713,丰乐种业,2010-03-31,1,66.1800,0.29,66.1800,0.00,0
000715,中兴商业,2010-03-31,1,602.4430,2.16,0.0000,2.16,1
000731,四川美丰,2010-03-31,1,440.6640,0.88,284.0450,0.31,1
000733,振华科技,2010-03-31,1,127.2230,0.36,127.2230,0.00,0
000758,中色股份,2010-03-31,1,532.1520,0.83,-40.0500,0.90,1
000762,西藏矿业,2010-03-31,2,461.1670,1.67,-137.4030,2.17,2
000777,中核科技,2010-03-31,2,386.0450,1.91,-365.6509,3.73,3
000799,酒鬼酒,2010-03-31,1,300.0000,0.99,-94.8360,1.30,1
000800,一汽轿车,2010-03-31,1,2348.2700,1.44,584.8600,1.08,1
000811,烟台冰轮,2010-03-31,1,200.0000,1.14,200.0000,0.00,0
000821,京山轻机,2010-03-31,1,467.0610,1.35,267.0650,0.58,1
000822,山东海化,2010-03-31,1,388.9400,0.43,388.9400,0.00,0
000825,太钢不锈,2010-03-31,1,1870.4300,0.33,1870.4300,0.00,0
000826,桑德环境,2010-03-31,1,460.1960,1.11,460.1960,0.00,0
000877,天山股份,2010-03-31,1,276.5410,0.89,-154.3250,1.38,1
000880,潍柴重机,2010-03-31,1,434.7500,1.57,434.7500,0.00,0
000887,中鼎股份,2010-03-31,1,430.9830,1.01,0.0000,1.01,1
000895,双汇发展,2010-03-31,1,642.0260,1.06,642.0260,0.00,0
000897,津滨发展,2010-03-31,1,699.9940,0.43,-300.0000,0.62,1
000898,*ST鞍钢,2010-03-31,1,1500.0000,0.21,-888.9900,0.33,1
000900,现代投资,2010-03-31,1,130.0000,0.33,130.0000,0.00,0
000903,云内动力,2010-03-31,1,256.5240,0.68,256.5240,0.00,0
000911,南宁糖业,2010-03-31,1,102.4020,0.36,-47.5980,0.52,1
000913,钱江摩托,2010-03-31,1,268.2610,0.59,268.2610,0.00,0
000917,电广传媒,2010-03-31,3,2896.7110,7.13,711.3380,5.38,3
000932,华菱钢铁,2010-03-31,2,4264.9500,1.56,1864.9600,0.88,1
000933,神火股份,2010-03-31,1,730.3720,0.97,730.3720,0.00,0
000949,新乡化纤,2010-03-31,1,730.0000,1.24,-97.1520,1.41,1
000952,广济药业,2010-03-31,2,396.6410,1.58,396.6410,0.00,0
000960,锡业股份,2010-03-31,1,417.7710,0.52,417.7710,0.00,0
000961,中南建设,2010-03-31,1,389.9500,0.50,389.9500,0.00,0
000963,华东医药,2010-03-31,1,550.0000,1.27,49.9900,1.15,1
000969,安泰科技,2010-03-31,2,742.9350,1.68,-88.7350,1.88,2
000973,佛塑科技,2010-03-31,2,1350.3940,2.20,1350.3940,0.00,0
000978,桂林旅游,2010-03-31,1,320.0000,1.16,-79.9850,2.26,1
000983,西山煤电,2010-03-31,1,998.3080,0.41,998.3080,0.00,0
000989,九芝堂,2010-03-31,2,415.9300,1.40,415.9300,0.00,0
600573,惠泉啤酒,2010-03-31,1,185.9660,0.74,185.9660,0.00,0
600370,三房巷,2010-03-31,1,110.4500,0.35,110.4500,0.00,0
600575,芜湖港,2010-03-31,1,486.9340,1.37,486.9340,0.00,0
600502,安徽水利,2010-03-31,1,542.7630,2.43,542.7630,0.00,0
600004,白云机场,2010-03-31,2,1074.9070,0.93,0.0000,0.93,2
600392,盛和资源,2010-03-31,1,230.8000,1.47,-142.5370,2.38,2
600251,冠农股份,2010-03-31,1,700.0000,1.93,-4.7210,1.95,1
600436,片仔癀,2010-03-31,1,246.6760,1.76,246.6760,0.00,0
600439,瑞贝卡,2010-03-31,1,757.5500,1.23,0.0000,1.23,1
600425,青松建化,2010-03-31,1,476.4440,1.29,-170.5160,1.75,1
600546,山煤国际,2010-03-31,1,337.0000,0.45,337.0000,0.00,0
600478,科力远,2010-03-31,1,362.5080,1.27,10.0000,1.23,1
600543,莫高股份,2010-03-31,1,174.2560,0.54,174.2560,0.00,0
600467,好当家,2010-03-31,1,544.1600,0.86,-40.9600,0.92,1
600993,马应龙,2010-03-31,2,802.0410,4.84,-17.7120,4.94,2
600995,文山电力,2010-03-31,1,489.0060,1.02,0.0000,1.02,1
002004,华邦颖泰,2010-03-31,2,692.1080,5.24,37.9110,4.96,2
002017,东信和平,2010-03-31,1,225.5520,1.14,225.5520,0.00,0
600482,风帆股份,2010-03-31,1,330.0000,0.72,-175.0570,1.10,2
600973,宝胜股份,2010-03-31,1,167.0030,1.07,96.4518,0.45,1
600971,恒源煤电,2010-03-31,1,161.9660,0.41,-483.3670,1.64,3
002032,苏泊尔,2010-03-31,2,602.2330,1.36,305.1130,0.67,1
002035,华帝股份,2010-03-31,1,465.2840,2.71,465.2840,0.00,0
002038,双鹭药业,2010-03-31,3,1358.2660,5.40,354.3200,3.99,2
002044,江苏三友,2010-03-31,1,149.9770,0.92,149.9770,0.00,0
002048,宁波华翔,2010-03-31,1,1099.9800,2.23,799.9890,0.61,1
002281,光迅科技,2010-03-31,1,142.8650,0.89,142.8650,0.00,0
002302,西部建设,2010-03-31,1,119.9970,0.86,119.9970,0.00,0
002106,莱宝高科,2010-03-31,1,700.0000,2.12,0.0000,2.12,1
002056,横店东磁,2010-03-31,1,650.0000,1.58,-50.0000,1.70,1
002203,海亮股份,2010-03-31,1,53.1225,0.13,53.1225,0.00,0
000338,潍柴动力,2010-03-31,1,400.0000,0.48,-199.9920,0.72,1
002054,德美化工,2010-03-31,1,240.0000,1.09,130.0000,0.50,1
002146,荣盛发展,2010-03-31,1,452.9860,0.51,-324.2200,0.87,2
601006,大秦铁路,2010-03-31,1,4683.4800,0.36,0.0000,0.36,1
002208,合肥城建,2010-03-31,1,154.4400,0.96,75.2309,0.49,1
601666,平煤股份,2010-03-31,1,701.4940,0.50,59.2920,0.46,1
002068,黑猫股份,2010-03-31,1,645.5490,3.36,-269.2780,4.76,2
601678,滨化股份,2010-03-31,1,25.0000,0.06,25.0000,0.00,0
601918,国投新集,2010-03-31,1,382.1040,0.21,-878.7540,0.68,2
002081,金螳螂,2010-03-31,1,268.5960,1.26,2.9990,1.25,1
002074,东源电器,2010-03-31,1,380.1890,2.70,380.1890,0.00,0
300049,福瑞股份,2010-03-31,1,27.8624,0.38,27.8624,0.00,0
002092,中泰化学,2010-03-31,1,299.9920,0.56,-545.8880,1.58,1
002083,孚日股份,2010-03-31,1,309.9860,0.33,309.9860,0.00,0
601101,昊华能源,2010-03-31,1,50.0935,0.11,50.0935,0.00,0
002114,罗平锌电,2010-03-31,1,295.6830,1.61,-84.2900,2.07,1
002216,三全食品,2010-03-31,1,336.8660,1.80,16.8740,1.71,1
002122,天马股份,2010-03-31,1,322.5810,0.54,322.5810,0.00,0
002232,启明信息,2010-03-31,1,228.5070,0.78,228.5070,0.00,0
300016,北陆药业,2010-03-31,1,6.2284,0.09,6.2284,0.00,0
002170,芭田股份,2010-03-31,1,50.0000,0.16,50.0000,0.00,0
002148,北纬通信,2010-03-31,1,100.0000,1.32,-187.2550,3.80,2
002149,西部材料,2010-03-31,1,100.9690,0.58,100.9690,0.00,0
002155,辰州矿业,2010-03-31,1,186.0000,0.34,186.0000,0.00,0
002158,汉钟精机,2010-03-31,1,266.8740,1.69,266.8740,0.00,0
002254,泰和新材,2010-03-31,2,524.0850,3.21,-141.5190,4.08,2
002164,东力传动,2010-03-31,1,67.2969,0.37,67.2969,0.00,0
002304,洋河股份,2010-03-31,1,136.5210,0.30,34.9810,0.23,1
002194,武汉凡谷,2010-03-31,3,799.9930,1.44,200.0810,1.08,2
601999,出版传媒,2010-03-31,1,237.6930,0.43,237.6930,0.00,0
601186,中国铁建,2010-03-31,1,4549.9900,0.37,0.0000,0.37,1
002225,濮耐股份,2010-03-31,1,99.9979,0.19,49.9979,0.10,1
002253,川大智胜,2010-03-31,1,56.8754,0.91,56.8754,0.00,0
002238,天威视讯,2010-03-31,2,770.0000,2.88,-90.0000,3.22,2
002269,美邦服饰,2010-03-31,1,214.4900,0.21,-25.7400,0.24,1
002283,天润曲轴,2010-03-31,1,80.0000,0.33,-39.9950,0.50,1
300036,超图软件,2010-03-31,1,28.6558,0.38,28.6558,0.00,0
002286,保龄宝,2010-03-31,1,14.9918,0.19,14.9918,0.00,0
002292,奥飞动漫,2010-03-31,1,36.2609,0.23,36.2609,0.00,0
002293,罗莱家纺,2010-03-31,1,57.3904,0.41,24.1675,0.24,1
300058,蓝色光标,2010-03-31,1,65.7803,0.82,65.7803,0.00,0
601888,中国国旅,2010-03-31,1,218.8490,0.25,-135.8960,0.40,1
300037,新宙邦,2010-03-31,4,271.8875,2.54,271.8875,0.00,0
300005,探路者,2010-03-31,1,18.9946,0.28,18.9946,0.00,0
300041,回天胶业,2010-03-31,1,29.5363,0.45,29.5363,0.00,0
002324,普利特,2010-03-31,1,79.9920,0.59,79.9920,0.00,0
002327,富安娜,2010-03-31,2,92.9957,0.90,92.9957,0.00,0
002318,久立特材,2010-03-31,1,55.9972,0.35,55.9972,0.00,0
002325,洪涛股份,2010-03-31,1,95.5143,0.80,58.4681,0.31,1
601179,中国西电,2010-03-31,1,500.0000,0.11,500.0000,0.00,0
601801,皖新传媒,2010-03-31,1,25.0000,0.03,25.0000,0.00,0
002326,永太科技,2010-03-31,1,297.7820,2.23,297.7820,0.00,0
002330,得利斯,2010-03-31,1,209.9000,0.84,134.9937,0.30,7
002329,皇氏乳业,2010-03-31,1,93.9508,0.88,93.9508,0.00,0
002334,英威腾,2010-03-31,1,14.9995,0.23,14.9995,0.00,0
002336,人人乐,2010-03-31,2,169.4736,0.42,169.4736,0.00,0
002335,科华恒盛,2010-03-31,1,14.9995,0.19,14.9995,0.00,0
300029,天龙光电,2010-03-31,1,15.9974,0.08,15.9974,0.00,0
002375,亚厦股份,2010-03-31,1,44.9950,0.21,44.9950,0.00,0
300048,合康变频,2010-03-31,1,50.0000,0.42,50.0000,0.00,0
601106,中国一重,2010-03-31,2,1229.9960,0.19,1229.9960,0.00,0
300043,星辉车模,2010-03-31,1,25.9916,0.49,25.9916,0.00,0
300057,万顺股份,2010-03-31,1,45.7689,0.22,45.7689,0.00,0
