600006,东风汽车,2011-03-31,1,1715.1300,0.86,0.0000,0.86,1
600012,皖通高速,2011-03-31,1,200.0000,0.12,200.0000,0.00,0
600019,宝钢股份,2011-03-31,1,6509.0500,0.37,0.0000,0.37,1
600038,哈飞股份,2011-03-31,1,309.2470,0.92,0.0000,0.92,1
600055,华润万东,2011-03-31,1,351.9820,1.63,0.0000,1.63,1
600085,同仁堂,2011-03-31,1,350.9380,0.67,-49.3200,0.77,1
600089,特变电工,2011-03-31,2,3099.9700,1.53,200.0000,1.43,2
600096,云天化,2011-03-31,1,399.9820,0.68,0.0000,0.68,1
600104,上汽集团,2011-03-31,1,2107.8300,0.23,-1962.1700,0.44,2
600108,亚盛集团,2011-03-31,2,4213.9100,2.43,1498.3690,1.56,2
600117,西宁特钢,2011-03-31,1,228.1240,0.31,228.1240,0.00,0
600125,铁龙物流,2011-03-31,2,3450.5700,3.44,-1562.0900,4.99,2
600139,西部资源,2011-03-31,1,103.4590,0.44,-23.5910,0.54,1
600141,兴发集团,2011-03-31,1,445.2990,1.22,-16.6980,1.26,1
600146,大元股份,2011-03-31,1,642.8180,3.21,192.8430,2.25,1
600150,中国船舶,2011-03-31,1,299.9960,0.45,299.9960,0.00,0
600153,建发股份,2011-03-31,1,1073.0500,0.48,-371.4600,0.65,1
600161,天坛生物,2011-03-31,1,398.9120,0.77,-662.9560,2.06,3
600170,上海建工,2011-03-31,1,399.9910,0.38,399.9910,0.00,0
600172,黄河旋风,2011-03-31,1,299.9860,1.12,299.9860,0.00,0
600176,中国玻纤,2011-03-31,1,499.9560,1.17,499.9560,0.00,0
600188,兖州煤业,2011-03-31,1,334.9670,0.07,334.9670,0.00,0
600197,伊力特,2011-03-31,1,370.0000,0.84,-570.0000,2.13,1
600201,金宇集团,2011-03-31,2,499.9940,1.78,-30.0060,1.89,2
600213,亚星客车,2011-03-31,2,1079.6450,4.91,-6.7510,4.94,2
600216,浙江医药,2011-03-31,1,390.0000,0.87,390.0000,0.00,0
600219,南山铝业,2011-03-31,1,5000.0000,2.59,5000.0000,0.00,0
600221,海南航空,2011-03-31,2,3895.9940,0.94,400.2040,0.85,1
600228,昌九生化,2011-03-31,1,475.6030,1.97,-24.3900,2.07,1
600236,桂冠电力,2011-03-31,1,1108.4400,0.49,1108.4400,0.00,0
600258,首旅酒店,2011-03-31,1,121.5300,0.53,0.0000,0.53,1
600266,北京城建,2011-03-31,1,600.0000,0.67,600.0000,0.00,0
600280,中央商场,2011-03-31,1,372.8500,2.60,-57.9760,3.00,1
600288,大恒科技,2011-03-31,1,599.9980,1.37,100.0000,1.14,1
600305,恒顺醋业,2011-03-31,2,374.4900,2.95,0.0000,2.95,2
600310,桂东电力,2011-03-31,1,371.4670,2.02,-143.8730,2.80,1
600327,大东方,2011-03-31,2,1947.7080,3.73,97.4500,3.55,2
600332,白云山,2011-03-31,1,299.9890,0.37,299.9890,0.00,0
600373,中文传媒,2011-03-31,1,250.1080,0.44,-429.0830,1.20,1
600380,健康元,2011-03-31,1,1000.0000,0.76,-2410.0300,2.59,2
600382,广东明珠,2011-03-31,2,1687.5030,4.94,0.0000,4.94,2
600386,北巴传媒,2011-03-31,1,480.5580,1.19,0.0000,1.19,1
600388,龙净环保,2011-03-31,1,493.4240,2.37,493.4240,0.00,0
600395,盘江股份,2011-03-31,1,490.0000,0.44,-5.3770,0.45,1
600415,小商品城,2011-03-31,1,1500.0000,1.10,0.0000,1.10,1
600486,扬农化工,2011-03-31,2,424.0510,2.46,-40.9490,2.70,2
600496,精工钢构,2011-03-31,1,419.9840,1.09,419.9840,0.00,0
600523,贵航股份,2011-03-31,1,545.0000,1.89,0.0000,1.89,1
600529,山东药玻,2011-03-31,1,250.0000,0.97,-24.2990,1.07,1
600535,天士力,2011-03-31,1,450.0370,0.87,450.0370,0.00,0
600551,时代出版,2011-03-31,1,437.0570,1.04,-433.8300,2.07,2
600559,老白干酒,2011-03-31,2,753.5900,5.38,0.2290,5.38,2
600581,八一钢铁,2011-03-31,2,3497.8900,4.56,2942.6850,0.72,1
600582,天地科技,2011-03-31,1,901.2260,0.89,-629.3940,1.51,1
600583,海油工程,2011-03-31,1,2256.8400,0.58,2256.8400,0.00,0
600598,北大荒,2011-03-31,1,693.9970,0.39,693.9970,0.00,0
600600,青岛啤酒,2011-03-31,2,1946.5900,1.44,-50.0000,1.48,2
600639,浦东金桥,2011-03-31,1,250.0000,0.27,0.0000,0.27,1
600642,申能股份,2011-03-31,1,1089.9900,0.35,0.0000,0.35,1
600660,福耀玻璃,2011-03-31,2,6764.6800,3.38,-179.9900,3.47,2
600697,欧亚集团,2011-03-31,1,400.0000,2.51,-316.9090,4.51,2
600704,物产中大,2011-03-31,1,725.7560,1.65,-351.1950,2.45,2
600713,南京医药,2011-03-31,1,300.0000,0.87,-482.3330,2.26,1
600720,祁连山,2011-03-31,2,1578.8420,3.32,369.9820,2.55,2
600729,重庆百货,2011-03-31,2,1011.9840,2.71,0.0000,2.71,2
600737,中粮屯河,2011-03-31,2,2418.1400,2.40,-535.0000,2.94,2
600739,辽宁成大,2011-03-31,1,960.0000,1.06,-30.0000,1.09,1
600741,华域汽车,2011-03-31,1,1560.0000,0.60,-30.0000,0.62,1
600750,江中药业,2011-03-31,1,532.3000,1.71,0.0000,1.71,1
000001,平安银行,2011-03-31,1,4032.6100,1.16,0.0000,1.16,1
000090,深天健,2011-03-31,1,199.9970,0.44,199.9970,0.00,0
000400,许继电气,2011-03-31,1,600.0000,1.59,200.0000,1.06,1
000404,华意压缩,2011-03-31,2,849.9850,2.62,849.9850,0.00,0
000410,沈阳机床,2011-03-31,1,321.5330,0.59,0.0000,0.59,1
000420,吉林化纤,2011-03-31,1,705.9960,1.87,705.9960,0.00,0
600754,锦江股份,2011-03-31,1,230.0000,0.38,-119.9460,0.58,1
600765,中航重机,2011-03-31,1,1000.0000,1.29,30.0050,1.25,1
600770,综艺股份,2011-03-31,1,500.0000,0.75,500.0000,0.00,0
600778,友好集团,2011-03-31,1,520.2110,1.67,520.2110,0.00,0
600805,悦达投资,2011-03-31,1,1400.0000,2.57,-599.9800,3.67,1
600811,东方集团,2011-03-31,1,734.3990,0.44,-465.5910,0.72,1
600821,津劝业,2011-03-31,1,400.0000,0.96,400.0000,0.00,0
600828,成商集团,2011-03-31,1,275.4730,0.75,-964.1350,3.39,2
600829,三精制药,2011-03-31,1,850.0000,2.20,-354.0300,3.11,1
600850,华东电脑,2011-03-31,2,845.2130,4.94,0.0000,4.94,2
600859,王府井,2011-03-31,2,829.8030,1.99,343.6480,1.16,1
600869,远东电缆,2011-03-31,1,406.7650,0.95,406.7650,0.00,0
600875,东方电气,2011-03-31,1,799.9970,0.40,799.9970,0.00,0
600886,国投电力,2011-03-31,3,5666.2500,2.84,99.9900,2.79,3
000488,晨鸣纸业,2011-03-31,1,1499.9900,0.73,1499.9900,0.00,0
000550,江铃汽车,2011-03-31,2,1448.0100,1.68,0.0000,1.68,2
000559,万向钱潮,2011-03-31,1,1377.3400,1.12,369.1700,0.82,1
000564,西安民生,2011-03-31,1,207.7720,0.68,0.0000,0.68,1
000600,建投能源,2011-03-31,1,200.0000,0.22,0.0000,0.22,1
000630,铜陵有色,2011-03-31,2,1557.7510,1.10,1557.7510,0.00,0
000635,英力特,2011-03-31,1,220.0000,1.24,0.0000,1.24,1
000651,格力电器,2011-03-31,1,2891.1300,1.03,0.0000,1.03,1
000661,长春高新,2011-03-31,1,150.8300,1.15,32.9900,0.90,1
000708,大冶特钢,2011-03-31,1,560.0000,1.25,-58.0090,1.38,1
000715,中兴商业,2011-03-31,1,602.4430,2.16,0.0000,2.16,1
000759,中百集团,2011-03-31,1,999.9920,1.47,999.9920,0.00,0
000762,西藏矿业,2011-03-31,1,150.0000,0.54,-119.9850,0.98,1
000778,新兴铸管,2011-03-31,1,1000.0000,0.52,1000.0000,0.00,0
000786,北新建材,2011-03-31,1,400.0000,0.70,400.0000,0.00,0
000800,一汽轿车,2011-03-31,1,2200.0000,1.35,0.0000,1.35,1
000822,山东海化,2011-03-31,1,399.9920,0.45,399.9920,0.00,0
000826,桑德环境,2011-03-31,1,502.9860,1.22,502.9860,0.00,0
000858,五粮液,2011-03-31,1,1306.2400,0.34,0.0000,0.34,1
000860,顺鑫农业,2011-03-31,1,362.4490,0.83,-771.7110,2.59,1
000877,天山股份,2011-03-31,1,560.0000,1.44,160.0140,1.03,1
000889,茂业物流,2011-03-31,1,429.9820,1.27,0.0000,1.27,1
000895,双汇发展,2011-03-31,1,580.0000,0.96,-40.0000,1.02,1
000910,大亚科技,2011-03-31,1,1529.7800,2.90,-284.1460,3.44,2
000927,一汽夏利,2011-03-31,2,1287.8760,0.81,1287.8760,0.00,0
000935,四川双马,2011-03-31,1,199.9930,0.32,199.9930,0.00,0
000939,凯迪电力,2011-03-31,2,2014.9700,3.42,2014.9700,0.00,0
000963,华东医药,2011-03-31,1,849.9960,1.96,0.0000,1.96,1
600575,芜湖港,2011-03-31,1,788.8590,1.51,0.0000,1.51,1
600251,冠农股份,2011-03-31,1,500.0000,1.38,-5.0000,1.39,1
600436,片仔癀,2011-03-31,2,501.6210,3.58,-152.3250,4.67,2
600409,三友化工,2011-03-31,2,1999.9740,1.89,422.9240,1.68,1
600029,南方航空,2011-03-31,1,1300.0000,0.13,1300.0000,0.00,0
600546,山煤国际,2011-03-31,2,1102.5680,1.47,535.0980,0.76,1
600348,阳泉煤业,2011-03-31,1,580.0000,0.24,-20.0000,0.25,1
600403,大有能源,2011-03-31,1,200.0000,1.57,200.0000,0.00,0
600354,敦煌种业,2011-03-31,3,1574.5760,7.74,1120.8290,2.44,1
600479,千金药业,2011-03-31,1,289.1960,0.95,-207.9420,1.63,1
600467,好当家,2011-03-31,1,711.1950,1.12,-557.2660,2.00,2
600990,四创电子,2011-03-31,1,100.0000,0.85,-149.0440,2.12,1
600993,马应龙,2011-03-31,1,531.0000,3.20,0.0000,3.20,1
600997,开滦股份,2011-03-31,1,385.3150,0.31,385.3150,0.00,0
002001,新和成,2011-03-31,1,700.0170,0.96,299.9950,0.55,1
002004,华邦颖泰,2011-03-31,2,764.2580,5.79,-51.4560,6.18,2
002013,中航精机,2011-03-31,1,184.9420,1.11,184.9420,0.00,0
600987,航民股份,2011-03-31,1,100.0000,0.24,100.0000,0.00,0
600971,恒源煤电,2011-03-31,1,100.0000,0.23,-150.0000,0.57,1
002032,苏泊尔,2011-03-31,2,848.7090,1.47,78.2440,1.33,2
600978,宜华木业,2011-03-31,2,1299.9970,1.13,0.0000,1.13,2
002038,双鹭药业,2011-03-31,2,1220.2700,4.82,-622.7710,7.29,4
600027,华电国际,2011-03-31,1,4968.0100,0.73,0.0000,0.73,1
600970,中材国际,2011-03-31,1,749.9970,0.99,-109.9500,1.13,1
002041,登海种业,2011-03-31,1,44.9000,0.26,44.9000,0.00,0
002046,轴研科技,2011-03-31,1,99.9985,0.93,99.9985,0.00,0
002048,宁波华翔,2011-03-31,1,514.2930,0.91,-12.5500,0.93,1
601866,中海集运,2011-03-31,1,1094.8700,0.09,1094.8700,0.00,0
601899,紫金矿业,2011-03-31,1,3489.9900,0.24,3489.9900,0.00,0
002051,中工国际,2011-03-31,1,399.9960,1.18,-299.9890,2.06,1
601818,光大银行,2011-03-31,1,6000.0000,0.15,0.0000,0.15,1
601628,中国人寿,2011-03-31,1,1805.0400,0.06,1805.0400,0.00,0
300026,红日药业,2011-03-31,1,88.1373,0.88,51.7365,0.36,1
601126,四方股份,2011-03-31,1,589.9940,1.47,60.0000,1.32,1
002140,东华科技,2011-03-31,1,206.7400,0.74,-23.2600,0.83,1
002080,中材科技,2011-03-31,1,300.4500,1.50,300.4500,0.00,0
601808,中海油服,2011-03-31,1,750.0000,0.17,-119.9960,0.19,1
002430,杭氧股份,2011-03-31,1,223.0280,0.56,-41.5020,0.66,1
002146,荣盛发展,2011-03-31,1,1506.5700,1.05,0.0000,1.05,1
002234,民和股份,2011-03-31,1,120.0000,1.12,-80.0000,1.86,1
002096,南岭民爆,2011-03-31,1,112.7020,0.85,-100.4760,1.61,2
601666,平煤股份,2011-03-31,2,2109.1340,1.16,0.0000,1.16,2
002068,黑猫股份,2011-03-31,2,1100.0000,3.67,400.0000,2.80,1
601678,滨化股份,2011-03-31,1,329.9930,0.50,329.9930,0.00,0
002461,珠江啤酒,2011-03-31,1,26.4757,0.04,0.0000,0.04,1
002081,金螳螂,2011-03-31,1,525.0000,1.10,175.0000,1.10,1
002086,东方海洋,2011-03-31,1,400.0000,1.64,-200.0000,2.46,1
002216,三全食品,2011-03-31,1,363.7560,1.95,5.3840,1.92,1
002232,启明信息,2011-03-31,1,119.9950,0.41,119.9950,0.00,0
002148,北纬通信,2011-03-31,1,100.0000,1.32,0.0000,1.32,1
002152,广电运通,2011-03-31,2,724.5100,2.12,724.5100,0.00,0
002149,西部材料,2011-03-31,1,150.0000,0.86,-50.0000,1.15,1
002157,正邦科技,2011-03-31,1,600.0000,2.23,600.0000,0.00,0
002254,泰和新材,2011-03-31,2,674.2670,2.58,-262.4050,3.59,3
002194,武汉凡谷,2011-03-31,1,420.0000,0.76,-501.8900,1.66,2
601992,金隅股份,2011-03-31,1,529.9910,0.12,-189.9890,0.19,1
002454,松芝股份,2011-03-31,1,283.5150,1.18,283.5150,0.00,0
002397,梦洁家纺,2011-03-31,1,58.3188,0.62,-0.3882,0.62,1
002214,大立科技,2011-03-31,1,171.6320,1.72,171.6320,0.00,0
601186,中国铁建,2011-03-31,1,6099.9900,0.49,1550.0000,0.37,1
002273,水晶光电,2011-03-31,1,134.9600,1.20,134.9600,0.00,0
002249,大洋电机,2011-03-31,1,539.9870,1.26,347.8970,0.45,1
002372,伟星新材,2011-03-31,1,34.9907,0.14,34.9907,0.00,0
002255,海陆重工,2011-03-31,1,150.0000,1.16,-100.0000,1.94,2
002264,新华都,2011-03-31,1,250.0000,1.56,-28.6120,1.74,1
002269,美邦服饰,2011-03-31,1,467.3670,0.47,109.5870,0.36,1
002289,宇顺电子,2011-03-31,1,130.0730,1.77,50.8768,1.08,1
002283,天润曲轴,2011-03-31,1,349.9810,1.46,349.9810,0.00,0
002277,友阿股份,2011-03-31,1,415.3690,1.19,87.8960,0.94,1
002278,神开股份,2011-03-31,1,127.9890,0.59,29.9906,0.45,1
002292,奥飞动漫,2011-03-31,1,89.9926,0.35,89.9926,0.00,0
300065,海兰信,2011-03-31,1,27.0791,0.49,-15.8785,0.78,1
002431,棕榈园林,2011-03-31,1,99.2283,0.52,6.0000,0.49,1
300075,数字政通,2011-03-31,1,24.9899,0.45,0.0000,0.45,1
601888,中国国旅,2011-03-31,1,487.8070,0.55,-93.0840,0.66,1
002301,齐心文具,2011-03-31,1,386.9930,2.07,0.0000,2.07,1
002303,美盈森,2011-03-31,1,169.9590,0.95,9.9880,0.89,1
300007,汉威电子,2011-03-31,1,180.0680,1.53,-29.9080,1.78,1
300111,向日葵,2011-03-31,1,234.8940,0.46,234.8940,0.00,0
300037,新宙邦,2011-03-31,1,164.9550,1.54,114.9550,0.47,1
300101,国腾电子,2011-03-31,1,89.8500,1.29,-23.4500,1.63,1
300010,立思辰,2011-03-31,1,276.7710,1.75,-46.7130,2.05,1
002311,海大集团,2011-03-31,1,383.4900,1.32,18.3250,1.25,1
002324,普利特,2011-03-31,1,44.9910,0.33,44.9910,0.00,0
601519,大智慧,2011-03-31,1,21.9984,0.03,21.9984,0.00,0
002327,富安娜,2011-03-31,1,100.0000,0.75,-1.6120,0.76,1
002325,洪涛股份,2011-03-31,1,150.0000,1.00,-86.1460,1.57,1
300019,硅宝科技,2011-03-31,1,139.9720,1.37,19.9950,1.18,1
300020,银江股份,2011-03-31,1,333.6470,2.09,-276.1210,3.81,2
002326,永太科技,2011-03-31,1,630.8130,4.73,170.0980,3.45,1
002330,得利斯,2011-03-31,1,130.0000,0.52,-144.6520,1.09,2
002334,英威腾,2011-03-31,1,56.9739,0.47,56.9739,0.00,0
002336,人人乐,2011-03-31,1,98.9578,0.25,0.0000,0.25,1
300029,天龙光电,2011-03-31,2,598.8790,2.99,598.8790,0.00,0
300046,台基股份,2011-03-31,1,19.9929,0.28,19.9929,0.00,0
002384,东山精密,2011-03-31,1,101.0000,0.63,-108.9760,1.31,2
300056,三维丝,2011-03-31,2,119.6182,2.30,41.8863,1.49,1
002410,广联达,2011-03-31,1,268.3470,0.99,17.0230,1.40,1
601018,宁波港,2011-03-31,1,1803.6600,0.14,1803.6600,0.00,0
002428,云南锗业,2011-03-31,1,35.4877,0.28,-19.9950,0.44,1
002424,贵州百灵,2011-03-31,1,54.9886,0.23,0.0000,0.23,1
002456,欧菲光,2011-03-31,1,46.9666,0.49,46.9666,0.00,0
002440,闰土股份,2011-03-31,1,50.0000,0.17,0.0000,0.17,1
300083,劲胜股份,2011-03-31,1,85.4934,0.85,15.1194,0.70,1
002444,巨星科技,2011-03-31,1,34.7797,0.14,34.7797,0.00,0
300090,盛运股份,2011-03-31,1,249.3980,1.95,-31.5910,2.20,3
002470,金正大,2011-03-31,2,249.2156,0.36,73.3020,0.25,2
300113,顺网科技,2011-03-31,1,20.9664,0.35,20.9664,0.00,0
002527,新时达,2011-03-31,1,200.0000,1.00,200.0000,0.00,0
601098,中南传媒,2011-03-31,1,174.9810,0.10,174.9810,0.00,0
300121,阳谷华泰,2011-03-31,2,73.6315,0.68,73.6315,0.00,0
300125,易世达,2011-03-31,2,85.9444,1.46,0.2599,1.45,2
002518,科士达,2011-03-31,1,17.3403,0.15,17.3403,0.00,0
600998,九州通,2011-03-31,1,225.0010,0.16,225.0010,0.00,0
002491,通鼎光电,2011-03-31,1,59.9907,0.22,59.9907,0.00,0
002493,荣盛石化,2011-03-31,1,35.4992,0.18,35.4992,0.00,0
002483,润邦股份,2011-03-31,1,137.3500,0.69,-33.1116,0.85,3
002494,华斯股份,2011-03-31,1,26.3183,0.23,26.3183,0.00,0
300132,青松股份,2011-03-31,1,39.9887,0.60,39.9887,0.00,0
002508,老板电器,2011-03-31,1,80.0000,0.50,80.0000,0.00,0
300154,瑞凌股份,2011-03-31,2,150.0000,1.34,120.0000,0.27,1
002515,金字火腿,2011-03-31,1,148.0000,2.01,148.0000,0.00,0
300151,昌红科技,2011-03-31,1,68.0000,1.01,68.0000,0.00,0
002526,山东矿机,2011-03-31,1,130.9360,0.49,130.9360,0.00,0
601933,永辉超市,2011-03-31,1,130.2880,0.17,130.2880,0.00,0
300165,天瑞仪器,2011-03-31,1,9.9919,0.14,9.9919,0.00,0
002535,林州重机,2011-03-31,1,84.9819,0.41,84.9819,0.00,0
002533,金杯电工,2011-03-31,1,70.0000,0.50,70.0000,0.00,0
002541,鸿路钢构,2011-03-31,1,129.9750,0.97,129.9750,0.00,0
300193,佳士科技,2011-03-31,1,59.9800,0.27,59.9800,0.00,0
