600006,东风汽车,2011-09-30,2,1996.5280,1.00,-23.6000,1.01,2
600038,哈飞股份,2011-09-30,1,288.2470,0.85,-21.0000,0.92,1
600055,华润万东,2011-09-30,2,1029.3560,4.76,201.7480,3.82,2
600078,澄星股份,2011-09-30,1,745.0330,1.13,745.0330,0.00,0
600085,同仁堂,2011-09-30,1,877.3460,0.67,526.4080,0.67,1
600108,亚盛集团,2011-09-30,2,4035.7600,2.32,-678.1500,2.71,2
600123,兰花科创,2011-09-30,1,537.9530,0.94,-597.6700,1.99,2
600125,铁龙物流,2011-09-30,1,2062.5900,1.58,-2423.1500,3.44,2
600139,西部资源,2011-09-30,1,83.6461,0.23,0.0000,0.25,1
600141,兴发集团,2011-09-30,1,419.3670,1.15,419.3670,0.00,0
600150,中国船舶,2011-09-30,1,338.0160,0.32,28.0200,0.47,1
600157,永泰能源,2011-09-30,1,453.4620,0.80,453.4620,0.00,0
600161,天坛生物,2011-09-30,1,458.3640,0.89,59.4520,0.77,1
600162,香江控股,2011-09-30,1,399.9890,0.52,399.9890,0.00,0
600172,黄河旋风,2011-09-30,1,509.9630,1.63,-65.7451,1.83,2
600196,复星医药,2011-09-30,1,1397.6900,0.73,1397.6900,0.00,0
600213,亚星客车,2011-09-30,2,925.2900,4.21,-154.3550,4.91,2
600219,南山铝业,2011-09-30,2,5237.1500,2.71,300.0000,2.55,1
600223,鲁商置业,2011-09-30,1,692.0430,0.69,692.0430,0.00,0
600233,大杨创世,2011-09-30,1,225.6100,1.37,-44.1530,1.63,1
600236,桂冠电力,2011-09-30,1,1308.4400,0.57,0.0000,0.57,1
600252,中恒集团,2011-09-30,1,706.9300,0.65,706.9300,0.00,0
600257,大湖股份,2011-09-30,1,708.3220,1.66,108.3290,1.40,1
600258,首旅酒店,2011-09-30,1,121.5300,0.53,0.0000,0.53,1
600261,阳光照明,2011-09-30,2,1066.7160,2.85,750.0770,0.85,1
600280,中央商场,2011-09-30,1,361.4300,2.52,2.4900,2.50,1
600288,大恒科技,2011-09-30,1,460.4060,1.05,-200.0000,1.51,1
600303,曙光股份,2011-09-30,1,321.0560,0.56,321.0560,0.00,0
600305,恒顺醋业,2011-09-30,1,159.9840,1.26,0.0000,1.26,1
600310,桂东电力,2011-09-30,1,557.0530,2.02,0.0000,2.02,1
600327,大东方,2011-09-30,2,1928.5270,3.70,-217.8830,4.11,2
600337,美克股份,2011-09-30,1,503.5320,0.80,503.5320,0.00,0
600376,首开股份,2011-09-30,1,931.1320,0.62,931.1320,0.00,0
600382,广东明珠,2011-09-30,2,1303.9240,3.82,-383.5790,4.94,2
600386,北巴传媒,2011-09-30,1,480.5580,1.19,0.0000,1.19,1
600388,龙净环保,2011-09-30,1,414.0550,1.94,-79.3690,2.31,1
600395,盘江股份,2011-09-30,1,486.2870,0.44,-3.7130,0.44,1
600415,小商品城,2011-09-30,1,2500.0000,0.92,-1699.9800,1.54,2
600456,宝钛股份,2011-09-30,1,199.9750,0.46,0.0000,0.46,1
600523,贵航股份,2011-09-30,1,455.7260,1.58,-89.2740,1.89,1
600535,天士力,2011-09-30,1,364.0880,0.71,364.0880,0.00,0
600559,老白干酒,2011-09-30,1,500.0000,3.57,0.0000,3.57,1
600563,法拉电子,2011-09-30,1,224.9650,1.00,224.9650,0.00,0
600581,八一钢铁,2011-09-30,2,3181.1300,4.15,-366.7600,4.63,2
600582,天地科技,2011-09-30,2,2139.0200,2.11,1085.8900,1.04,1
600597,光明乳业,2011-09-30,2,1008.6360,0.96,1008.6360,0.00,0
600600,青岛啤酒,2011-09-30,1,940.0000,0.70,0.0000,0.70,1
600642,申能股份,2011-09-30,1,1634.9900,0.35,0.0000,0.35,1
600660,福耀玻璃,2011-09-30,2,5936.8900,2.96,-4.0700,2.97,2
600673,东阳光铝,2011-09-30,1,556.7780,0.67,556.7780,0.00,0
600697,欧亚集团,2011-09-30,1,400.0000,2.51,0.0000,2.51,1
600729,重庆百货,2011-09-30,3,1474.5160,3.95,462.5320,2.71,2
600737,中粮屯河,2011-09-30,2,1574.7300,1.57,840.3660,0.73,1
600739,辽宁成大,2011-09-30,1,1315.0000,0.96,405.0000,1.00,1
600741,华域汽车,2011-09-30,1,1443.6300,0.56,93.6300,0.52,1
000001,平安银行,2011-09-30,1,3384.1600,0.66,-3439.6400,1.96,2
000002,万科A,2011-09-30,1,8449.9900,0.77,645.9700,0.71,1
000024,招商地产,2011-09-30,1,2343.6400,1.36,0.0000,1.36,1
000059,辽通化工,2011-09-30,1,600.0000,0.50,0.0000,0.50,1
000069,华侨城A,2011-09-30,2,5131.6200,0.92,2821.6800,0.41,1
000400,许继电气,2011-09-30,1,539.1910,1.43,-60.8090,1.59,1
000402,金融街,2011-09-30,1,2579.6000,0.85,510.0000,0.68,1
000404,华意压缩,2011-09-30,1,1133.8400,3.49,-401.8630,4.73,2
000410,沈阳机床,2011-09-30,1,249.9810,0.46,-71.5520,0.59,1
600765,中航重机,2011-09-30,1,1000.0000,1.29,0.0000,1.29,1
600770,综艺股份,2011-09-30,1,500.0000,0.68,0.0000,0.68,1
600780,通宝能源,2011-09-30,1,349.9910,0.31,349.9910,0.00,0
600816,安信信托,2011-09-30,1,829.0860,1.83,-333.6880,2.56,2
600826,兰生股份,2011-09-30,1,200.3340,0.48,0.0000,0.48,1
600828,成商集团,2011-09-30,1,403.4130,0.92,-512.7200,2.09,2
600829,三精制药,2011-09-30,1,900.0000,1.55,0.0000,1.55,1
600831,广电网络,2011-09-30,1,649.9830,1.15,649.9830,0.00,0
601607,上海医药,2011-09-30,1,800.0000,0.30,50.0000,0.28,1
600850,华东电脑,2011-09-30,1,319.3900,1.87,-65.5600,2.25,1
600858,银座股份,2011-09-30,1,550.5480,1.91,550.5480,0.00,0
600875,东方电气,2011-09-30,1,1095.9500,0.55,0.0000,0.55,1
600882,华联矿业,2011-09-30,1,194.3830,0.91,59.9930,0.63,1
600886,国投电力,2011-09-30,3,6066.2400,3.03,399.9900,2.84,3
000538,云南白药,2011-09-30,1,499.0090,0.72,-185.6810,0.99,1
000539,粤电力A,2011-09-30,1,999.9920,0.36,0.0000,0.36,1
000541,佛山照明,2011-09-30,1,356.7300,0.36,356.7300,0.00,0
000550,江铃汽车,2011-09-30,2,1412.9250,1.64,-33.7410,1.68,2
000559,万向钱潮,2011-09-30,1,1938.1700,1.22,0.0000,1.22,1
000564,西安民生,2011-09-30,1,207.7720,0.68,0.0000,0.68,1
000600,建投能源,2011-09-30,1,100.0000,0.11,0.0000,0.11,1
000629,攀钢钒钛,2011-09-30,1,3423.1500,0.60,3423.1500,0.00,0
000635,英力特,2011-09-30,1,249.9890,1.41,39.9890,1.19,1
000639,西王食品,2011-09-30,1,230.4600,1.84,35.9050,1.55,1
000651,格力电器,2011-09-30,1,2891.1300,1.03,0.0000,1.03,1
000661,长春高新,2011-09-30,1,151.8300,1.16,1.0000,1.15,1
000680,山推股份,2011-09-30,1,399.9870,0.53,399.9870,0.00,0
000698,沈阳化工,2011-09-30,1,334.2600,0.51,-165.7080,0.76,1
000708,大冶特钢,2011-09-30,1,470.0000,1.05,-90.0000,1.25,1
000715,中兴商业,2011-09-30,1,602.4430,2.16,0.0000,2.16,1
000759,中百集团,2011-09-30,1,999.9920,1.47,0.0000,1.47,1
000762,西藏矿业,2011-09-30,1,150.0000,0.47,0.0000,0.47,1
000778,新兴铸管,2011-09-30,1,841.6770,0.44,841.6770,0.00,0
000800,一汽轿车,2011-09-30,1,2200.0000,1.35,0.0000,1.35,1
000826,桑德环境,2011-09-30,1,502.9860,1.22,0.0000,1.22,1
000830,鲁西化工,2011-09-30,1,459.9900,0.31,459.9900,0.00,0
000858,五粮液,2011-09-30,1,1256.2400,0.33,0.0000,0.33,1
000876,新希望,2011-09-30,2,1988.0470,2.39,1170.8030,0.98,1
000895,双汇发展,2011-09-30,1,780.0000,1.29,-420.0000,1.98,2
000910,大亚科技,2011-09-30,1,1529.7800,2.90,0.0000,2.90,1
000915,山大华特,2011-09-30,1,327.7740,1.82,327.7740,0.00,0
000927,一汽夏利,2011-09-30,1,857.7000,0.54,0.0000,0.54,1
000939,凯迪电力,2011-09-30,1,1239.2000,1.31,-1362.6500,2.76,2
000963,华东医药,2011-09-30,1,999.9930,2.30,149.9970,1.96,1
000970,中科三环,2011-09-30,1,599.8990,1.18,599.8990,0.00,0
000988,华工科技,2011-09-30,1,677.6610,1.52,-10.7520,1.55,1
000998,隆平高科,2011-09-30,1,461.5800,1.67,461.5800,0.00,0
000999,华润三九,2011-09-30,1,489.7210,0.50,489.7210,0.00,0
600575,芜湖港,2011-09-30,1,2375.7600,2.27,798.0400,1.51,1
600251,冠农股份,2011-09-30,2,941.8640,2.60,441.8680,1.38,1
600436,片仔癀,2011-09-30,2,524.9510,3.75,-79.1570,4.32,2
600029,南方航空,2011-09-30,1,1759.9900,0.18,60.0000,0.17,1
600546,山煤国际,2011-09-30,1,542.2770,0.72,0.0000,0.72,1
600348,阳泉煤业,2011-09-30,1,750.9930,0.31,100.9930,0.27,1
600354,敦煌种业,2011-09-30,3,1426.5850,7.01,-279.9720,8.38,3
600325,华发股份,2011-09-30,1,1057.7600,1.29,104.5600,1.17,1
600467,好当家,2011-09-30,1,598.1960,0.94,-112.9990,1.12,1
600993,马应龙,2011-09-30,1,1060.0000,3.20,0.0000,3.20,1
002004,华邦颖泰,2011-09-30,1,510.8130,3.87,-233.4450,5.64,2
002013,中航精机,2011-09-30,1,500.0390,2.30,39.5470,2.12,1
002022,科华生物,2011-09-30,1,500.0370,1.02,500.0370,0.00,0
002025,航天电器,2011-09-30,1,99.9827,0.30,99.9827,0.00,0
600971,恒源煤电,2011-09-30,1,228.0650,0.23,128.0650,0.23,1
002032,苏泊尔,2011-09-30,2,927.3880,1.61,78.6790,1.47,2
600978,宜华木业,2011-09-30,1,1247.4900,1.08,1247.4900,0.00,0
002033,丽江旅游,2011-09-30,1,164.3970,1.09,0.0000,1.09,1
002038,双鹭药业,2011-09-30,2,1760.4050,4.62,-40.0000,4.73,2
600970,中材国际,2011-09-30,1,899.9960,0.99,0.0000,0.99,1
002043,兔宝宝,2011-09-30,1,700.4690,2.98,157.8260,2.97,1
002045,国光电器,2011-09-30,1,486.0000,1.17,486.0000,0.00,0
002048,宁波华翔,2011-09-30,1,700.0000,1.23,-102.1510,1.41,1
601633,长城汽车,2011-09-30,1,150.0000,0.05,150.0000,0.00,0
601866,中海集运,2011-09-30,1,1094.8700,0.09,0.0000,0.09,1
002051,中工国际,2011-09-30,1,639.9810,1.45,119.9870,1.18,1
300105,龙源技术,2011-09-30,1,112.9750,0.71,112.9750,0.00,0
601126,四方股份,2011-09-30,2,1538.1750,3.78,989.8100,1.37,1
002205,国统股份,2011-09-30,1,95.3114,0.82,0.0000,0.82,1
002570,贝因美,2011-09-30,1,780.4470,1.83,-115.4410,2.10,2
300034,钢研高纳,2011-09-30,1,137.6400,0.65,137.6400,0.00,0
601808,中海油服,2011-09-30,1,400.0000,0.09,-1159.8840,0.35,2
002430,杭氧股份,2011-09-30,2,510.0770,0.85,175.5350,0.56,1
002146,荣盛发展,2011-09-30,2,3158.5500,1.69,1200.0000,1.05,1
002068,黑猫股份,2011-09-30,1,300.0000,0.63,-100.0000,1.33,1
002308,威创股份,2011-09-30,2,591.3810,0.92,199.9810,0.61,1
002081,金螳螂,2011-09-30,1,460.0000,0.96,-60.0000,1.09,1
601058,赛轮股份,2011-09-30,1,162.2520,0.43,162.2520,0.00,0
002216,三全食品,2011-09-30,1,363.7560,1.81,0.0000,1.95,1
002148,北纬通信,2011-09-30,1,150.0000,1.32,0.0000,1.32,1
002152,广电运通,2011-09-30,2,947.8750,2.13,407.8790,1.21,1
002156,通富微电,2011-09-30,1,159.7340,0.25,0.0000,0.25,1
002158,汉钟精机,2011-09-30,1,114.9760,0.53,114.9760,0.00,0
002254,泰和新材,2011-09-30,2,1032.3540,2.64,-9.0330,2.66,2
002454,松芝股份,2011-09-30,1,190.8370,0.61,-212.1820,1.29,1
002397,梦洁家纺,2011-09-30,1,137.0180,0.91,47.3525,0.95,1
002214,大立科技,2011-09-30,1,171.6320,1.72,0.0000,1.72,1
601186,中国铁建,2011-09-30,1,6099.9900,0.49,0.0000,0.49,1
002273,水晶光电,2011-09-30,2,286.9530,2.48,41.0018,2.13,2
002372,伟星新材,2011-09-30,2,191.0870,0.75,50.0000,0.56,1
002255,海陆重工,2011-09-30,1,150.0000,1.16,0.0000,1.16,1
002264,新华都,2011-09-30,1,410.9860,1.28,160.9860,1.56,1
002269,美邦服饰,2011-09-30,1,403.4580,0.40,-43.9090,0.45,1
002344,海宁皮城,2011-09-30,1,253.1580,0.45,253.1580,0.00,0
002289,宇顺电子,2011-09-30,1,150.0620,2.04,0.0000,2.04,1
002284,亚太股份,2011-09-30,1,100.0000,0.35,0.0000,0.35,1
002277,友阿股份,2011-09-30,1,415.3690,1.19,0.0000,1.19,1
002292,奥飞动漫,2011-09-30,1,174.9800,0.43,14.9920,0.39,1
300065,海兰信,2011-09-30,1,104.9700,1.89,0.0000,1.89,1
300171,东富龙,2011-09-30,1,145.6900,0.91,-65.8000,1.32,2
002415,海康威视,2011-09-30,1,350.8360,0.35,77.5750,0.27,1
002301,齐心文具,2011-09-30,1,607.8100,3.17,220.8170,2.07,1
002303,美盈森,2011-09-30,1,261.1500,1.46,50.6520,1.18,1
300007,汉威电子,2011-09-30,1,349.9450,2.97,119.6570,1.95,1
300037,新宙邦,2011-09-30,1,231.7740,2.17,-6.3790,2.23,1
300101,国腾电子,2011-09-30,1,323.1800,2.33,143.4800,1.29,1
300005,探路者,2011-09-30,1,233.4190,0.87,233.4190,0.00,0
300008,上海佳豪,2011-09-30,1,170.6590,1.17,170.6590,0.00,0
300041,回天胶业,2011-09-30,1,127.4240,1.21,127.4240,0.00,0
002591,恒大高新,2011-09-30,1,16.0000,0.20,16.0000,0.00,0
002310,东方园林,2011-09-30,1,96.0723,0.64,96.0723,0.00,0
002311,海大集团,2011-09-30,1,766.9800,1.32,0.0000,1.32,1
002327,富安娜,2011-09-30,1,100.0000,0.75,0.0000,0.75,1
002326,永太科技,2011-09-30,1,1140.3400,4.75,-7.7200,4.78,1
002330,得利斯,2011-09-30,1,152.9840,0.61,0.0000,0.61,1
002334,英威腾,2011-09-30,1,96.7662,0.80,31.2673,0.54,1
002561,徐家汇,2011-09-30,1,70.0000,0.17,-70.0000,0.34,1
002341,新纶科技,2011-09-30,1,100.0140,0.68,100.0140,0.00,0
002353,杰瑞股份,2011-09-30,1,126.8840,0.55,126.8840,0.00,0
300030,阳普医疗,2011-09-30,1,310.8710,2.10,0.0000,2.10,1
002367,康力电梯,2011-09-30,1,603.0000,2.51,0.0000,2.51,1
300048,合康变频,2011-09-30,1,200.0670,0.81,200.0670,0.00,0
300043,星辉车模,2011-09-30,1,198.3900,1.25,71.8790,0.80,1
002421,达实智能,2011-09-30,1,215.8320,2.13,215.8320,0.00,0
300056,三维丝,2011-09-30,1,55.9188,1.07,-77.7319,2.57,2
002390,信邦制药,2011-09-30,1,100.0000,0.58,100.0000,0.00,0
002410,广联达,2011-09-30,2,449.9630,1.67,181.6160,0.99,1
300185,通裕重工,2011-09-30,1,90.0000,0.25,0.0000,0.25,1
002580,圣阳股份,2011-09-30,2,69.0000,0.92,69.0000,0.00,0
601018,宁波港,2011-09-30,1,1803.6600,0.14,0.0000,0.14,1
002465,海格通信,2011-09-30,1,37.3118,0.11,37.3118,0.00,0
601369,陕鼓动力,2011-09-30,1,1505.3000,0.92,1505.3000,0.00,0
002456,欧菲光,2011-09-30,1,52.5908,0.27,52.5908,0.00,0
300074,华平股份,2011-09-30,1,101.5570,1.02,101.5570,0.00,0
002441,众业达,2011-09-30,1,129.7220,0.56,129.7220,0.00,0
300235,方直科技,2011-09-30,2,110.0000,2.50,110.0000,0.00,0
300089,长城集团,2011-09-30,1,100.0000,1.00,100.0000,0.00,0
601208,东材科技,2011-09-30,1,115.1310,0.37,-87.8700,0.66,1
300173,松德股份,2011-09-30,1,65.9913,0.76,65.9913,0.00,0
002470,金正大,2011-09-30,1,59.9923,0.09,-189.2233,0.36,2
002527,新时达,2011-09-30,1,150.0000,0.75,-50.0000,1.00,1
002595,豪迈科技,2011-09-30,2,400.0000,2.00,400.0000,0.00,0
300128,锦富新材,2011-09-30,1,177.6700,0.89,-42.7006,1.10,2
601098,中南传媒,2011-09-30,1,200.0000,0.11,0.0000,0.11,1
300121,阳谷华泰,2011-09-30,1,53.9746,0.50,0.0000,0.50,1
002486,嘉麟杰,2011-09-30,1,40.0007,0.19,40.0007,0.00,0
300138,晨光生物,2011-09-30,1,19.9931,0.22,0.0000,0.22,1
002518,科士达,2011-09-30,1,49.9990,0.43,49.9990,0.00,0
002491,通鼎光电,2011-09-30,1,79.9907,0.30,0.0000,0.30,1
002483,润邦股份,2011-09-30,1,247.2300,0.69,0.0000,0.69,1
300130,新国都,2011-09-30,1,59.2400,0.52,59.2400,0.00,0
002501,利源铝业,2011-09-30,1,213.0960,1.14,213.0960,0.00,0
002508,老板电器,2011-09-30,1,128.0000,0.50,0.0000,0.50,1
300154,瑞凌股份,2011-09-30,1,70.0000,0.31,-110.1630,0.81,1
002503,搜于特,2011-09-30,1,132.9370,0.83,132.9370,0.00,0
601567,三星电气,2011-09-30,1,99.2104,0.37,99.2104,0.00,0
002515,金字火腿,2011-09-30,1,185.9220,1.95,-6.4780,2.01,1
002528,英飞拓,2011-09-30,1,181.7910,0.77,181.7910,0.00,0
300169,天晟新材,2011-09-30,1,90.3885,0.64,90.3885,0.00,0
300223,北京君正,2011-09-30,1,76.1536,0.95,76.1536,0.00,0
002535,林州重机,2011-09-30,1,450.0000,1.10,-9.7960,1.12,1
300172,中电环保,2011-09-30,1,41.9700,0.42,-58.0300,1.00,1
300194,福安药业,2011-09-30,1,39.0000,0.29,0.0000,0.29,1
002541,鸿路钢构,2011-09-30,1,189.8480,1.42,22.0400,1.25,1
300203,聚光科技,2011-09-30,2,159.8122,0.36,159.8122,0.00,0
300195,长荣股份,2011-09-30,2,71.9957,0.51,-106.9063,1.79,3
300187,永清环保,2011-09-30,1,66.5335,1.00,66.5335,0.00,0
300199,翰宇药业,2011-09-30,2,127.9938,1.28,67.9290,0.60,1
002562,兄弟科技,2011-09-30,1,136.0200,1.27,136.0200,0.00,0
300206,理邦仪器,2011-09-30,1,25.0000,0.25,-0.2500,0.25,1
601566,九牧王,2011-09-30,1,305.0520,0.53,82.4120,0.39,2
300217,东方电热,2011-09-30,1,36.5995,0.41,36.5995,0.00,0
300228,富瑞特装,2011-09-30,1,45.8452,0.68,45.8452,0.00,0
002586,围海股份,2011-09-30,1,54.9892,0.51,54.9892,0.00,0
300237,美晨科技,2011-09-30,1,37.0000,0.65,37.0000,0.00,0
002588,史丹利,2011-09-30,1,20.0000,0.15,20.0000,0.00,0
002597,金禾实业,2011-09-30,1,25.0000,0.19,25.0000,0.00,0
300241,瑞丰光电,2011-09-30,1,39.9913,0.37,39.9913,0.00,0
300251,光线传媒,2011-09-30,2,88.9743,0.81,88.9743,0.00,0
