600006,东风汽车,2011-12-31,2,1996.5280,1.00,0.0000,1.00,2
600028,中国石化,2011-12-31,1,3370.7000,0.04,3370.7000,0.00,0
600055,华润万东,2011-12-31,2,948.2620,4.38,-81.0940,4.76,2
600085,同仁堂,2011-12-31,1,910.0000,0.70,32.6540,0.67,1
600104,上汽集团,2011-12-31,3,15051.8300,1.37,15051.8300,0.00,0
600108,亚盛集团,2011-12-31,2,3586.1400,2.06,-449.6200,2.32,2
600123,兰花科创,2011-12-31,1,537.9530,0.94,0.0000,0.94,1
600125,铁龙物流,2011-12-31,1,2462.5800,1.89,399.9900,1.58,1
600137,浪莎股份,2011-12-31,1,245.3960,2.52,245.3960,0.00,0
600141,兴发集团,2011-12-31,1,400.0000,1.09,-19.3670,1.15,1
600157,永泰能源,2011-12-31,1,499.9910,0.88,46.5290,0.80,1
600161,天坛生物,2011-12-31,1,458.3640,0.89,0.0000,0.89,1
600169,太原重工,2011-12-31,1,2000.0000,1.24,2000.0000,0.00,0
600172,黄河旋风,2011-12-31,1,400.0000,1.27,-109.9630,1.63,1
600196,复星医药,2011-12-31,1,1889.0100,0.99,491.3200,0.73,1
600213,亚星客车,2011-12-31,2,838.4630,3.81,-86.8270,4.21,2
600219,南山铝业,2011-12-31,1,4937.1500,2.55,-300.0000,2.71,2
600223,鲁商置业,2011-12-31,1,842.0300,0.84,149.9870,0.69,1
600236,桂冠电力,2011-12-31,1,1308.4400,0.57,0.0000,0.57,1
600252,中恒集团,2011-12-31,1,796.9300,0.73,90.0000,0.65,1
600257,大湖股份,2011-12-31,1,408.3220,0.96,-300.0000,1.66,1
600258,首旅酒店,2011-12-31,1,121.5300,0.53,0.0000,0.53,1
600261,阳光照明,2011-12-31,1,438.0360,1.17,-628.6800,2.85,2
600280,中央商场,2011-12-31,2,586.8460,4.09,225.4160,2.52,1
600285,羚锐制药,2011-12-31,1,300.5960,1.50,300.5960,0.00,0
600288,大恒科技,2011-12-31,1,200.0000,0.46,-260.4060,1.05,1
600303,曙光股份,2011-12-31,1,321.0560,0.56,0.0000,0.56,1
600310,桂东电力,2011-12-31,1,557.0530,2.02,0.0000,2.02,1
600318,巢东股份,2011-12-31,1,70.7348,0.29,70.7348,0.00,0
600382,广东明珠,2011-12-31,2,1303.9240,3.82,0.0000,3.82,2
600388,龙净环保,2011-12-31,1,414.0550,1.94,0.0000,1.94,1
600395,盘江股份,2011-12-31,1,486.2870,0.44,0.0000,0.44,1
600415,小商品城,2011-12-31,1,2500.0000,0.92,0.0000,0.92,1
600456,宝钛股份,2011-12-31,1,199.9750,0.46,0.0000,0.46,1
600523,贵航股份,2011-12-31,1,455.7260,1.58,0.0000,1.58,1
600559,老白干酒,2011-12-31,1,511.0500,3.65,11.0500,3.57,1
600563,法拉电子,2011-12-31,2,380.1090,1.69,155.1440,1.00,1
600577,精达股份,2011-12-31,1,429.8840,1.19,429.8840,0.00,0
600581,八一钢铁,2011-12-31,2,2370.5700,3.09,-810.5600,4.15,2
600582,天地科技,2011-12-31,2,2334.7500,2.31,195.7300,2.11,2
600597,光明乳业,2011-12-31,2,2370.0590,2.26,1361.4230,0.96,2
600600,青岛啤酒,2011-12-31,1,940.0000,0.70,0.0000,0.70,1
600612,老凤祥,2011-12-31,1,477.6450,1.10,477.6450,0.00,0
600642,申能股份,2011-12-31,1,2534.9600,0.54,899.9700,0.35,1
600660,福耀玻璃,2011-12-31,1,3792.2000,1.89,-2144.6900,2.96,2
600673,东阳光铝,2011-12-31,1,585.3880,0.71,28.6100,0.67,1
600697,欧亚集团,2011-12-31,1,400.0000,2.51,0.0000,2.51,1
600718,东软集团,2011-12-31,1,1449.9800,1.18,1449.9800,0.00,0
600729,重庆百货,2011-12-31,3,1792.7230,4.81,318.2070,3.95,3
600737,中粮屯河,2011-12-31,3,2218.2600,2.21,643.5300,1.57,2
600739,辽宁成大,2011-12-31,1,1129.0000,0.83,-186.0000,0.96,1
600741,华域汽车,2011-12-31,1,1643.6300,0.64,200.0000,0.56,1
000001,平安银行,2011-12-31,1,3684.1500,0.72,299.9900,0.66,1
000002,万科A,2011-12-31,1,8110.0000,0.74,-339.9900,0.77,1
000024,招商地产,2011-12-31,1,2343.6400,1.36,0.0000,1.36,1
000059,辽通化工,2011-12-31,1,600.0000,0.50,0.0000,0.50,1
000061,农产品,2011-12-31,1,1011.5000,1.32,1011.5000,0.00,0
000069,华侨城A,2011-12-31,1,3099.9800,0.55,-2031.6400,0.92,2
000400,许继电气,2011-12-31,1,454.5530,1.20,-84.6380,1.43,1
000401,冀东水泥,2011-12-31,1,1862.8900,1.54,1862.8900,0.00,0
000402,金融街,2011-12-31,1,3359.6000,1.11,780.0000,0.85,1
000404,华意压缩,2011-12-31,1,850.0000,2.62,-283.8400,3.49,1
000410,沈阳机床,2011-12-31,1,209.9810,0.38,-40.0000,0.46,1
000418,小天鹅A,2011-12-31,1,721.4380,1.14,721.4380,0.00,0
600765,中航重机,2011-12-31,1,1000.0000,1.29,0.0000,1.29,1
600795,国电电力,2011-12-31,1,8314.7600,0.54,8314.7600,0.00,0
600805,悦达投资,2011-12-31,1,683.0940,0.96,683.0940,0.00,0
600827,友谊股份,2011-12-31,1,1150.0300,0.67,1150.0300,0.00,0
600829,三精制药,2011-12-31,1,800.0000,1.38,-100.0000,1.55,1
600831,广电网络,2011-12-31,1,649.9830,1.15,0.0000,1.15,1
600850,华东电脑,2011-12-31,1,319.3900,1.87,0.0000,1.87,1
600858,银座股份,2011-12-31,1,550.0000,1.90,-0.5480,1.91,1
600859,王府井,2011-12-31,1,350.0000,0.76,350.0000,0.00,0
600875,东方电气,2011-12-31,1,1095.9500,0.55,0.0000,0.55,1
600882,华联矿业,2011-12-31,1,148.3160,0.69,-46.0670,0.91,1
600886,国投电力,2011-12-31,3,9622.9000,4.10,3556.6600,3.03,3
600887,伊利股份,2011-12-31,1,1911.8200,1.20,1911.8200,0.00,0
600888,新疆众和,2011-12-31,1,415.0310,1.01,415.0310,0.00,0
000538,云南白药,2011-12-31,1,416.3400,0.60,-82.6690,0.72,1
000539,粤电力A,2011-12-31,2,3189.2300,1.14,2189.2380,0.36,1
000550,江铃汽车,2011-12-31,1,1123.4100,1.30,-289.5150,1.64,2
000559,万向钱潮,2011-12-31,1,1872.3300,1.18,-65.8400,1.22,1
000564,西安民生,2011-12-31,1,340.9680,1.12,133.1960,0.68,1
000592,中福实业,2011-12-31,1,1980.0000,3.04,1980.0000,0.00,0
000600,建投能源,2011-12-31,1,254.5140,0.28,154.5140,0.11,1
000629,攀钢钒钛,2011-12-31,1,3263.1400,0.57,-160.0100,0.60,1
000635,英力特,2011-12-31,1,254.9890,1.44,5.0000,1.41,1
000639,西王食品,2011-12-31,1,205.0680,1.63,-25.3920,1.84,1
000651,格力电器,2011-12-31,1,2891.1300,1.03,0.0000,1.03,1
000661,长春高新,2011-12-31,1,278.2020,2.12,126.3720,1.16,1
000708,大冶特钢,2011-12-31,1,470.0000,1.05,0.0000,1.05,1
000715,中兴商业,2011-12-31,1,702.4430,2.52,100.0000,2.16,1
000762,西藏矿业,2011-12-31,1,150.0000,0.47,0.0000,0.47,1
000777,中核科技,2011-12-31,1,210.0000,0.99,210.0000,0.00,0
000800,一汽轿车,2011-12-31,1,1518.4500,0.93,-681.5500,1.35,1
000823,超声电子,2011-12-31,1,400.0000,0.91,400.0000,0.00,0
000830,鲁西化工,2011-12-31,1,426.7230,0.29,-33.2670,0.31,1
000848,承德露露,2011-12-31,1,720.3870,1.97,720.3870,0.00,0
000858,五粮液,2011-12-31,1,1256.2400,0.33,0.0000,0.33,1
000876,新希望,2011-12-31,2,2413.2600,1.39,425.2130,2.39,2
000895,双汇发展,2011-12-31,1,780.0000,1.29,0.0000,1.29,1
000897,津滨发展,2011-12-31,1,226.0960,0.14,226.0960,0.00,0
000910,大亚科技,2011-12-31,1,1529.7800,2.90,0.0000,2.90,1
000915,山大华特,2011-12-31,1,327.7740,1.82,0.0000,1.82,1
000919,金陵药业,2011-12-31,2,2066.7820,4.10,2066.7820,0.00,0
000927,一汽夏利,2011-12-31,2,2463.5730,1.54,1605.8730,0.54,1
000939,凯迪电力,2011-12-31,1,1239.2000,1.31,0.0000,1.31,1
000963,华东医药,2011-12-31,1,1099.9700,2.53,99.9770,2.30,1
000988,华工科技,2011-12-31,1,191.3970,0.43,-486.2640,1.52,1
000999,华润三九,2011-12-31,1,514.4960,0.53,24.7750,0.50,1
600537,亿晶光电,2011-12-31,1,220.0100,0.45,220.0100,0.00,0
600575,芜湖港,2011-12-31,2,3356.1810,3.21,980.4210,2.27,1
600251,冠农股份,2011-12-31,2,1002.0680,2.77,60.2040,2.60,2
600436,片仔癀,2011-12-31,2,491.8650,3.51,-33.0860,3.75,2
600439,瑞贝卡,2011-12-31,1,599.9970,0.76,599.9970,0.00,0
600029,南方航空,2011-12-31,1,9000.0000,0.92,7240.0100,0.18,1
600546,山煤国际,2011-12-31,1,252.0600,0.25,-290.2170,0.72,1
600489,中金黄金,2011-12-31,1,524.9760,0.27,524.9760,0.00,0
600348,阳泉煤业,2011-12-31,1,750.9930,0.31,0.0000,0.31,1
600354,敦煌种业,2011-12-31,2,976.5850,4.80,-450.0000,7.01,3
600325,华发股份,2011-12-31,1,1057.7600,1.29,0.0000,1.29,1
600467,好当家,2011-12-31,1,598.1960,0.82,0.0000,0.94,1
600993,马应龙,2011-12-31,1,1055.3100,3.18,-4.6900,3.20,1
600997,开滦股份,2011-12-31,1,412.8050,0.33,412.8050,0.00,0
002001,新和成,2011-12-31,1,653.6470,0.90,653.6470,0.00,0
002004,华邦颖泰,2011-12-31,1,513.6850,3.07,2.8720,3.87,1
002006,精功科技,2011-12-31,1,145.7120,0.48,145.7120,0.00,0
002013,中航精机,2011-12-31,1,520.0360,2.39,19.9970,2.30,1
002022,科华生物,2011-12-31,1,500.0370,1.02,0.0000,1.02,1
600971,恒源煤电,2011-12-31,1,400.0000,0.40,171.9350,0.23,1
002032,苏泊尔,2011-12-31,1,469.0720,0.81,-458.3160,1.61,2
002038,双鹭药业,2011-12-31,2,1879.9840,4.94,119.5790,4.62,2
002042,华孚色纺,2011-12-31,3,2725.7600,4.91,2725.7600,0.00,0
002043,兔宝宝,2011-12-31,1,740.4650,3.15,39.9960,2.98,1
002045,国光电器,2011-12-31,1,486.0000,1.17,0.0000,1.17,1
002048,宁波华翔,2011-12-31,1,700.0000,1.27,0.0000,1.23,1
601633,长城汽车,2011-12-31,1,745.2520,0.24,595.2520,0.05,1
601866,中海集运,2011-12-31,1,1094.8700,0.09,0.0000,0.09,1
002051,中工国际,2011-12-31,1,699.9770,1.59,59.9960,1.45,1
300105,龙源技术,2011-12-31,1,131.8640,0.83,18.8890,0.71,1
601126,四方股份,2011-12-31,2,1603.7310,3.94,65.5560,3.78,2
002205,国统股份,2011-12-31,1,95.3214,0.82,0.0100,0.82,1
002570,贝因美,2011-12-31,2,870.4123,2.04,89.9653,1.83,1
002195,海隆软件,2011-12-31,1,99.9893,0.89,99.9893,0.00,0
300034,钢研高纳,2011-12-31,1,137.6400,0.65,0.0000,0.65,1
002534,杭锅股份,2011-12-31,1,57.9187,0.14,57.9187,0.00,0
002430,杭氧股份,2011-12-31,2,819.3220,1.36,309.2450,0.85,2
002463,沪电股份,2011-12-31,1,860.0000,1.04,860.0000,0.00,0
002146,荣盛发展,2011-12-31,1,1910.0000,1.02,-1248.5500,1.69,2
002308,威创股份,2011-12-31,2,591.3810,0.92,0.0000,0.92,2
002099,海翔药业,2011-12-31,1,282.6240,1.75,282.6240,0.00,0
002216,三全食品,2011-12-31,1,363.7560,1.81,0.0000,1.81,1
002152,广电运通,2011-12-31,1,559.9960,1.26,-387.8790,2.13,2
002156,通富微电,2011-12-31,1,159.7340,0.25,0.0000,0.25,1
002254,泰和新材,2011-12-31,1,328.8940,0.84,-703.4600,2.64,2
002454,松芝股份,2011-12-31,1,130.0000,0.42,-60.8370,0.61,1
601139,深圳燃气,2011-12-31,1,302.0590,0.23,302.0590,0.00,0
002397,梦洁家纺,2011-12-31,1,183.5360,1.21,46.5180,0.91,1
002214,大立科技,2011-12-31,1,169.0550,1.69,-2.5770,1.72,1
601186,中国铁建,2011-12-31,1,6099.9900,0.49,0.0000,0.49,1
002273,水晶光电,2011-12-31,2,227.9890,1.83,-58.9640,2.48,2
002238,天威视讯,2011-12-31,1,237.7310,0.74,237.7310,0.00,0
002372,伟星新材,2011-12-31,1,141.0870,0.56,-50.0000,0.75,2
601668,中国建筑,2011-12-31,1,14065.2000,0.47,14065.2000,0.00,0
002268,卫士通,2011-12-31,1,305.0660,1.77,305.0660,0.00,0
002269,美邦服饰,2011-12-31,1,401.6780,0.40,-1.7800,0.40,1
002344,海宁皮城,2011-12-31,1,413.6080,0.74,160.4500,0.45,1
002289,宇顺电子,2011-12-31,1,140.0000,1.90,-10.0620,2.04,1
002277,友阿股份,2011-12-31,1,415.3690,1.19,0.0000,1.19,1
300065,海兰信,2011-12-31,1,104.9700,1.89,0.0000,1.89,1
601798,蓝科高新,2011-12-31,1,160.4950,0.50,160.4950,0.00,0
300171,东富龙,2011-12-31,2,249.2858,1.56,103.5958,0.91,1
002415,海康威视,2011-12-31,1,399.7250,0.40,48.8890,0.35,1
002301,齐心文具,2011-12-31,1,607.8100,3.17,0.0000,3.17,1
002303,美盈森,2011-12-31,1,225.0660,1.26,-36.0840,1.46,1
300012,华测检测,2011-12-31,1,105.0050,0.57,105.0050,0.00,0
300007,汉威电子,2011-12-31,1,349.9450,2.97,0.0000,2.97,1
300037,新宙邦,2011-12-31,2,290.0971,2.71,58.3231,2.17,1
300101,国腾电子,2011-12-31,2,502.7860,3.62,179.6060,2.33,1
300005,探路者,2011-12-31,1,348.5250,1.30,115.1060,0.87,1
300045,华力创通,2011-12-31,1,115.5270,0.86,115.5270,0.00,0
300008,上海佳豪,2011-12-31,1,180.6590,1.24,10.0000,1.17,1
002310,东方园林,2011-12-31,1,92.6437,0.62,-3.4286,0.64,1
002311,海大集团,2011-12-31,1,766.9800,1.32,0.0000,1.32,1
002327,富安娜,2011-12-31,1,100.0000,0.75,0.0000,0.75,1
002326,永太科技,2011-12-31,1,963.2160,4.01,-177.1240,4.75,1
002330,得利斯,2011-12-31,1,152.9840,0.61,0.0000,0.61,1
002335,科华恒盛,2011-12-31,1,85.1488,0.53,85.1488,0.00,0
002561,徐家汇,2011-12-31,1,70.0000,0.17,0.0000,0.17,1
300029,天龙光电,2011-12-31,2,249.9880,1.25,249.9880,0.00,0
002353,杰瑞股份,2011-12-31,1,151.4730,0.66,24.5890,0.55,1
300030,阳普医疗,2011-12-31,1,310.8710,2.10,0.0000,2.10,1
300039,上海凯宝,2011-12-31,1,260.6670,0.99,260.6670,0.00,0
002367,康力电梯,2011-12-31,1,603.0000,2.39,0.0000,2.51,1
300048,合康变频,2011-12-31,1,360.0470,1.46,159.9800,0.81,1
300043,星辉车模,2011-12-31,1,198.3900,1.25,0.0000,1.25,1
002421,达实智能,2011-12-31,1,215.8320,2.13,0.0000,2.13,1
002390,信邦制药,2011-12-31,1,100.0000,0.58,0.0000,0.58,1
601669,中国水电,2011-12-31,2,10818.5400,1.13,10818.5400,0.00,0
002410,广联达,2011-12-31,2,419.6540,1.55,-30.3090,1.67,2
300185,通裕重工,2011-12-31,1,90.0000,0.25,0.0000,0.25,1
601018,宁波港,2011-12-31,1,1803.6600,0.14,0.0000,0.14,1
002465,海格通信,2011-12-31,1,40.3118,0.12,3.0000,0.11,1
601369,陕鼓动力,2011-12-31,3,4074.6680,2.49,2569.3680,0.92,1
002613,北玻股份,2011-12-31,1,65.0000,0.24,65.0000,0.00,0
300074,华平股份,2011-12-31,1,96.5572,0.97,-4.9998,1.02,1
002441,众业达,2011-12-31,1,146.7900,0.63,17.0680,0.56,1
300235,方直科技,2011-12-31,1,55.0000,1.25,-55.0000,2.50,2
300089,长城集团,2011-12-31,1,100.0000,1.00,0.0000,1.00,1
601208,东材科技,2011-12-31,1,117.3770,0.38,2.2460,0.37,1
002484,江海股份,2011-12-31,1,39.8466,0.25,39.8466,0.00,0
002470,金正大,2011-12-31,1,290.3620,0.41,230.3697,0.09,1
002527,新时达,2011-12-31,1,150.0000,0.75,0.0000,0.75,1
002595,豪迈科技,2011-12-31,2,380.0120,1.90,-19.9880,2.00,2
601886,江河创建,2011-12-31,1,51.6735,0.09,51.6735,0.00,0
300120,经纬电材,2011-12-31,1,155.1900,1.37,155.1900,0.00,0
300128,锦富新材,2011-12-31,1,100.0000,0.50,-77.6700,0.89,1
002479,富春环保,2011-12-31,2,881.9267,2.06,881.9267,0.00,0
300121,阳谷华泰,2011-12-31,1,35.1399,0.33,-18.8347,0.50,1
300125,易世达,2011-12-31,1,109.9900,0.93,109.9900,0.00,0
300138,晨光生物,2011-12-31,1,19.9931,0.22,0.0000,0.22,1
002491,通鼎光电,2011-12-31,1,79.9907,0.30,0.0000,0.30,1
002483,润邦股份,2011-12-31,1,100.0000,0.28,-147.2300,0.69,1
300164,通源石油,2011-12-31,1,69.8832,0.88,69.8832,0.00,0
002508,老板电器,2011-12-31,1,128.0000,0.50,0.0000,0.50,1
300154,瑞凌股份,2011-12-31,1,86.1990,0.39,16.1990,0.31,1
002503,搜于特,2011-12-31,1,127.9370,0.80,-5.0000,0.83,1
002515,金字火腿,2011-12-31,1,185.9220,1.95,0.0000,1.95,1
002528,英飞拓,2011-12-31,1,183.6410,0.78,1.8500,0.77,1
300169,天晟新材,2011-12-31,1,77.3885,0.55,-13.0000,0.64,1
300223,北京君正,2011-12-31,1,84.6436,1.06,8.4900,0.95,1
002535,林州重机,2011-12-31,1,455.0000,1.10,5.0000,1.10,1
300194,福安药业,2011-12-31,1,39.0000,0.29,0.0000,0.29,1
002541,鸿路钢构,2011-12-31,1,189.8480,1.42,0.0000,1.42,1
300178,腾邦国际,2011-12-31,1,32.1733,0.27,32.1733,0.00,0
300195,长荣股份,2011-12-31,1,101.2960,0.72,29.3003,0.51,2
300199,翰宇药业,2011-12-31,2,176.6025,1.77,48.6087,1.28,2
002562,兄弟科技,2011-12-31,1,136.0200,1.27,0.0000,1.27,1
002572,索菲亚,2011-12-31,1,127.0030,1.19,127.0030,0.00,0
601566,九牧王,2011-12-31,1,350.0520,0.61,45.0000,0.53,1
300228,富瑞特装,2011-12-31,1,38.2738,0.57,-7.5714,0.68,1
002586,围海股份,2011-12-31,1,54.9892,0.51,0.0000,0.51,1
002607,亚夏汽车,2011-12-31,1,100.2860,1.14,100.2860,0.00,0
300251,光线传媒,2011-12-31,1,36.0000,0.33,-52.9743,0.81,2
002618,丹邦科技,2011-12-31,1,112.0000,0.70,112.0000,0.00,0
300268,万福生科,2011-12-31,1,32.8342,0.49,32.8342,0.00,0
002612,朗姿股份,2011-12-31,1,149.9530,0.75,149.9530,0.00,0
300274,阳光电源,2011-12-31,1,89.2275,0.50,89.2275,0.00,0
002637,赞宇科技,2011-12-31,1,69.9950,0.87,69.9950,0.00,0
300281,金明精机,2011-12-31,1,49.5230,0.83,49.5230,0.00,0
