600006,东风汽车,2011-06-30,2,2020.1280,1.01,304.9980,0.86,1
600012,皖通高速,2011-06-30,1,330.0000,0.20,130.0000,0.12,1
600038,哈飞股份,2011-06-30,1,309.2470,0.92,0.0000,0.92,1
600055,华润万东,2011-06-30,2,827.6080,3.82,475.6260,1.63,1
600085,同仁堂,2011-06-30,1,350.9380,0.67,0.0000,0.67,1
600089,特变电工,2011-06-30,1,1900.0000,0.72,-1199.9700,1.53,2
600096,云天化,2011-06-30,1,399.9820,0.58,0.0000,0.68,1
600108,亚盛集团,2011-06-30,2,4713.9100,2.71,500.0000,2.43,2
600117,西宁特钢,2011-06-30,1,228.1240,0.31,0.0000,0.31,1
600120,浙江东方,2011-06-30,1,409.3450,0.81,409.3450,0.00,0
600123,兰花科创,2011-06-30,2,1135.6230,1.99,1135.6230,0.00,0
600125,铁龙物流,2011-06-30,2,4485.7400,3.44,1035.1700,3.44,2
600139,西部资源,2011-06-30,1,83.6461,0.25,-19.8129,0.44,1
600150,中国船舶,2011-06-30,1,309.9960,0.47,10.0000,0.45,1
600161,天坛生物,2011-06-30,1,398.9120,0.77,0.0000,0.77,1
600170,上海建工,2011-06-30,2,766.3040,0.74,366.3130,0.38,1
600172,黄河旋风,2011-06-30,2,575.7081,1.83,275.7221,1.12,1
600176,中国玻纤,2011-06-30,1,699.9940,1.64,200.0380,1.17,1
600201,金宇集团,2011-06-30,1,174.9900,0.62,-325.0040,1.78,2
600213,亚星客车,2011-06-30,2,1079.6450,4.91,0.0000,4.91,2
600219,南山铝业,2011-06-30,1,4937.1500,2.55,-62.8500,2.59,1
600221,海南航空,2011-06-30,1,1407.5300,0.34,-2488.4640,0.94,2
600228,昌九生化,2011-06-30,1,475.6030,1.97,0.0000,1.97,1
600233,大杨创世,2011-06-30,1,269.7630,1.63,269.7630,0.00,0
600236,桂冠电力,2011-06-30,1,1308.4400,0.57,200.0000,0.49,1
600257,大湖股份,2011-06-30,1,599.9930,1.40,599.9930,0.00,0
600258,首旅酒店,2011-06-30,1,121.5300,0.53,0.0000,0.53,1
600261,阳光照明,2011-06-30,1,316.6390,0.85,316.6390,0.00,0
600280,中央商场,2011-06-30,1,358.9400,2.50,-13.9100,2.60,1
600283,钱江水利,2011-06-30,1,199.9920,0.70,199.9920,0.00,0
600288,大恒科技,2011-06-30,1,660.4060,1.51,60.4080,1.37,1
600305,恒顺醋业,2011-06-30,1,159.9840,1.26,-214.5060,2.95,2
600310,桂东电力,2011-06-30,1,557.0530,2.02,185.5860,2.02,1
600327,大东方,2011-06-30,2,2146.4100,4.11,198.7020,3.73,2
600332,白云山,2011-06-30,1,299.9890,0.37,0.0000,0.37,1
600382,广东明珠,2011-06-30,2,1687.5030,4.94,0.0000,4.94,2
600386,北巴传媒,2011-06-30,1,480.5580,1.19,0.0000,1.19,1
600388,龙净环保,2011-06-30,1,493.4240,2.31,0.0000,2.37,1
600395,盘江股份,2011-06-30,1,490.0000,0.44,0.0000,0.44,1
600415,小商品城,2011-06-30,2,4199.9800,1.54,2699.9800,1.10,1
600456,宝钛股份,2011-06-30,1,199.9750,0.46,199.9750,0.00,0
600523,贵航股份,2011-06-30,1,545.0000,1.89,0.0000,1.89,1
600559,老白干酒,2011-06-30,1,500.0000,3.57,-253.5900,5.38,2
600581,八一钢铁,2011-06-30,2,3547.8900,4.63,50.0000,4.56,2
600582,天地科技,2011-06-30,1,1053.1300,1.04,151.9040,0.89,1
600583,海油工程,2011-06-30,1,2256.8400,0.58,0.0000,0.58,1
600600,青岛啤酒,2011-06-30,1,940.0000,0.70,-1006.5900,1.44,2
600642,申能股份,2011-06-30,1,1634.9900,0.35,545.0000,0.35,1
600660,福耀玻璃,2011-06-30,2,5940.9600,2.97,-823.7200,3.38,2
600697,欧亚集团,2011-06-30,1,400.0000,2.51,0.0000,2.51,1
600720,祁连山,2011-06-30,1,600.0000,1.26,-978.8420,3.32,2
600729,重庆百货,2011-06-30,2,1011.9840,2.71,0.0000,2.71,2
600737,中粮屯河,2011-06-30,1,734.3640,0.73,-1683.7760,2.40,2
600739,辽宁成大,2011-06-30,1,910.0000,1.00,-50.0000,1.06,1
600741,华域汽车,2011-06-30,1,1350.0000,0.52,-210.0000,0.60,1
600742,一汽富维,2011-06-30,1,175.0390,0.83,175.0390,0.00,0
000001,平安银行,2011-06-30,2,6823.8000,1.96,2791.1900,1.16,1
000002,万科A,2011-06-30,1,7804.0200,0.71,7804.0200,0.00,0
000024,招商地产,2011-06-30,1,2343.6400,1.36,2343.6400,0.00,0
000059,辽通化工,2011-06-30,1,600.0000,0.50,600.0000,0.00,0
000069,华侨城A,2011-06-30,1,2309.9400,0.41,2309.9400,0.00,0
000400,许继电气,2011-06-30,1,600.0000,1.59,0.0000,1.59,1
000402,金融街,2011-06-30,1,2069.6000,0.68,2069.6000,0.00,0
000404,华意压缩,2011-06-30,2,1535.7030,4.73,685.7180,2.62,2
000410,沈阳机床,2011-06-30,1,321.5330,0.59,0.0000,0.59,1
600754,锦江股份,2011-06-30,1,230.0000,0.38,0.0000,0.38,1
600765,中航重机,2011-06-30,1,1000.0000,1.29,0.0000,1.29,1
600770,综艺股份,2011-06-30,1,500.0000,0.68,0.0000,0.75,1
600778,友好集团,2011-06-30,1,520.2110,1.67,0.0000,1.67,1
600811,东方集团,2011-06-30,1,734.3990,0.44,0.0000,0.44,1
600816,安信信托,2011-06-30,2,1162.7740,2.56,1162.7740,0.00,0
600821,津劝业,2011-06-30,1,400.0000,0.96,0.0000,0.96,1
600826,兰生股份,2011-06-30,1,200.3340,0.48,200.3340,0.00,0
600828,成商集团,2011-06-30,2,916.1330,2.09,640.6600,0.75,1
600829,三精制药,2011-06-30,1,900.0000,1.55,50.0000,2.20,1
601607,上海医药,2011-06-30,1,750.0000,0.28,750.0000,0.00,0
600850,华东电脑,2011-06-30,1,384.9500,2.25,-460.2630,4.94,2
600859,王府井,2011-06-30,1,398.5330,0.95,-431.2700,1.99,2
600869,远东电缆,2011-06-30,1,406.7650,0.95,0.0000,0.95,1
600875,东方电气,2011-06-30,1,1095.9500,0.55,295.9530,0.40,1
600882,华联矿业,2011-06-30,1,134.3900,0.63,134.3900,0.00,0
600886,国投电力,2011-06-30,3,5666.2500,2.84,0.0000,2.84,3
600887,伊利股份,2011-06-30,1,1880.0000,1.18,1880.0000,0.00,0
000538,云南白药,2011-06-30,1,684.6900,0.99,684.6900,0.00,0
000539,粤电力A,2011-06-30,1,999.9920,0.36,999.9920,0.00,0
000550,江铃汽车,2011-06-30,2,1446.6660,1.68,-1.3440,1.68,2
000559,万向钱潮,2011-06-30,1,1938.1700,1.22,560.8300,1.12,1
000564,西安民生,2011-06-30,1,207.7720,0.68,0.0000,0.68,1
000600,建投能源,2011-06-30,1,100.0000,0.11,-100.0000,0.22,1
000635,英力特,2011-06-30,1,210.0000,1.19,-10.0000,1.24,1
000639,西王食品,2011-06-30,1,194.5550,1.55,194.5550,0.00,0
000651,格力电器,2011-06-30,1,2891.1300,1.03,0.0000,1.03,1
000661,长春高新,2011-06-30,1,150.8300,1.15,0.0000,1.15,1
001696,宗申动力,2011-06-30,1,187.1000,0.18,187.1000,0.00,0
000698,沈阳化工,2011-06-30,1,499.9680,0.76,499.9680,0.00,0
000708,大冶特钢,2011-06-30,1,560.0000,1.25,0.0000,1.25,1
000715,中兴商业,2011-06-30,1,602.4430,2.16,0.0000,2.16,1
000759,中百集团,2011-06-30,1,999.9920,1.47,0.0000,1.47,1
000762,西藏矿业,2011-06-30,1,150.0000,0.47,0.0000,0.54,1
000786,北新建材,2011-06-30,1,350.0000,0.61,-50.0000,0.70,1
000800,一汽轿车,2011-06-30,1,2200.0000,1.35,0.0000,1.35,1
000822,山东海化,2011-06-30,1,449.9920,0.50,50.0000,0.45,1
000826,桑德环境,2011-06-30,1,502.9860,1.22,0.0000,1.22,1
000858,五粮液,2011-06-30,1,1256.2400,0.33,-50.0000,0.34,1
000876,新希望,2011-06-30,1,817.2440,0.98,817.2440,0.00,0
000877,天山股份,2011-06-30,1,500.0000,1.29,-60.0000,1.44,1
000895,双汇发展,2011-06-30,2,1200.0000,1.98,620.0000,0.96,1
000910,大亚科技,2011-06-30,1,1529.7800,2.90,0.0000,2.90,1
000927,一汽夏利,2011-06-30,1,857.7000,0.54,-430.1760,0.81,2
000935,四川双马,2011-06-30,1,199.9930,0.32,0.0000,0.32,1
000939,凯迪电力,2011-06-30,2,2601.8500,2.76,586.8800,3.42,2
000960,锡业股份,2011-06-30,1,393.4750,0.43,393.4750,0.00,0
000963,华东医药,2011-06-30,1,849.9960,1.96,0.0000,1.96,1
000988,华工科技,2011-06-30,1,688.4130,1.55,688.4130,0.00,0
600575,芜湖港,2011-06-30,1,1577.7200,1.51,788.8610,1.51,1
600251,冠农股份,2011-06-30,1,499.9960,1.38,-0.0040,1.38,1
600436,片仔癀,2011-06-30,2,604.1080,4.32,102.4870,3.58,2
600409,三友化工,2011-06-30,2,979.9880,0.92,-1019.9860,1.89,2
600029,南方航空,2011-06-30,1,1699.9900,0.17,399.9900,0.13,1
600546,山煤国际,2011-06-30,1,542.2770,0.72,-560.2910,1.47,2
600348,阳泉煤业,2011-06-30,1,650.0000,0.27,70.0000,0.24,1
600403,大有能源,2011-06-30,1,193.3700,1.52,-6.6300,1.57,1
600354,敦煌种业,2011-06-30,3,1706.5570,8.38,131.9810,7.74,3
600325,华发股份,2011-06-30,1,953.2000,1.17,953.2000,0.00,0
600467,好当家,2011-06-30,1,711.1950,1.12,0.0000,1.12,1
600993,马应龙,2011-06-30,1,1060.0000,3.20,529.0000,3.20,1
600997,开滦股份,2011-06-30,1,405.3150,0.33,20.0000,0.31,1
002004,华邦颖泰,2011-06-30,2,744.2580,5.64,-20.0000,5.79,2
002013,中航精机,2011-06-30,1,460.4920,2.12,275.5500,1.11,1
600971,恒源煤电,2011-06-30,1,100.0000,0.23,0.0000,0.23,1
002032,苏泊尔,2011-06-30,2,848.7090,1.47,0.0000,1.47,2
002033,丽江旅游,2011-06-30,1,164.3970,1.09,164.3970,0.00,0
002038,双鹭药业,2011-06-30,2,1800.4050,4.73,580.1350,4.82,2
600970,中材国际,2011-06-30,1,899.9960,0.99,149.9990,0.99,1
002043,兔宝宝,2011-06-30,1,542.6430,2.97,542.6430,0.00,0
002046,轴研科技,2011-06-30,1,49.9985,0.46,-50.0000,0.93,1
002048,宁波华翔,2011-06-30,1,802.1510,1.41,287.8580,0.91,1
601866,中海集运,2011-06-30,1,1094.8700,0.09,0.0000,0.09,1
002051,中工国际,2011-06-30,1,519.9940,1.18,119.9980,1.18,1
601818,光大银行,2011-06-30,1,6000.0000,0.15,0.0000,0.15,1
300026,红日药业,2011-06-30,1,128.6480,0.85,40.5107,0.88,1
601107,四川成渝,2011-06-30,1,600.0000,0.20,600.0000,0.00,0
601126,四方股份,2011-06-30,1,548.3650,1.37,-41.6290,1.47,1
002205,国统股份,2011-06-30,1,95.3114,0.82,95.3114,0.00,0
002570,贝因美,2011-06-30,2,895.8880,2.10,895.8880,0.00,0
002080,中材科技,2011-06-30,1,420.9010,1.05,120.4510,1.50,1
601808,中海油服,2011-06-30,2,1559.8840,0.35,809.8840,0.17,1
002534,杭锅股份,2011-06-30,2,115.9765,0.29,115.9765,0.00,0
002430,杭氧股份,2011-06-30,1,334.5420,0.56,111.5140,0.56,1
002176,江特电机,2011-06-30,1,309.4100,1.59,309.4100,0.00,0
002146,荣盛发展,2011-06-30,1,1958.5500,1.05,451.9800,1.05,1
300040,九洲电气,2011-06-30,1,100.0000,0.72,100.0000,0.00,0
601666,平煤股份,2011-06-30,2,2874.0590,1.22,764.9250,1.16,2
002068,黑猫股份,2011-06-30,1,400.0000,1.33,-700.0000,3.67,2
002308,威创股份,2011-06-30,1,391.4000,0.61,391.4000,0.00,0
002081,金螳螂,2011-06-30,1,520.0000,1.09,-5.0000,1.10,1
601872,招商轮船,2011-06-30,1,723.1600,0.21,723.1600,0.00,0
002216,三全食品,2011-06-30,1,363.7560,1.95,0.0000,1.95,1
002232,启明信息,2011-06-30,1,140.0000,0.34,20.0050,0.41,1
002148,北纬通信,2011-06-30,1,150.0000,1.32,50.0000,1.32,1
002152,广电运通,2011-06-30,1,539.9960,1.21,-184.5140,2.12,2
002156,通富微电,2011-06-30,1,159.7340,0.25,159.7340,0.00,0
002254,泰和新材,2011-06-30,2,1041.3870,2.66,367.1200,2.58,2
002583,海能达,2011-06-30,1,38.9918,0.14,38.9918,0.00,0
601992,金隅股份,2011-06-30,1,300.0000,0.07,-229.9910,0.12,1
002454,松芝股份,2011-06-30,1,403.0190,1.29,119.5040,1.18,1
601139,深圳燃气,2011-06-30,1,188.8580,0.15,188.8580,0.00,0
002397,梦洁家纺,2011-06-30,1,89.6655,0.95,31.3467,0.62,1
002214,大立科技,2011-06-30,1,171.6320,1.72,0.0000,1.72,1
601186,中国铁建,2011-06-30,1,6099.9900,0.49,0.0000,0.49,1
002273,水晶光电,2011-06-30,2,245.9512,2.13,110.9912,1.20,1
002372,伟星新材,2011-06-30,1,141.0870,0.56,106.0963,0.14,1
002255,海陆重工,2011-06-30,1,150.0000,1.16,0.0000,1.16,1
002264,新华都,2011-06-30,1,250.0000,1.56,0.0000,1.56,1
002322,理工监测,2011-06-30,1,61.6831,0.92,61.6831,0.00,0
002342,巨力索具,2011-06-30,1,70.0000,0.15,70.0000,0.00,0
002269,美邦服饰,2011-06-30,1,447.3670,0.45,-20.0000,0.47,1
002289,宇顺电子,2011-06-30,1,150.0620,2.04,19.9890,1.77,1
002284,亚太股份,2011-06-30,1,100.0000,0.35,100.0000,0.00,0
002277,友阿股份,2011-06-30,1,415.3690,1.19,0.0000,1.19,1
601233,桐昆股份,2011-06-30,1,75.0000,0.16,75.0000,0.00,0
002278,神开股份,2011-06-30,1,100.0000,0.38,-27.9890,0.59,1
002292,奥飞动漫,2011-06-30,1,159.9880,0.39,69.9954,0.35,1
300065,海兰信,2011-06-30,1,104.9700,1.89,77.8909,0.49,1
300171,东富龙,2011-06-30,2,211.4900,1.32,211.4900,0.00,0
002582,好想你,2011-06-30,1,59.9778,0.81,59.9778,0.00,0
002415,海康威视,2011-06-30,1,273.2610,0.27,273.2610,0.00,0
002301,齐心文具,2011-06-30,1,386.9930,2.07,0.0000,2.07,1
002303,美盈森,2011-06-30,1,210.4980,1.18,40.5390,0.95,1
300007,汉威电子,2011-06-30,1,230.2880,1.95,50.2200,1.53,1
300037,新宙邦,2011-06-30,1,238.1530,2.23,73.1980,1.54,1
300101,国腾电子,2011-06-30,1,179.7000,1.29,89.8500,1.29,1
300010,立思辰,2011-06-30,1,415.1570,1.75,138.3860,1.75,1
002311,海大集团,2011-06-30,1,766.9800,1.32,383.4900,1.32,1
002324,普利特,2011-06-30,1,89.9820,0.33,44.9910,0.33,1
601799,星宇股份,2011-06-30,1,131.6820,0.56,131.6820,0.00,0
002327,富安娜,2011-06-30,1,100.0000,0.75,0.0000,0.75,1
002474,榕基软件,2011-06-30,1,41.3547,0.40,41.3547,0.00,0
002321,华英农业,2011-06-30,1,110.7980,0.75,110.7980,0.00,0
300019,硅宝科技,2011-06-30,1,51.8700,0.51,-88.1020,1.37,1
002326,永太科技,2011-06-30,1,1148.0600,4.78,517.2470,4.73,1
002330,得利斯,2011-06-30,1,152.9840,0.61,22.9840,0.52,1
002334,英威腾,2011-06-30,1,65.4989,0.54,8.5250,0.47,1
002561,徐家汇,2011-06-30,1,140.0000,0.34,140.0000,0.00,0
300030,阳普医疗,2011-06-30,1,310.8710,2.10,310.8710,0.00,0
002367,康力电梯,2011-06-30,1,603.0000,2.51,603.0000,0.00,0
300043,星辉车模,2011-06-30,1,126.5110,0.80,126.5110,0.00,0
300056,三维丝,2011-06-30,2,133.6507,2.57,14.0325,2.30,2
002410,广联达,2011-06-30,1,268.3470,0.99,0.0000,0.99,1
300185,通裕重工,2011-06-30,1,90.0000,0.25,90.0000,0.00,0
601018,宁波港,2011-06-30,1,1803.6600,0.14,0.0000,0.14,1
002440,闰土股份,2011-06-30,1,50.5700,0.13,0.5700,0.17,1
601208,东材科技,2011-06-30,1,203.0010,0.66,203.0010,0.00,0
002484,江海股份,2011-06-30,1,39.8466,0.25,39.8466,0.00,0
002470,金正大,2011-06-30,2,249.2156,0.36,0.0000,0.36,2
300113,顺网科技,2011-06-30,1,57.2373,0.43,36.2709,0.35,1
002527,新时达,2011-06-30,1,200.0000,1.00,0.0000,1.00,1
300128,锦富新材,2011-06-30,2,220.3706,1.10,220.3706,0.00,0
601098,中南传媒,2011-06-30,1,200.0000,0.11,25.0190,0.10,1
300121,阳谷华泰,2011-06-30,1,53.9746,0.50,-19.6569,0.68,2
300125,易世达,2011-06-30,2,119.8999,1.02,33.9555,1.46,2
300138,晨光生物,2011-06-30,1,19.9931,0.22,19.9931,0.00,0
600998,九州通,2011-06-30,1,100.0000,0.07,-125.0010,0.16,1
002491,通鼎光电,2011-06-30,1,79.9907,0.30,20.0000,0.22,1
002483,润邦股份,2011-06-30,1,247.2300,0.69,109.8800,0.69,1
002494,华斯股份,2011-06-30,1,26.3183,0.23,0.0000,0.23,1
300132,青松股份,2011-06-30,1,81.9796,0.68,41.9909,0.60,1
002508,老板电器,2011-06-30,1,128.0000,0.50,48.0000,0.50,1
300154,瑞凌股份,2011-06-30,1,180.1630,0.81,30.1630,1.34,2
300143,星河生物,2011-06-30,1,19.9930,0.14,19.9930,0.00,0
002515,金字火腿,2011-06-30,1,192.4000,2.01,44.4000,2.01,1
002526,山东矿机,2011-06-30,1,114.0740,0.43,-16.8620,0.49,1
002535,林州重机,2011-06-30,1,459.7960,1.12,374.8141,0.41,1
300170,汉得信息,2011-06-30,1,91.0000,0.56,91.0000,0.00,0
300172,中电环保,2011-06-30,1,100.0000,1.00,100.0000,0.00,0
300194,福安药业,2011-06-30,1,39.0000,0.29,39.0000,0.00,0
002541,鸿路钢构,2011-06-30,1,167.8080,1.25,37.8330,0.97,1
300183,东软载波,2011-06-30,1,79.6003,0.80,79.6003,0.00,0
002559,亚威股份,2011-06-30,1,20.4650,0.23,20.4650,0.00,0
300186,大华农,2011-06-30,1,88.0000,0.33,88.0000,0.00,0
300195,长荣股份,2011-06-30,3,178.9020,1.79,178.9020,0.00,0
300188,美亚柏科,2011-06-30,1,54.0000,1.01,54.0000,0.00,0
002565,上海绿新,2011-06-30,1,28.6270,0.21,28.6270,0.00,0
300214,日科化学,2011-06-30,1,34.9961,0.26,34.9961,0.00,0
300199,翰宇药业,2011-06-30,1,60.0648,0.60,60.0648,0.00,0
002572,索菲亚,2011-06-30,1,21.2186,0.40,21.2186,0.00,0
300206,理邦仪器,2011-06-30,1,25.2500,0.25,25.2500,0.00,0
601566,九牧王,2011-06-30,2,222.6400,0.39,222.6400,0.00,0
