600006,东风汽车,2012-09-30,1,1815.1300,0.91,0.0000,0.91,1
600050,中国联通,2012-09-30,1,9803.8200,0.46,0.0000,0.46,1
600059,古越龙山,2012-09-30,1,731.2820,1.15,177.8670,0.87,1
600060,海信电器,2012-09-30,1,1327.4500,1.02,1327.4500,0.00,0
600085,同仁堂,2012-09-30,2,3099.9700,2.38,1099.9900,1.54,2
600104,上汽集团,2012-09-30,2,10144.7500,0.92,649.9900,0.86,2
600108,亚盛集团,2012-09-30,2,4086.1300,2.10,0.0000,2.10,2
600118,中国卫星,2012-09-30,1,240.0000,0.26,-221.2130,0.50,1
600123,兰花科创,2012-09-30,1,400.2850,0.35,-675.6250,0.94,1
600125,铁龙物流,2012-09-30,2,4263.6800,3.27,-953.4600,4.00,3
600137,浪莎股份,2012-09-30,1,350.9110,3.61,40.3660,3.19,1
600141,兴发集团,2012-09-30,1,479.9940,1.31,9.9940,1.29,1
600153,建发股份,2012-09-30,1,1919.2400,0.86,1919.2400,0.00,0
600161,天坛生物,2012-09-30,1,458.3640,0.89,0.0000,0.89,1
600176,中国玻纤,2012-09-30,2,2779.7990,3.19,120.9090,3.05,1
600196,复星医药,2012-09-30,2,2528.9000,1.33,1209.9900,0.69,1
600213,亚星客车,2012-09-30,1,505.6400,2.30,0.0000,2.30,1
600219,南山铝业,2012-09-30,1,4937.1500,2.55,0.0000,2.55,1
600223,鲁商置业,2012-09-30,1,992.0280,0.99,992.0280,0.00,0
600258,首旅酒店,2012-09-30,2,243.7310,1.05,122.2010,0.53,1
600261,阳光照明,2012-09-30,1,545.7050,0.85,0.0000,0.85,1
600267,海正药业,2012-09-30,2,2958.3600,3.52,1427.6100,1.82,1
600280,中央商场,2012-09-30,2,503.6120,3.51,5.8800,3.47,2
600285,羚锐制药,2012-09-30,1,300.0000,1.49,-10.0000,1.54,1
600310,桂东电力,2012-09-30,1,363.2500,1.32,363.2500,0.00,0
600315,上海家化,2012-09-30,1,727.4630,1.62,727.4630,0.00,0
600318,巢东股份,2012-09-30,1,400.0090,1.65,200.0170,0.83,1
600323,南海发展,2012-09-30,1,699.8430,1.21,699.8430,0.00,0
600333,长春燃气,2012-09-30,1,66.2522,0.14,66.2522,0.00,0
600337,美克股份,2012-09-30,1,716.5610,1.13,-445.4900,1.84,2
600372,中航电子,2012-09-30,1,277.0640,0.21,277.0640,0.00,0
600382,广东明珠,2012-09-30,2,1323.5160,3.87,-340.9120,4.87,2
600415,小商品城,2012-09-30,1,2500.0000,0.92,-50.0000,0.94,1
600458,时代新材,2012-09-30,1,549.9940,1.06,549.9940,0.00,0
600500,中化国际,2012-09-30,1,349.9990,0.24,50.0000,0.21,1
600523,贵航股份,2012-09-30,1,455.7260,1.58,0.0000,1.58,1
600529,山东药玻,2012-09-30,1,280.2440,1.09,0.0000,1.09,1
600535,天士力,2012-09-30,1,665.9030,1.29,231.7830,0.84,1
600558,大西洋,2012-09-30,1,53.3440,0.39,53.3440,0.00,0
600559,老白干酒,2012-09-30,1,509.1000,3.64,33.4300,3.40,1
600563,法拉电子,2012-09-30,1,107.9240,0.48,-29.3320,0.61,1
600582,天地科技,2012-09-30,1,1376.7600,1.13,-794.6990,2.15,2
600583,海油工程,2012-09-30,1,5279.6900,1.36,2073.8500,0.82,1
600597,光明乳业,2012-09-30,2,2792.0400,2.28,-80.6500,2.74,2
600600,青岛啤酒,2012-09-30,1,964.9910,0.71,99.9910,0.64,1
600628,新世界,2012-09-30,1,139.9420,0.26,139.9420,0.00,0
600635,大众公用,2012-09-30,1,650.0000,0.40,-496.4600,0.70,1
600642,申能股份,2012-09-30,1,4034.9400,0.85,-2787.9500,1.44,2
600655,豫园商城,2012-09-30,1,1471.6300,1.02,0.0000,1.02,1
600660,福耀玻璃,2012-09-30,1,4392.1800,2.19,599.9800,1.89,1
600673,东阳光铝,2012-09-30,2,962.8770,1.16,64.6590,1.09,2
600697,欧亚集团,2012-09-30,2,654.1950,4.11,234.2020,2.64,1
600713,南京医药,2012-09-30,1,595.9560,0.86,595.9560,0.00,0
600724,宁波富达,2012-09-30,1,1081.7200,0.75,1081.7200,0.00,0
600729,重庆百货,2012-09-30,3,2596.4330,6.96,-58.8850,7.12,3
600737,中粮屯河,2012-09-30,2,1264.8990,1.26,-453.3710,1.71,2
600741,华域汽车,2012-09-30,2,3294.5400,1.28,0.0000,1.28,2
600742,一汽富维,2012-09-30,2,527.4490,2.49,527.4490,0.00,0
600893,航空动力,2012-09-30,1,430.2160,0.39,-116.8320,0.50,1
000001,平安银行,2012-09-30,1,4032.6400,0.79,48.4900,0.78,1
000024,招商地产,2012-09-30,1,1827.2800,1.06,177.2900,0.96,1
000026,飞亚达A,2012-09-30,1,448.0550,1.14,-6.9970,1.16,1
000059,辽通化工,2012-09-30,1,610.0000,0.51,0.0000,0.51,1
000069,华侨城A,2012-09-30,3,24730.2300,3.40,1710.0300,3.17,3
000301,东方市场,2012-09-30,1,213.6230,0.18,213.6230,0.00,0
000400,许继电气,2012-09-30,1,488.0760,1.29,488.0760,0.00,0
000402,金融街,2012-09-30,1,5738.0000,1.90,230.0000,1.82,1
000418,小天鹅A,2012-09-30,1,1197.4700,1.89,147.3800,1.66,1
000422,湖北宜化,2012-09-30,1,534.9420,0.60,-336.0090,0.97,1
600761,安徽合力,2012-09-30,1,382.6800,0.74,-65.7460,0.87,1
600773,西藏城投,2012-09-30,1,450.9020,0.78,450.9020,0.00,0
600785,新华百货,2012-09-30,1,301.9640,1.46,0.0000,1.46,1
600787,中储股份,2012-09-30,1,399.9850,0.48,399.9850,0.00,0
600795,国电电力,2012-09-30,1,15014.7000,0.98,400.0000,0.95,1
600805,悦达投资,2012-09-30,2,1195.0820,1.69,511.9880,0.96,1
600829,三精制药,2012-09-30,1,149.9860,0.26,149.9860,0.00,0
600858,银座股份,2012-09-30,1,999.0000,1.92,0.0000,1.92,1
600859,王府井,2012-09-30,1,337.4130,0.73,337.4130,0.00,0
600863,内蒙华电,2012-09-30,1,1000.0800,0.39,1000.0800,0.00,0
600886,国投电力,2012-09-30,3,14434.3500,4.10,0.0000,4.10,3
600887,伊利股份,2012-09-30,2,5050.2500,3.16,599.5600,2.78,2
600888,新疆众和,2012-09-30,1,1104.6000,2.07,344.4950,1.42,1
000430,张家界,2012-09-30,1,449.5710,1.40,449.5710,0.00,0
000543,皖能电力,2012-09-30,1,499.4430,0.65,99.9910,0.52,1
000550,江铃汽车,2012-09-30,1,1123.4100,1.30,0.0000,1.30,1
000564,西安民生,2012-09-30,1,478.4100,1.01,0.0000,1.57,1
000566,海南海药,2012-09-30,2,1118.0130,4.52,1118.0130,0.00,0
000600,建投能源,2012-09-30,1,600.0440,0.66,345.5300,0.28,1
000612,焦作万方,2012-09-30,1,142.6580,0.30,41.1330,0.21,1
000635,英力特,2012-09-30,1,340.5380,1.12,10.0000,1.09,1
000639,西王食品,2012-09-30,1,210.2430,1.12,-89.7570,1.59,1
000650,仁和药业,2012-09-30,2,1780.0000,1.80,1780.0000,0.00,0
000661,长春高新,2012-09-30,1,317.0000,2.41,-13.0000,2.51,1
000666,经纬纺机,2012-09-30,1,169.0360,0.28,169.0360,0.00,0
000690,宝新能源,2012-09-30,2,1992.0500,1.15,1229.5350,0.44,1
000708,大冶特钢,2012-09-30,1,510.0820,1.14,-107.1310,1.37,1
000715,中兴商业,2012-09-30,2,802.3852,2.88,99.9422,2.52,1
000726,鲁泰A,2012-09-30,1,300.7860,0.30,300.7860,0.00,0
000731,四川美丰,2012-09-30,1,189.9400,0.38,189.9400,0.00,0
000785,武汉中商,2012-09-30,1,100.0000,0.40,-123.0000,0.89,2
000799,酒鬼酒,2012-09-30,1,843.2290,2.60,335.5360,1.56,1
000800,一汽轿车,2012-09-30,2,3106.1000,1.91,1021.5300,1.28,1
000823,超声电子,2012-09-30,1,200.0000,0.45,-199.9830,0.91,1
000837,秦川发展,2012-09-30,1,191.8780,0.55,191.8780,0.00,0
000848,承德露露,2012-09-30,1,1145.5700,2.85,190.8720,2.62,1
000858,五粮液,2012-09-30,1,1732.5500,0.46,35.4500,0.45,1
000876,新希望,2012-09-30,3,3569.9900,2.05,-28.3400,2.07,3
000877,天山股份,2012-09-30,1,256.1260,0.29,256.1260,0.00,0
000888,峨眉山A,2012-09-30,2,644.4580,2.74,644.4580,0.00,0
000895,双汇发展,2012-09-30,2,1437.6880,1.31,477.7050,1.58,1
000910,大亚科技,2012-09-30,1,1300.0000,2.46,0.0000,2.46,1
000915,山大华特,2012-09-30,1,397.7620,2.21,19.9930,2.10,1
000919,金陵药业,2012-09-30,2,1594.6690,3.16,0.0000,3.16,2
000927,一汽夏利,2012-09-30,2,4235.2100,2.66,782.5020,2.16,2
000937,冀中能源,2012-09-30,1,660.9400,0.29,660.9400,0.00,0
000963,华东医药,2012-09-30,1,1065.0000,2.45,-135.0000,2.76,1
000987,广州友谊,2012-09-30,1,295.0480,0.82,0.0000,0.82,1
000989,九芝堂,2012-09-30,1,469.9750,1.58,259.9750,0.71,1
000993,闽东电力,2012-09-30,1,192.6090,0.52,192.6090,0.00,0
000998,隆平高科,2012-09-30,1,379.9470,0.91,379.9470,0.00,0
000999,华润三九,2012-09-30,1,568.6480,0.58,568.6480,0.00,0
600521,华海药业,2012-09-30,1,950.8130,1.74,950.8130,0.00,0
600575,芜湖港,2012-09-30,2,4093.9500,3.36,399.9400,3.03,2
600251,冠农股份,2012-09-30,2,1073.6680,2.97,71.6000,2.77,2
600436,片仔癀,2012-09-30,1,112.0180,0.80,-116.5640,1.63,1
600425,青松建化,2012-09-30,1,659.9810,0.96,-60.0100,1.04,2
600029,南方航空,2012-09-30,1,8000.0000,0.81,-1000.0000,0.92,1
600546,山煤国际,2012-09-30,2,960.5000,0.97,354.8350,0.61,2
600485,中创信测,2012-09-30,1,210.3340,1.52,-139.0190,2.52,2
600547,山东黄金,2012-09-30,1,548.9720,0.39,548.9720,0.00,0
600354,敦煌种业,2012-09-30,1,1000.0000,2.23,-172.6940,2.62,2
600325,华发股份,2012-09-30,1,2715.8600,3.32,50.0000,3.26,1
600467,好当家,2012-09-30,1,800.0470,1.10,800.0470,0.00,0
600976,武汉健民,2012-09-30,1,500.0000,3.26,500.0000,0.00,0
600993,马应龙,2012-09-30,1,1100.0000,3.32,-1.5500,3.32,1
600967,北方创业,2012-09-30,1,277.8600,1.60,277.8600,0.00,0
600495,晋西车轴,2012-09-30,1,450.9810,1.49,450.9810,0.00,0
600997,开滦股份,2012-09-30,1,483.9090,0.39,-145.9960,0.51,1
600995,文山电力,2012-09-30,1,475.5580,0.99,0.0000,0.99,1
600420,现代制药,2012-09-30,1,383.2250,1.33,383.2250,0.00,0
002008,大族激光,2012-09-30,1,1035.3900,0.99,1035.3900,0.00,0
002013,中航精机,2012-09-30,1,290.0000,1.03,-30.0000,1.13,1
002024,苏宁云商,2012-09-30,2,11975.0200,1.62,11975.0200,0.00,0
002025,航天电器,2012-09-30,1,218.6860,0.66,218.6860,0.00,0
600983,合肥三洋,2012-09-30,1,265.4390,0.50,265.4390,0.00,0
002032,苏泊尔,2012-09-30,2,846.7380,1.33,0.0000,1.33,2
002038,双鹭药业,2012-09-30,2,1841.9900,4.84,-58.8990,4.99,2
600970,中材国际,2012-09-30,3,3375.4200,3.09,2723.6640,0.60,1
002042,华孚色纺,2012-09-30,2,2400.0000,2.88,0.0000,2.88,2
002043,兔宝宝,2012-09-30,1,966.5930,2.06,-233.4070,2.55,1
002045,国光电器,2012-09-30,1,486.0000,1.17,0.0000,1.17,1
002048,宁波华翔,2012-09-30,1,520.2790,0.98,-29.7210,0.99,1
601866,中海集运,2012-09-30,1,1094.8700,0.09,1094.8700,0.00,0
002051,中工国际,2012-09-30,1,817.6300,1.43,-90.9200,1.59,1
601628,中国人寿,2012-09-30,1,2730.2800,0.10,74.1900,0.09,1
601336,新华保险,2012-09-30,2,510.6810,0.16,176.0990,0.11,1
002281,光迅科技,2012-09-30,1,101.7180,0.64,101.7180,0.00,0
002106,莱宝高科,2012-09-30,1,778.2170,1.30,778.2170,0.00,0
300105,龙源技术,2012-09-30,2,450.7320,1.58,250.8030,0.70,1
300026,红日药业,2012-09-30,1,283.2390,1.25,283.2390,0.00,0
002643,烟台万润,2012-09-30,2,79.9901,0.58,79.9901,0.00,0
601126,四方股份,2012-09-30,3,1551.6530,3.82,25.6240,3.75,3
601608,中信重工,2012-09-30,1,799.9990,0.29,799.9990,0.00,0
002205,国统股份,2012-09-30,1,135.3880,1.17,30.0720,0.91,1
002570,贝因美,2012-09-30,1,780.4470,1.83,0.0000,1.83,1
000338,潍柴动力,2012-09-30,1,630.1150,0.32,630.1150,0.00,0
300034,钢研高纳,2012-09-30,2,806.0120,3.80,0.0000,3.80,2
002534,杭锅股份,2012-09-30,1,220.0000,0.55,-84.4960,0.76,1
002463,沪电股份,2012-09-30,1,721.0570,0.62,-49.2950,0.66,1
002055,得润电子,2012-09-30,1,500.0000,1.22,500.0000,0.00,0
002066,瑞泰科技,2012-09-30,1,121.2910,0.53,121.2910,0.00,0
002146,荣盛发展,2012-09-30,1,1937.4600,1.04,37.4600,1.02,1
601699,潞安环能,2012-09-30,1,1946.8300,0.85,479.0200,0.64,1
002078,太阳纸业,2012-09-30,1,199.9960,0.20,0.0000,0.20,1
002068,黑猫股份,2012-09-30,1,1560.8100,3.25,1560.8100,0.00,0
002308,威创股份,2012-09-30,1,391.4000,0.61,-243.9070,0.99,2
601918,国投新集,2012-09-30,1,1203.3900,0.65,99.9900,0.60,1
002081,金螳螂,2012-09-30,1,626.3080,0.81,-20.6920,0.83,1
601002,晋亿实业,2012-09-30,1,680.4780,0.92,680.4780,0.00,0
603993,洛阳钼业,2012-09-30,1,212.1420,0.04,212.1420,0.00,0
002371,七星电子,2012-09-30,1,67.7262,0.38,67.7262,0.00,0
002152,广电运通,2012-09-30,1,1590.0000,2.55,18.0300,2.52,1
002296,辉煌科技,2012-09-30,1,260.0700,1.46,9.9940,1.41,1
002360,同德化工,2012-09-30,1,220.7310,1.84,13.2440,1.73,1
002583,海能达,2012-09-30,1,315.3510,1.13,49.2810,0.96,1
002209,达意隆,2012-09-30,1,340.0000,1.74,-20.0000,1.84,1
002397,梦洁家纺,2012-09-30,1,80.7696,0.53,80.7696,0.00,0
002364,中恒电气,2012-09-30,1,158.9520,1.54,0.0000,1.54,1
601186,中国铁建,2012-09-30,1,6099.9900,0.49,0.0000,0.49,1
002273,水晶光电,2012-09-30,2,939.4920,3.76,369.5010,2.28,1
002223,鱼跃医疗,2012-09-30,2,832.8660,1.57,832.8660,0.00,0
002238,天威视讯,2012-09-30,1,150.5460,0.47,0.0000,0.47,1
002372,伟星新材,2012-09-30,1,199.4450,0.79,-45.1830,0.97,2
002241,歌尔声学,2012-09-30,1,556.4500,0.66,556.4500,0.00,0
002242,九阳股份,2012-09-30,1,169.9640,0.22,169.9640,0.00,0
002450,康得新,2012-09-30,1,750.5220,1.21,750.5220,0.00,0
601668,中国建筑,2012-09-30,1,23080.4000,0.77,-25646.9000,1.62,2
002269,美邦服饰,2012-09-30,1,350.9360,0.35,-34.1380,0.38,1
300233,金城医药,2012-09-30,1,280.0090,2.31,280.0090,0.00,0
300115,长盈精密,2012-09-30,1,166.0080,0.64,166.0080,0.00,0
002266,浙富股份,2012-09-30,1,798.3840,1.33,476.3500,0.54,1
300015,爱尔眼科,2012-09-30,1,127.1850,0.30,127.1850,0.00,0
002299,圣农发展,2012-09-30,1,2195.0800,2.41,267.5200,2.12,1
002344,海宁皮城,2012-09-30,1,734.1840,1.31,-239.1070,1.74,2
002277,友阿股份,2012-09-30,1,552.5900,0.99,207.2210,0.99,1
300065,海兰信,2012-09-30,1,199.4430,1.89,0.0000,1.89,1
601798,蓝科高新,2012-09-30,1,100.0000,0.31,-149.9750,0.78,1
300353,东土科技,2012-09-30,1,67.0000,1.25,67.0000,0.00,0
300171,东富龙,2012-09-30,1,188.7800,0.91,14.7030,0.84,1
002415,海康威视,2012-09-30,1,1012.9500,0.50,-80.0000,0.55,1
601888,中国国旅,2012-09-30,2,650.2220,0.74,650.2220,0.00,0
002301,齐心文具,2012-09-30,1,1015.6200,2.64,507.8100,2.65,1
002303,美盈森,2012-09-30,1,49.9622,0.28,49.9622,0.00,0
300012,华测检测,2012-09-30,1,250.0290,1.36,160.0290,0.49,1
300007,汉威电子,2012-09-30,1,420.0000,3.56,55.0080,3.09,1
300037,新宙邦,2012-09-30,3,606.6282,3.54,0.0000,3.54,3
300005,探路者,2012-09-30,1,654.5590,1.86,0.0000,1.88,1
300006,莱美药业,2012-09-30,1,185.7360,1.01,185.7360,0.00,0
002495,佳隆股份,2012-09-30,1,284.6700,1.01,-417.3300,2.48,1
300041,回天胶业,2012-09-30,1,39.9944,0.38,39.9944,0.00,0
002310,东方园林,2012-09-30,1,170.4270,0.57,170.4270,0.00,0
002309,中利科技,2012-09-30,1,243.8160,0.51,20.0330,0.47,1
002311,海大集团,2012-09-30,2,1354.9820,1.79,357.9080,1.32,1
300127,银河磁体,2012-09-30,1,30.0000,0.19,-70.0080,0.62,1
002313,日海通讯,2012-09-30,1,110.8810,0.46,110.8810,0.00,0
002327,富安娜,2012-09-30,1,124.1240,0.77,-1.0600,0.78,1
002326,永太科技,2012-09-30,1,653.2270,2.72,0.0000,2.72,1
002330,得利斯,2012-09-30,1,117.0000,0.47,-13.0000,0.52,1
300029,天龙光电,2012-09-30,1,91.4045,0.46,-28.5835,0.60,1
300030,阳普医疗,2012-09-30,1,141.3050,0.95,0.0000,0.95,1
002367,康力电梯,2012-09-30,1,904.5000,2.38,0.0000,2.39,1
300048,合康变频,2012-09-30,1,800.0320,2.37,59.9980,2.19,1
002566,益盛药业,2012-09-30,1,146.1850,0.66,146.1850,0.00,0
300043,星辉车模,2012-09-30,1,208.3900,1.32,10.0000,1.25,1
002421,达实智能,2012-09-30,1,118.1230,1.13,-97.7090,2.07,1
002398,建研集团,2012-09-30,1,169.6300,0.84,117.7020,0.33,1
601669,中国水电,2012-09-30,1,5417.3000,0.56,-7603.7300,1.36,2
002410,广联达,2012-09-30,2,429.9760,1.06,-140.4000,1.41,2
300059,东方财富,2012-09-30,1,306.9650,0.91,306.9650,0.00,0
002465,海格通信,2012-09-30,2,265.0000,0.80,28.2325,0.71,2
002441,众业达,2012-09-30,2,166.7900,0.72,0.0000,0.72,1
300099,尤洛卡,2012-09-30,1,112.1930,1.09,7.1460,1.02,1
002663,普邦园林,2012-09-30,2,290.6050,1.04,61.2340,1.31,2
300104,乐视网,2012-09-30,1,588.8020,1.41,208.8360,0.91,1
300110,华仁药业,2012-09-30,2,539.5610,2.47,379.9340,0.73,1
300113,顺网科技,2012-09-30,1,179.6440,1.36,179.6440,0.00,0
300156,天立环保,2012-09-30,1,161.0360,0.56,161.0360,0.00,0
002527,新时达,2012-09-30,1,149.4600,0.72,-0.5400,0.73,1
002595,豪迈科技,2012-09-30,1,189.4030,0.95,-10.5970,1.00,1
300128,锦富新材,2012-09-30,1,158.0110,0.77,158.0110,0.00,0
601098,中南传媒,2012-09-30,2,3042.4040,1.69,1728.3120,0.73,2
002479,富春环保,2012-09-30,1,513.6730,1.20,-85.8290,1.40,1
300125,易世达,2012-09-30,1,109.9900,0.93,0.0000,0.93,1
002486,嘉麟杰,2012-09-30,1,570.3520,2.74,0.0000,2.74,1
002521,齐峰新材,2012-09-30,1,251.6330,1.22,251.6330,0.00,0
300122,智飞生物,2012-09-30,1,245.1800,0.61,62.6720,0.46,1
002497,雅化集团,2012-09-30,1,133.7990,0.42,133.7990,0.00,0
300130,新国都,2012-09-30,2,299.3780,2.62,184.3960,1.01,1
002505,大康牧业,2012-09-30,1,221.3120,0.90,67.1040,0.94,1
002508,老板电器,2012-09-30,1,218.8800,0.86,-110.1800,1.29,2
002503,搜于特,2012-09-30,1,262.0980,0.91,89.0970,0.60,1
300144,宋城股份,2012-09-30,1,450.9960,0.81,159.4200,0.53,1
002515,金字火腿,2012-09-30,1,278.8820,1.95,0.0000,1.95,1
300289,利德曼,2012-09-30,2,299.9680,1.95,126.4120,1.13,1
300158,振东制药,2012-09-30,1,60.0000,0.21,60.0000,0.00,0
002516,江苏旷达,2012-09-30,1,327.0000,1.31,-88.0000,1.66,1
300165,天瑞仪器,2012-09-30,1,41.5869,0.27,0.0000,0.27,1
002535,林州重机,2012-09-30,1,620.0000,1.15,-5.2580,1.16,1
300160,秀强股份,2012-09-30,1,200.0000,1.07,-125.2080,1.74,1
002557,洽洽食品,2012-09-30,1,235.9360,0.70,235.9360,0.00,0
300177,中海达,2012-09-30,1,120.0000,0.60,120.0000,0.00,0
300183,东软载波,2012-09-30,1,39.9873,0.18,39.9873,0.00,0
300195,长荣股份,2012-09-30,1,60.1400,0.43,-266.6909,2.33,3
300188,美亚柏科,2012-09-30,1,63.7976,0.58,63.7976,0.00,0
300345,红宇新材,2012-09-30,2,252.1820,2.63,252.1820,0.00,0
002562,兄弟科技,2012-09-30,1,272.0400,1.27,0.0000,1.27,1
002572,索菲亚,2012-09-30,1,278.6570,1.30,9.0800,1.26,1
601566,九牧王,2012-09-30,1,355.0000,0.61,5.0000,0.60,1
300257,开山股份,2012-09-30,1,263.7360,0.92,263.7360,0.00,0
300215,电科院,2012-09-30,1,64.9990,0.36,-350.4830,2.31,1
300240,飞力达,2012-09-30,1,245.0000,1.47,245.0000,0.00,0
002586,围海股份,2012-09-30,1,142.5000,0.70,142.5000,0.00,0
002589,瑞康医药,2012-09-30,1,148.7050,1.59,92.9860,0.59,1
002588,史丹利,2012-09-30,1,100.0000,0.59,-242.1660,2.02,3
300241,瑞丰光电,2012-09-30,1,91.0963,0.85,91.0963,0.00,0
300258,精锻科技,2012-09-30,1,181.5160,1.21,0.0000,1.21,1
300244,迪安诊断,2012-09-30,1,137.1270,1.49,107.1360,0.33,1
300251,光线传媒,2012-09-30,1,223.9430,0.93,223.9430,0.00,0
601636,旗滨集团,2012-09-30,2,625.0040,0.90,-49.9770,0.97,2
300273,和佳股份,2012-09-30,2,295.6850,1.48,159.7030,0.68,1
002612,朗姿股份,2012-09-30,1,115.6570,0.58,115.6570,0.00,0
601100,恒立油缸,2012-09-30,1,349.2300,0.55,349.2300,0.00,0
603001,奥康国际,2012-09-30,1,472.2750,1.18,472.2750,0.00,0
002635,安洁科技,2012-09-30,1,156.9740,1.31,156.9740,0.00,0
002638,勤上光电,2012-09-30,2,439.4260,1.17,239.3890,0.53,1
603077,和邦股份,2012-09-30,1,585.1960,1.30,585.1960,0.00,0
002649,博彦科技,2012-09-30,1,284.5230,1.90,226.8477,0.38,1
300287,飞利信,2012-09-30,2,204.0660,2.43,109.5557,1.13,1
300298,三诺生物,2012-09-30,3,247.0629,2.81,247.0629,0.00,0
300291,华录百纳,2012-09-30,1,40.0000,0.67,40.0000,0.00,0
601231,环旭电子,2012-09-30,1,200.0000,0.20,24.7320,0.17,1
002660,茂硕电源,2012-09-30,1,123.6180,1.27,23.8517,1.03,1
002661,克明面业,2012-09-30,2,152.3362,1.83,77.0423,0.91,1
300314,戴维医疗,2012-09-30,1,21.1365,0.26,21.1365,0.00,0
300308,中际装备,2012-09-30,1,57.3570,0.86,57.3570,0.00,0
300302,同有科技,2012-09-30,1,46.2296,0.77,46.2296,0.00,0
300312,邦讯技术,2012-09-30,1,103.2410,0.97,103.2410,0.00,0
300315,掌趣科技,2012-09-30,1,138.0800,0.84,138.0800,0.00,0
603000,人民网,2012-09-30,1,71.7794,0.26,71.7794,0.00,0
300339,润和软件,2012-09-30,1,70.1658,0.91,70.1658,0.00,0
002679,福建金森,2012-09-30,1,55.6955,0.40,55.6955,0.00,0
002695,煌上煌,2012-09-30,1,149.4610,1.21,149.4610,0.00,0
300346,南大光电,2012-09-30,2,144.4385,2.87,144.4385,0.00,0
300355,蒙草抗旱,2012-09-30,1,50.0000,0.37,50.0000,0.00,0
300354,东华测试,2012-09-30,1,73.0840,1.65,73.0840,0.00,0
