600006,东风汽车,2012-03-31,1,1815.1300,0.91,-181.3980,1.00,2
600050,中国联通,2012-03-31,1,9803.8200,0.46,9803.8200,0.00,0
600085,同仁堂,2012-03-31,2,1409.9910,1.08,499.9910,0.70,1
600104,上汽集团,2012-03-31,2,9494.7600,0.86,-5557.0700,1.37,3
600108,亚盛集团,2012-03-31,2,4086.1300,2.35,499.9900,2.06,2
600123,兰花科创,2012-03-31,1,537.9530,0.94,0.0000,0.94,1
600125,铁龙物流,2012-03-31,2,3817.5600,2.92,1354.9800,1.89,1
600137,浪莎股份,2012-03-31,1,300.0000,3.09,54.6040,2.52,1
600141,兴发集团,2012-03-31,1,499.9920,1.37,99.9920,1.09,1
600161,天坛生物,2012-03-31,1,458.3640,0.89,0.0000,0.89,1
600169,太原重工,2012-03-31,1,600.0000,0.37,-1400.0000,1.24,1
600176,中国玻纤,2012-03-31,1,1559.8700,2.68,1559.8700,0.00,0
600196,复星医药,2012-03-31,1,1318.9100,0.69,-570.1000,0.99,1
600213,亚星客车,2012-03-31,1,505.6400,2.30,-332.8230,3.81,2
600219,南山铝业,2012-03-31,1,4937.1500,2.55,0.0000,2.55,1
600223,鲁商置业,2012-03-31,1,962.0280,0.96,119.9980,0.84,1
600236,桂冠电力,2012-03-31,1,1108.4400,0.49,-200.0000,0.57,1
600252,中恒集团,2012-03-31,1,396.9300,0.36,-400.0000,0.73,1
600258,首旅酒店,2012-03-31,1,121.5300,0.53,0.0000,0.53,1
600261,阳光照明,2012-03-31,1,363.8030,0.85,-74.2330,1.17,1
600267,海正药业,2012-03-31,1,751.5430,1.43,751.5430,0.00,0
600270,外运发展,2012-03-31,1,207.4630,0.23,207.4630,0.00,0
600280,中央商场,2012-03-31,2,586.8460,4.09,0.0000,4.09,2
600285,羚锐制药,2012-03-31,1,300.0000,1.49,-0.5960,1.50,1
600337,美克股份,2012-03-31,1,638.7540,1.01,638.7540,0.00,0
600382,广东明珠,2012-03-31,2,1664.4280,4.87,360.5040,3.82,2
600388,龙净环保,2012-03-31,1,542.2140,2.54,128.1590,1.94,1
600395,盘江股份,2012-03-31,1,447.6100,0.41,-38.6770,0.44,1
600415,小商品城,2012-03-31,1,2500.0000,0.92,0.0000,0.92,1
600499,科达机电,2012-03-31,1,395.9870,0.63,395.9870,0.00,0
600523,贵航股份,2012-03-31,1,455.7260,1.58,0.0000,1.58,1
600529,山东药玻,2012-03-31,1,161.1360,0.63,161.1360,0.00,0
600559,老白干酒,2012-03-31,1,471.0000,3.36,-40.0500,3.65,1
600563,法拉电子,2012-03-31,1,150.0000,0.67,-230.1090,1.69,2
600565,迪马股份,2012-03-31,1,423.0620,0.59,423.0620,0.00,0
600581,八一钢铁,2012-03-31,1,1650.5700,2.15,-720.0000,3.09,2
600582,天地科技,2012-03-31,1,1169.9900,1.16,-1164.7600,2.31,2
600587,新华医疗,2012-03-31,1,210.0000,1.56,210.0000,0.00,0
600597,光明乳业,2012-03-31,2,2872.6900,2.74,502.6310,2.26,2
600600,青岛啤酒,2012-03-31,1,940.0000,0.70,0.0000,0.70,1
600612,老凤祥,2012-03-31,1,559.4100,1.28,81.7650,1.10,1
600642,申能股份,2012-03-31,1,2534.9600,0.54,0.0000,0.54,1
600655,豫园商城,2012-03-31,1,1471.6300,1.02,1471.6300,0.00,0
600660,福耀玻璃,2012-03-31,1,3792.2000,1.89,0.0000,1.89,1
600673,东阳光铝,2012-03-31,1,666.5580,0.81,81.1700,0.71,1
600697,欧亚集团,2012-03-31,1,419.9930,2.64,19.9930,2.51,1
600729,重庆百货,2012-03-31,3,2589.9470,6.94,797.2240,4.81,3
600737,中粮屯河,2012-03-31,3,2068.2600,2.06,-150.0000,2.21,3
600739,辽宁成大,2012-03-31,1,1169.0000,0.86,40.0000,0.83,1
600741,华域汽车,2012-03-31,2,3557.1200,1.38,1913.4900,0.64,1
000001,平安银行,2012-03-31,1,3984.1500,0.78,300.0000,0.72,1
000002,万科A,2012-03-31,1,7700.0000,0.70,-410.0000,0.74,1
000024,招商地产,2012-03-31,1,1570.0000,0.91,-773.6400,1.36,1
000026,飞亚达A,2012-03-31,1,389.5590,0.99,389.5590,0.00,0
000059,辽通化工,2012-03-31,1,600.0000,0.50,0.0000,0.50,1
000061,农产品,2012-03-31,1,1011.5000,1.32,0.0000,1.32,1
000069,华侨城A,2012-03-31,3,13641.5600,2.44,10541.5800,0.55,1
000401,冀东水泥,2012-03-31,1,2182.8900,1.62,320.0000,1.54,1
000402,金融街,2012-03-31,1,4247.7600,1.40,888.1600,1.11,1
000418,小天鹅A,2012-03-31,1,1050.0900,1.66,328.6520,1.14,1
000422,湖北宜化,2012-03-31,1,607.8920,0.97,607.8920,0.00,0
600761,安徽合力,2012-03-31,1,349.9980,0.82,349.9980,0.00,0
600765,中航重机,2012-03-31,1,600.0000,0.77,-400.0000,1.29,1
600795,国电电力,2012-03-31,1,10114.7000,0.66,1799.9400,0.54,1
600805,悦达投资,2012-03-31,1,683.0940,0.96,0.0000,0.96,1
600827,友谊股份,2012-03-31,1,1150.0300,0.67,0.0000,0.67,1
600829,三精制药,2012-03-31,1,550.0000,0.95,-250.0000,1.38,1
600835,上海机电,2012-03-31,1,342.6350,0.34,342.6350,0.00,0
600850,华东电脑,2012-03-31,1,319.3900,1.87,0.0000,1.87,1
600858,银座股份,2012-03-31,1,555.0000,1.92,5.0000,1.90,1
600859,王府井,2012-03-31,1,350.0000,0.76,0.0000,0.76,1
600875,东方电气,2012-03-31,1,1095.9500,0.55,0.0000,0.55,1
600886,国投电力,2012-03-31,3,9622.9000,4.10,0.0000,4.10,3
600887,伊利股份,2012-03-31,2,4070.7000,2.55,2158.8800,1.20,1
600888,新疆众和,2012-03-31,1,584.6960,1.42,169.6650,1.01,1
000539,粤电力A,2012-03-31,2,3350.7000,1.20,161.4700,1.14,2
000550,江铃汽车,2012-03-31,1,1123.4100,1.30,0.0000,1.30,1
000559,万向钱潮,2012-03-31,1,563.9950,0.35,-1308.3350,1.18,1
000564,西安民生,2012-03-31,1,500.0000,1.64,159.0320,1.12,1
000600,建投能源,2012-03-31,1,254.5140,0.28,0.0000,0.28,1
000612,焦作万方,2012-03-31,1,99.0402,0.21,99.0402,0.00,0
000635,英力特,2012-03-31,1,270.9890,1.53,16.0000,1.44,1
000661,长春高新,2012-03-31,1,345.7920,2.63,67.5900,2.12,1
000669,金鸿能源,2012-03-31,1,152.0750,1.64,152.0750,0.00,0
000690,宝新能源,2012-03-31,1,608.3660,0.35,608.3660,0.00,0
000708,大冶特钢,2012-03-31,1,470.0000,1.05,0.0000,1.05,1
000715,中兴商业,2012-03-31,1,702.4430,2.52,0.0000,2.52,1
000777,中核科技,2012-03-31,1,210.0000,0.99,0.0000,0.99,1
000778,新兴铸管,2012-03-31,1,749.9840,0.39,749.9840,0.00,0
000785,武汉中商,2012-03-31,2,886.1550,3.53,886.1550,0.00,0
000800,一汽轿车,2012-03-31,1,1723.4400,1.06,204.9900,0.93,1
000823,超声电子,2012-03-31,1,299.9950,0.68,-100.0050,0.91,1
000829,天音控股,2012-03-31,1,414.9930,0.44,414.9930,0.00,0
000848,承德露露,2012-03-31,1,824.3870,2.26,104.0000,1.97,1
000858,五粮液,2012-03-31,2,3166.0900,0.83,1909.8500,0.33,1
000876,新希望,2012-03-31,3,3645.4910,2.10,1232.2310,1.39,2
000895,双汇发展,2012-03-31,1,780.0000,1.29,0.0000,1.29,1
000910,大亚科技,2012-03-31,1,1300.0000,2.46,-229.7800,2.90,1
000915,山大华特,2012-03-31,1,327.7740,1.82,0.0000,1.82,1
000919,金陵药业,2012-03-31,2,2310.9220,4.59,244.1400,4.10,2
000927,一汽夏利,2012-03-31,3,3397.7470,2.13,934.1740,1.54,2
000939,凯迪电力,2012-03-31,1,659.4770,0.70,-579.7230,1.31,1
000963,华东医药,2012-03-31,1,1209.8700,2.79,109.9000,2.53,1
000999,华润三九,2012-03-31,1,554.6000,0.57,40.1040,0.53,1
600575,芜湖港,2012-03-31,2,3557.3200,3.40,201.1390,3.21,2
600251,冠农股份,2012-03-31,2,1002.0680,2.77,0.0000,2.77,2
600436,片仔癀,2012-03-31,2,380.6000,2.72,-111.2650,3.51,2
600425,青松建化,2012-03-31,1,479.9950,1.00,479.9950,0.00,0
600029,南方航空,2012-03-31,1,9000.0000,0.92,0.0000,0.92,1
600546,山煤国际,2012-03-31,1,395.6710,0.40,143.6110,0.25,1
600352,浙江龙盛,2012-03-31,1,1199.9600,0.82,1199.9600,0.00,0
600485,中创信测,2012-03-31,2,579.3530,4.18,579.3530,0.00,0
600489,中金黄金,2012-03-31,1,435.0000,0.22,-89.9760,0.27,1
600348,阳泉煤业,2012-03-31,1,750.9930,0.31,0.0000,0.31,1
600015,华夏银行,2012-03-31,1,6228.4100,0.91,6228.4100,0.00,0
600507,方大特钢,2012-03-31,1,519.2140,0.40,519.2140,0.00,0
600021,上海电力,2012-03-31,1,590.5350,0.28,590.5350,0.00,0
600354,敦煌种业,2012-03-31,1,464.4980,2.28,-512.0870,4.80,2
600325,华发股份,2012-03-31,1,1487.7500,1.82,429.9900,1.29,1
600993,马应龙,2012-03-31,1,1075.3100,3.24,20.0000,3.18,1
600491,龙元建设,2012-03-31,1,999.9860,1.06,999.9860,0.00,0
600997,开滦股份,2012-03-31,1,613.4580,0.50,200.6530,0.33,1
002001,新和成,2012-03-31,1,683.6430,0.94,29.9960,0.90,1
002004,华邦颖泰,2012-03-31,1,315.7500,1.89,-197.9350,3.07,1
002013,中航精机,2012-03-31,1,440.0360,2.03,-80.0000,2.39,1
002022,科华生物,2012-03-31,1,400.0370,0.81,-100.0000,1.02,1
002032,苏泊尔,2012-03-31,2,769.7620,1.33,300.6900,0.81,1
002033,丽江旅游,2012-03-31,1,164.3970,1.00,164.3970,0.00,0
002038,双鹭药业,2012-03-31,2,1919.9840,5.04,40.0000,4.94,2
002042,华孚色纺,2012-03-31,2,1600.0000,2.88,-1125.7600,4.91,3
002043,兔宝宝,2012-03-31,1,750.4650,3.19,10.0000,3.15,1
002045,国光电器,2012-03-31,1,486.0000,1.17,0.0000,1.17,1
002048,宁波华翔,2012-03-31,1,550.0000,0.99,-150.0000,1.27,1
601633,长城汽车,2012-03-31,1,955.2440,0.31,209.9920,0.24,1
601866,中海集运,2012-03-31,1,1094.8700,0.09,0.0000,0.09,1
002051,中工国际,2012-03-31,1,660.0000,1.50,-39.9770,1.59,1
002106,莱宝高科,2012-03-31,1,549.9900,0.92,549.9900,0.00,0
300105,龙源技术,2012-03-31,1,115.5160,0.73,-16.3480,0.83,1
601126,四方股份,2012-03-31,3,1294.7650,3.18,-308.9660,3.94,2
002205,国统股份,2012-03-31,1,95.3214,0.82,0.0000,0.82,1
002570,贝因美,2012-03-31,1,780.4470,1.83,-89.9653,2.04,2
002206,海利得,2012-03-31,1,750.0000,1.68,750.0000,0.00,0
000338,潍柴动力,2012-03-31,1,525.0960,0.32,525.0960,0.00,0
300034,钢研高纳,2012-03-31,1,427.6330,2.02,289.9930,0.65,1
601808,中海油服,2012-03-31,1,545.0430,0.12,545.0430,0.00,0
002534,杭锅股份,2012-03-31,1,406.1360,1.01,348.2173,0.14,1
002430,杭氧股份,2012-03-31,2,929.3130,1.54,109.9910,1.36,2
002463,沪电股份,2012-03-31,1,550.2520,0.66,-309.7480,1.04,1
002055,得润电子,2012-03-31,1,250.0000,1.22,250.0000,0.00,0
002146,荣盛发展,2012-03-31,1,1910.0000,1.02,0.0000,1.02,1
601006,大秦铁路,2012-03-31,1,8044.7800,0.54,8044.7800,0.00,0
601666,平煤股份,2012-03-31,1,975.7050,0.41,975.7050,0.00,0
002068,黑猫股份,2012-03-31,1,574.8400,1.20,574.8400,0.00,0
002308,威创股份,2012-03-31,2,631.3770,0.98,39.9960,0.92,2
601898,中煤能源,2012-03-31,2,3043.2600,0.23,3043.2600,0.00,0
002081,金螳螂,2012-03-31,1,443.8660,0.86,443.8660,0.00,0
002099,海翔药业,2012-03-31,1,260.0000,1.61,-22.6240,1.75,1
002104,恒宝股份,2012-03-31,1,399.9960,0.91,399.9960,0.00,0
300016,北陆药业,2012-03-31,1,86.2080,0.56,86.2080,0.00,0
601028,玉龙股份,2012-03-31,1,239.0200,0.75,239.0200,0.00,0
002152,广电运通,2012-03-31,1,1039.9800,2.34,479.9840,1.26,1
002156,通富微电,2012-03-31,1,159.7340,0.25,0.0000,0.25,1
300161,华中数控,2012-03-31,1,87.7770,0.81,87.7770,0.00,0
002583,海能达,2012-03-31,1,110.8370,0.40,110.8370,0.00,0
601139,深圳燃气,2012-03-31,1,391.0060,0.30,88.9470,0.23,1
002209,达意隆,2012-03-31,1,383.0000,1.96,383.0000,0.00,0
601238,广汽集团,2012-03-31,1,800.0000,0.12,800.0000,0.00,0
002397,梦洁家纺,2012-03-31,1,140.7700,0.93,-42.7660,1.21,1
002364,中恒电气,2012-03-31,1,93.9714,0.94,93.9714,0.00,0
601186,中国铁建,2012-03-31,1,6099.9900,0.49,0.0000,0.49,1
002273,水晶光电,2012-03-31,1,170.0000,1.36,-57.9890,1.83,2
002647,宏磊股份,2012-03-31,1,285.0000,1.69,285.0000,0.00,0
002238,天威视讯,2012-03-31,1,150.5460,0.47,-87.1850,0.74,1
002372,伟星新材,2012-03-31,2,189.3719,0.75,48.2849,0.56,1
300054,鼎龙股份,2012-03-31,1,76.1108,0.85,76.1108,0.00,0
601668,中国建筑,2012-03-31,1,17005.2000,0.57,2940.0000,0.47,1
002268,卫士通,2012-03-31,1,369.7540,2.14,64.6880,1.77,1
002269,美邦服饰,2012-03-31,1,359.1760,0.36,-42.5020,0.40,1
002344,海宁皮城,2012-03-31,2,860.7450,1.54,447.1370,0.74,1
002636,金安国纪,2012-03-31,1,170.3690,0.61,170.3690,0.00,0
002277,友阿股份,2012-03-31,1,415.3690,1.19,0.0000,1.19,1
300065,海兰信,2012-03-31,1,104.9700,1.89,0.0000,1.89,1
300171,东富龙,2012-03-31,1,149.2900,0.93,-99.9958,1.56,2
002415,海康威视,2012-03-31,1,526.9220,0.53,127.1970,0.40,1
002301,齐心文具,2012-03-31,1,507.8100,2.65,-100.0000,3.17,1
300012,华测检测,2012-03-31,1,125.0000,0.68,19.9950,0.57,1
300007,汉威电子,2012-03-31,1,364.9920,3.09,15.0470,2.97,1
300037,新宙邦,2012-03-31,2,286.8273,2.68,-3.2698,2.71,2
300101,国腾电子,2012-03-31,2,546.7510,3.93,43.9650,3.62,2
300005,探路者,2012-03-31,1,503.5070,1.88,154.9820,1.30,1
300045,华力创通,2012-03-31,1,50.0000,0.37,-65.5270,0.86,1
002311,海大集团,2012-03-31,1,766.9800,1.32,0.0000,1.32,1
002327,富安娜,2012-03-31,1,104.3200,0.78,4.3200,0.75,1
002317,众生药业,2012-03-31,1,59.9901,0.33,59.9901,0.00,0
300020,银江股份,2012-03-31,1,174.9860,0.73,174.9860,0.00,0
002326,永太科技,2012-03-31,1,653.2270,2.72,-309.9890,4.01,1
002330,得利斯,2012-03-31,1,152.9840,0.61,0.0000,0.61,1
300029,天龙光电,2012-03-31,1,119.9880,0.60,-130.0000,1.25,2
002353,杰瑞股份,2012-03-31,1,112.5900,0.49,-38.8830,0.66,1
300030,阳普医疗,2012-03-31,1,141.3050,0.95,-169.5660,2.10,1
002367,康力电梯,2012-03-31,1,904.5000,2.39,301.5000,2.39,1
300048,合康变频,2012-03-31,1,450.0280,1.83,89.9810,1.46,1
300043,星辉车模,2012-03-31,1,198.3900,1.25,0.0000,1.25,1
002421,达实智能,2012-03-31,1,215.8320,2.13,0.0000,2.13,1
002390,信邦制药,2012-03-31,1,100.0000,0.58,0.0000,0.58,1
601669,中国水电,2012-03-31,2,13697.3100,1.43,2878.7700,1.13,2
002410,广联达,2012-03-31,2,405.9190,1.50,-13.7350,1.55,2
601018,宁波港,2012-03-31,1,1803.6600,0.14,0.0000,0.14,1
002465,海格通信,2012-03-31,1,169.9810,0.51,129.6692,0.12,1
601369,陕鼓动力,2012-03-31,3,2794.0670,1.70,-1280.6010,2.49,3
002441,众业达,2012-03-31,1,146.7900,0.63,0.0000,0.63,1
300099,尤洛卡,2012-03-31,1,90.0472,0.87,90.0472,0.00,0
002663,普邦园林,2012-03-31,2,180.3630,1.03,180.3630,0.00,0
601208,东材科技,2012-03-31,1,56.8019,0.18,-60.5751,0.38,1
002484,江海股份,2012-03-31,1,39.8466,0.25,0.0000,0.25,1
002470,金正大,2012-03-31,1,362.2920,0.52,71.9300,0.41,1
002527,新时达,2012-03-31,1,150.0000,0.75,0.0000,0.75,1
002595,豪迈科技,2012-03-31,2,255.6900,1.28,-124.3220,1.90,2
601886,江河创建,2012-03-31,1,51.6735,0.09,0.0000,0.09,1
601098,中南传媒,2012-03-31,1,539.3880,0.30,539.3880,0.00,0
002479,富春环保,2012-03-31,2,733.1557,1.71,-148.7710,2.06,2
300121,阳谷华泰,2012-03-31,1,39.3399,0.36,4.2000,0.33,1
300125,易世达,2012-03-31,1,109.9900,0.93,0.0000,0.93,1
002486,嘉麟杰,2012-03-31,1,530.0120,2.55,530.0120,0.00,0
002491,通鼎光电,2012-03-31,1,79.9907,0.30,0.0000,0.30,1
002505,大康牧业,2012-03-31,1,204.2080,1.24,204.2080,0.00,0
002511,中顺洁柔,2012-03-31,1,123.3430,0.77,123.3430,0.00,0
002508,老板电器,2012-03-31,1,128.0000,0.50,0.0000,0.50,1
300154,瑞凌股份,2012-03-31,1,99.9990,0.45,13.8000,0.39,1
002503,搜于特,2012-03-31,1,95.0000,0.59,-32.9370,0.80,1
002515,金字火腿,2012-03-31,1,185.9220,1.95,0.0000,1.95,1
002516,江苏旷达,2012-03-31,1,585.0000,2.34,585.0000,0.00,0
002535,林州重机,2012-03-31,1,480.9680,1.16,25.9680,1.10,1
300160,秀强股份,2012-03-31,1,184.0000,1.97,184.0000,0.00,0
002541,鸿路钢构,2012-03-31,1,189.8480,1.42,0.0000,1.42,1
300195,长荣股份,2012-03-31,1,65.7053,0.47,-35.5907,0.72,1
300199,翰宇药业,2012-03-31,2,135.8177,1.36,-40.7848,1.77,2
002562,兄弟科技,2012-03-31,1,136.0200,1.27,0.0000,1.27,1
002572,索菲亚,2012-03-31,1,131.2130,1.23,4.2100,1.19,1
601566,九牧王,2012-03-31,1,360.0000,0.63,9.9480,0.61,1
002607,亚夏汽车,2012-03-31,2,176.8856,2.01,76.5996,1.14,1
002612,朗姿股份,2012-03-31,1,120.0000,0.60,-29.9530,0.75,1
300274,阳光电源,2012-03-31,1,59.7482,0.33,-29.4793,0.50,1
601100,恒立油缸,2012-03-31,1,219.9740,0.52,219.9740,0.00,0
300280,南通锻压,2012-03-31,1,160.0000,1.25,160.0000,0.00,0
300279,和晶科技,2012-03-31,1,80.0000,1.33,80.0000,0.00,0
300281,金明精机,2012-03-31,1,45.9230,0.77,-3.6000,0.83,1
300298,三诺生物,2012-03-31,1,38.4051,0.44,38.4051,0.00,0
002660,茂硕电源,2012-03-31,1,9.9938,0.10,9.9938,0.00,0
