600006,东风汽车,2012-12-31,1,1200.0000,0.60,-615.1300,0.91,1
600010,包钢股份,2012-12-31,1,1199.1100,0.19,1199.1100,0.00,0
600050,中国联通,2012-12-31,1,7104.8300,0.34,-2698.9900,0.46,1
600056,中国医药,2012-12-31,3,431.3450,1.39,431.3450,0.00,0
600059,古越龙山,2012-12-31,1,746.1940,1.18,14.9120,1.15,1
600060,海信电器,2012-12-31,2,2700.9000,2.07,1373.4500,1.02,1
600085,同仁堂,2012-12-31,2,3589.9700,2.76,490.0000,2.38,2
600104,上汽集团,2012-12-31,2,9269.3700,0.84,-875.3800,0.92,2
600108,亚盛集团,2012-12-31,1,2800.3900,1.44,-1285.7400,2.10,2
600125,铁龙物流,2012-12-31,2,4064.1200,3.11,-199.5600,3.27,2
600137,浪莎股份,2012-12-31,1,350.9110,3.61,0.0000,3.61,1
600141,兴发集团,2012-12-31,1,479.9940,1.10,0.0000,1.31,1
600153,建发股份,2012-12-31,2,3642.6000,1.63,1723.3600,0.86,1
600161,天坛生物,2012-12-31,1,458.3640,0.89,0.0000,0.89,1
600176,中国玻纤,2012-12-31,1,2348.8800,2.69,-430.9190,3.19,2
600195,中牧股份,2012-12-31,1,159.9550,0.41,159.9550,0.00,0
600196,复星医药,2012-12-31,1,1209.9900,0.54,-1318.9100,1.33,2
600219,南山铝业,2012-12-31,1,4209.1700,2.18,-727.9800,2.55,1
600223,鲁商置业,2012-12-31,1,992.0280,0.99,0.0000,0.99,1
600230,沧州大化,2012-12-31,1,62.8000,0.24,62.8000,0.00,0
600258,首旅酒店,2012-12-31,2,243.7310,1.05,0.0000,1.05,2
600261,阳光照明,2012-12-31,1,545.7050,0.85,0.0000,0.85,1
600267,海正药业,2012-12-31,2,3008.8300,3.58,50.4700,3.52,2
600280,中央商场,2012-12-31,2,482.8230,3.36,-20.7890,3.51,2
600285,羚锐制药,2012-12-31,1,309.9100,1.54,9.9100,1.49,1
600310,桂东电力,2012-12-31,1,500.0000,1.81,136.7500,1.32,1
600318,巢东股份,2012-12-31,1,400.0090,1.65,0.0000,1.65,1
600323,南海发展,2012-12-31,1,1030.5300,1.78,330.6870,1.21,1
600337,美克股份,2012-12-31,1,914.1500,1.44,197.5890,1.13,1
600361,华联综超,2012-12-31,1,707.3900,1.06,707.3900,0.00,0
600372,中航电子,2012-12-31,1,277.0640,0.20,0.0000,0.21,1
600382,广东明珠,2012-12-31,1,610.5120,1.79,-713.0040,3.87,2
600389,江山股份,2012-12-31,1,247.5220,1.25,247.5220,0.00,0
600395,盘江股份,2012-12-31,1,600.0000,0.36,600.0000,0.00,0
600415,小商品城,2012-12-31,1,1941.2800,0.71,-558.7200,0.92,1
600426,华鲁恒升,2012-12-31,1,1192.6900,1.25,1192.6900,0.00,0
600498,烽火通信,2012-12-31,2,596.0640,1.24,596.0640,0.00,0
600523,贵航股份,2012-12-31,1,400.0260,1.39,-55.7000,1.58,1
600525,长园集团,2012-12-31,1,289.9830,0.34,289.9830,0.00,0
600529,山东药玻,2012-12-31,1,244.8150,0.95,-35.4290,1.09,1
600535,天士力,2012-12-31,1,671.3520,1.30,5.4490,1.29,1
600559,老白干酒,2012-12-31,1,510.0000,3.64,0.9000,3.64,1
600563,法拉电子,2012-12-31,2,490.1380,2.18,382.2140,0.48,1
600582,天地科技,2012-12-31,2,2674.2300,2.20,1297.4700,1.13,1
600583,海油工程,2012-12-31,1,6672.2900,1.72,1392.6000,1.36,1
600597,光明乳业,2012-12-31,2,2606.1640,2.13,-185.8760,2.28,2
600600,青岛啤酒,2012-12-31,1,964.9910,0.71,0.0000,0.71,1
600612,老凤祥,2012-12-31,1,272.1440,0.52,272.1440,0.00,0
600642,申能股份,2012-12-31,2,5442.9300,1.15,1407.9900,0.85,1
600655,豫园商城,2012-12-31,1,1054.1600,0.73,-417.4700,1.02,1
600660,福耀玻璃,2012-12-31,1,4392.1800,2.19,0.0000,2.19,1
600673,东阳光铝,2012-12-31,2,812.8990,0.98,-149.9780,1.16,2
600697,欧亚集团,2012-12-31,1,400.0000,2.51,-254.1950,4.11,2
600724,宁波富达,2012-12-31,1,1251.8800,0.87,170.1600,0.75,1
600729,重庆百货,2012-12-31,3,2623.8910,7.03,27.4580,6.96,3
600737,中粮屯河,2012-12-31,1,523.6600,0.52,-741.2390,1.26,2
600741,华域汽车,2012-12-31,1,1500.0000,0.58,-1794.5400,1.28,2
600742,一汽富维,2012-12-31,2,657.9870,3.11,130.5380,2.49,2
600749,西藏旅游,2012-12-31,1,140.4750,0.74,140.4750,0.00,0
600893,航空动力,2012-12-31,1,700.6390,0.64,270.4230,0.39,1
000001,平安银行,2012-12-31,1,3900.0400,0.76,-132.6000,0.79,1
000026,飞亚达A,2012-12-31,1,487.8560,1.24,39.8010,1.14,1
000031,中粮地产,2012-12-31,1,411.3760,0.23,411.3760,0.00,0
000059,辽通化工,2012-12-31,1,610.0000,0.51,0.0000,0.51,1
000061,农产品,2012-12-31,1,1600.0800,1.16,1600.0800,0.00,0
000069,华侨城A,2012-12-31,3,25732.3900,3.54,1002.1600,3.40,3
000400,许继电气,2012-12-31,1,488.0760,1.29,0.0000,1.29,1
000402,金融街,2012-12-31,1,6038.0000,1.99,300.0000,1.90,1
000407,胜利股份,2012-12-31,1,419.9990,0.65,419.9990,0.00,0
000418,小天鹅A,2012-12-31,1,1513.3200,2.39,315.8500,1.89,1
600754,锦江股份,2012-12-31,1,370.0340,0.61,370.0340,0.00,0
600761,安徽合力,2012-12-31,1,650.3920,1.27,267.7120,0.74,1
600773,西藏城投,2012-12-31,1,659.6930,1.15,208.7910,0.78,1
600779,水井坊,2012-12-31,1,280.2730,0.57,280.2730,0.00,0
600785,新华百货,2012-12-31,1,301.9640,1.46,0.0000,1.46,1
600795,国电电力,2012-12-31,1,14295.8000,0.93,-718.9000,0.98,1
600805,悦达投资,2012-12-31,1,833.0830,1.17,-361.9990,1.69,2
600829,三精制药,2012-12-31,1,353.4130,0.61,203.4270,0.26,1
600858,银座股份,2012-12-31,1,999.0000,1.92,0.0000,1.92,1
600859,王府井,2012-12-31,1,622.3470,1.34,284.9340,0.73,1
600863,内蒙华电,2012-12-31,1,1000.0800,0.39,0.0000,0.39,1
600886,国投电力,2012-12-31,3,14534.3500,4.13,100.0000,4.10,3
600887,伊利股份,2012-12-31,2,5589.1600,3.50,538.9100,3.16,2
600888,新疆众和,2012-12-31,1,1104.6000,2.07,0.0000,2.07,1
000430,张家界,2012-12-31,2,903.5910,2.82,454.0200,1.40,1
000543,皖能电力,2012-12-31,1,649.4430,0.84,150.0000,0.65,1
000550,江铃汽车,2012-12-31,2,1614.5800,1.87,491.1700,1.30,1
000564,西安民生,2012-12-31,1,478.4100,1.01,0.0000,1.01,1
000566,海南海药,2012-12-31,2,2503.9110,5.06,1385.8980,4.52,2
000600,建投能源,2012-12-31,1,600.0440,0.66,0.0000,0.66,1
000612,焦作万方,2012-12-31,1,143.5980,0.30,0.9400,0.30,1
000635,英力特,2012-12-31,1,340.5380,1.12,0.0000,1.12,1
000652,泰达股份,2012-12-31,1,445.1690,0.30,445.1690,0.00,0
000656,金科股份,2012-12-31,1,400.0090,0.35,400.0090,0.00,0
000661,长春高新,2012-12-31,2,480.0790,3.66,163.0790,2.41,1
000666,经纬纺机,2012-12-31,2,540.8420,0.77,371.8060,0.28,1
000690,宝新能源,2012-12-31,2,1992.0500,1.15,0.0000,1.15,2
000708,大冶特钢,2012-12-31,1,400.5040,0.89,-109.5780,1.14,1
000715,中兴商业,2012-12-31,2,802.4430,2.88,0.0578,2.88,2
000726,鲁泰A,2012-12-31,1,300.7860,0.30,0.0000,0.30,1
000731,四川美丰,2012-12-31,1,699.2550,1.39,509.3150,0.38,1
000786,北新建材,2012-12-31,2,1973.8630,3.43,1973.8630,0.00,0
000799,酒鬼酒,2012-12-31,2,630.9720,1.94,-212.2570,2.60,1
000800,一汽轿车,2012-12-31,2,3306.0800,2.03,199.9800,1.91,2
000823,超声电子,2012-12-31,1,174.7450,0.40,-25.2550,0.45,1
000848,承德露露,2012-12-31,1,1130.0000,2.81,-15.5700,2.85,1
000876,新希望,2012-12-31,2,2886.1200,1.66,-683.8700,2.05,3
000895,双汇发展,2012-12-31,3,2010.3430,1.83,572.6550,1.31,2
000901,航天科技,2012-12-31,1,206.4440,0.82,206.4440,0.00,0
000910,大亚科技,2012-12-31,1,1300.0000,2.46,0.0000,2.46,1
000915,山大华特,2012-12-31,1,377.7620,2.10,-20.0000,2.21,1
000919,金陵药业,2012-12-31,2,1594.6690,3.16,0.0000,3.16,2
000927,一汽夏利,2012-12-31,2,4310.2100,2.70,75.0000,2.66,2
000937,冀中能源,2012-12-31,1,650.0000,0.28,-10.9400,0.29,1
000963,华东医药,2012-12-31,1,1229.0000,2.83,164.0000,2.45,1
000987,广州友谊,2012-12-31,1,295.0480,0.82,0.0000,0.82,1
000993,闽东电力,2012-12-31,1,600.6580,1.61,408.0490,0.52,1
000998,隆平高科,2012-12-31,1,379.9470,0.91,0.0000,0.91,1
000999,华润三九,2012-12-31,1,568.6480,0.58,0.0000,0.58,1
600521,华海药业,2012-12-31,1,913.4290,1.67,-37.3840,1.74,1
600575,芜湖港,2012-12-31,2,4113.9500,3.38,20.0000,3.36,2
600251,冠农股份,2012-12-31,3,1384.9190,3.82,311.2510,2.97,2
600425,青松建化,2012-12-31,1,400.0000,0.58,-259.9810,0.96,1
600029,南方航空,2012-12-31,1,8000.0000,0.81,0.0000,0.81,1
600546,山煤国际,2012-12-31,3,4299.9900,4.34,3339.4900,0.97,2
600352,浙江龙盛,2012-12-31,1,1999.9700,1.36,1999.9700,0.00,0
600485,中创信测,2012-12-31,1,210.3340,1.52,0.0000,1.52,1
600406,国电南瑞,2012-12-31,1,2309.3400,1.47,2309.3400,0.00,0
600354,敦煌种业,2012-12-31,1,1000.0000,2.23,0.0000,2.23,1
600325,华发股份,2012-12-31,1,2815.8400,3.45,99.9800,3.32,1
600438,通威股份,2012-12-31,1,704.3410,1.02,704.3410,0.00,0
600467,好当家,2012-12-31,3,3293.0000,4.51,2492.9530,1.10,1
600976,武汉健民,2012-12-31,1,500.0000,3.26,0.0000,3.26,1
600993,马应龙,2012-12-31,2,1659.0840,5.00,559.0840,3.32,1
600967,北方创业,2012-12-31,1,500.0530,2.19,222.1930,1.60,1
600997,开滦股份,2012-12-31,1,502.8540,0.41,18.9450,0.39,1
600995,文山电力,2012-12-31,1,475.5580,0.99,0.0000,0.99,1
600420,现代制药,2012-12-31,2,903.2530,3.14,520.0280,1.33,1
002006,精功科技,2012-12-31,1,126.8340,0.28,126.8340,0.00,0
002008,大族激光,2012-12-31,1,2249.9200,2.15,1214.5300,0.99,1
002013,中航精机,2012-12-31,2,538.5460,0.75,248.5460,1.03,1
002022,科华生物,2012-12-31,1,1001.2000,2.03,1001.2000,0.00,0
002024,苏宁云商,2012-12-31,2,12919.5500,1.75,944.5300,1.62,2
600983,合肥三洋,2012-12-31,1,493.3940,0.93,227.9550,0.50,1
002028,思源电气,2012-12-31,1,352.0710,0.80,352.0710,0.00,0
002032,苏泊尔,2012-12-31,2,923.6830,1.45,76.9450,1.33,2
600978,宜华木业,2012-12-31,1,954.1730,0.83,954.1730,0.00,0
002033,丽江旅游,2012-12-31,1,151.7830,0.93,151.7830,0.00,0
002038,双鹭药业,2012-12-31,2,1745.0000,4.58,-96.9900,4.84,2
600970,中材国际,2012-12-31,3,4082.0000,3.73,706.5800,3.09,3
002042,华孚色纺,2012-12-31,2,2375.0000,2.85,-25.0000,2.88,2
002043,兔宝宝,2012-12-31,1,966.5930,2.06,0.0000,2.06,1
002045,国光电器,2012-12-31,1,386.0000,0.93,-100.0000,1.17,1
002048,宁波华翔,2012-12-31,1,475.2790,0.90,-45.0000,0.98,1
601866,中海集运,2012-12-31,1,1094.8700,0.09,0.0000,0.09,1
002051,中工国际,2012-12-31,2,946.3510,1.49,128.7210,1.43,1
601628,中国人寿,2012-12-31,1,3179.9500,0.11,449.6700,0.10,1
002307,北新路桥,2012-12-31,1,450.0000,1.05,450.0000,0.00,0
002302,西部建设,2012-12-31,1,175.0000,0.83,175.0000,0.00,0
002106,莱宝高科,2012-12-31,1,909.4050,1.51,131.1880,1.30,1
300105,龙源技术,2012-12-31,1,424.7500,1.49,-25.9820,1.58,2
300026,红日药业,2012-12-31,1,210.0000,0.84,-73.2390,1.25,1
601126,四方股份,2012-12-31,3,1713.5420,4.21,161.8890,3.82,3
601608,中信重工,2012-12-31,1,400.0000,0.15,-399.9990,0.29,1
002205,国统股份,2012-12-31,1,131.2250,1.13,-4.1630,1.17,1
002457,青龙管业,2012-12-31,1,157.0990,0.47,157.0990,0.00,0
002570,贝因美,2012-12-31,1,780.4470,1.83,0.0000,1.83,1
002300,太阳电缆,2012-12-31,1,536.4390,1.78,536.4390,0.00,0
300034,钢研高纳,2012-12-31,2,706.9510,3.33,-99.0610,3.80,2
002534,杭锅股份,2012-12-31,1,197.5000,0.49,-22.5000,0.55,1
002430,杭氧股份,2012-12-31,2,771.4350,0.95,771.4350,0.00,0
002405,四维图新,2012-12-31,2,1059.3510,1.84,1059.3510,0.00,0
002463,沪电股份,2012-12-31,1,721.0570,0.62,0.0000,0.62,1
002055,得润电子,2012-12-31,1,382.8160,0.92,-117.1840,1.22,1
002146,荣盛发展,2012-12-31,2,3188.0700,1.70,1250.6100,1.04,1
002065,东华软件,2012-12-31,1,738.8780,1.07,738.8780,0.00,0
600048,保利地产,2012-12-31,2,15988.8400,2.24,15988.8400,0.00,0
601006,大秦铁路,2012-12-31,2,30307.7000,2.04,30307.7000,0.00,0
601699,潞安环能,2012-12-31,1,2046.8200,0.89,99.9900,0.85,1
002078,太阳纸业,2012-12-31,1,199.9960,0.20,0.0000,0.20,1
601666,平煤股份,2012-12-31,1,1900.0000,0.80,1900.0000,0.00,0
002068,黑猫股份,2012-12-31,1,1319.8100,2.75,-241.0000,3.25,1
002308,威创股份,2012-12-31,1,391.4000,0.61,0.0000,0.61,1
002069,獐子岛,2012-12-31,1,459.9750,0.65,459.9750,0.00,0
601918,国投新集,2012-12-31,2,1874.4330,1.01,671.0430,0.65,1
002099,海翔药业,2012-12-31,1,231.1110,0.71,231.1110,0.00,0
002100,天康生物,2012-12-31,1,387.7690,1.32,387.7690,0.00,0
002371,七星电子,2012-12-31,1,82.7482,0.47,15.0220,0.38,1
002152,广电运通,2012-12-31,2,2511.9500,4.03,921.9500,2.55,1
002360,同德化工,2012-12-31,1,220.7310,1.84,0.0000,1.84,1
002407,多氟多,2012-12-31,2,364.3080,1.64,364.3080,0.00,0
002583,海能达,2012-12-31,2,548.6110,1.97,233.2600,1.13,1
002209,达意隆,2012-12-31,1,340.0000,1.74,0.0000,1.74,1
002391,长青股份,2012-12-31,3,293.6009,1.43,293.6009,0.00,0
002364,中恒电气,2012-12-31,1,158.9520,1.25,0.0000,1.54,1
601186,中国铁建,2012-12-31,1,6099.9900,0.49,0.0000,0.49,1
002273,水晶光电,2012-12-31,2,1446.2910,5.79,506.7990,3.76,2
002223,鱼跃医疗,2012-12-31,1,552.9460,1.04,-279.9200,1.57,2
002236,大华股份,2012-12-31,1,632.2580,1.13,632.2580,0.00,0
002238,天威视讯,2012-12-31,1,150.5460,0.47,0.0000,0.47,1
002372,伟星新材,2012-12-31,1,219.4380,0.87,19.9930,0.79,1
002242,九阳股份,2012-12-31,1,169.9640,0.22,0.0000,0.22,1
002450,康得新,2012-12-31,1,1295.2200,2.08,544.6980,1.21,1
601668,中国建筑,2012-12-31,1,24300.4000,0.81,1220.0000,0.77,1
002269,美邦服饰,2012-12-31,1,248.1240,0.25,-102.8120,0.35,1
300233,金城医药,2012-12-31,1,280.0090,2.31,0.0000,2.31,1
002266,浙富股份,2012-12-31,1,830.0000,1.39,31.6160,1.33,1
300015,爱尔眼科,2012-12-31,1,376.5010,0.88,249.3160,0.30,1
002299,圣农发展,2012-12-31,1,2316.9800,2.54,121.9000,2.41,1
002344,海宁皮城,2012-12-31,1,943.0930,1.68,208.9090,1.31,1
300036,超图软件,2012-12-31,1,204.9730,1.71,204.9730,0.00,0
002277,友阿股份,2012-12-31,2,1165.3770,2.09,612.7870,0.99,1
002278,神开股份,2012-12-31,1,400.0490,1.53,400.0490,0.00,0
300065,海兰信,2012-12-31,1,199.4430,1.89,0.0000,1.89,1
601117,中国化学,2012-12-31,1,2189.1500,0.44,2189.1500,0.00,0
601618,中国中冶,2012-12-31,2,26425.3000,1.38,26425.3000,0.00,0
601798,蓝科高新,2012-12-31,1,149.9930,0.47,49.9930,0.31,1
002412,汉森制药,2012-12-31,1,201.9260,1.36,201.9260,0.00,0
300171,东富龙,2012-12-31,2,324.2330,1.56,135.4530,0.91,1
300058,蓝色光标,2012-12-31,1,1154.8700,2.91,1154.8700,0.00,0
300285,国瓷材料,2012-12-31,1,43.2950,0.69,43.2950,0.00,0
002415,海康威视,2012-12-31,1,942.9480,0.47,-70.0020,0.50,1
601888,中国国旅,2012-12-31,4,2678.2140,3.04,2027.9920,0.74,2
002301,齐心文具,2012-12-31,1,1015.6200,2.65,0.0000,2.64,1
300012,华测检测,2012-12-31,1,225.0290,1.22,-25.0000,1.36,1
300007,汉威电子,2012-12-31,1,420.0000,3.56,0.0000,3.56,1
300064,豫金刚石,2012-12-31,1,278.2600,0.46,278.2600,0.00,0
300037,新宙邦,2012-12-31,3,606.6282,3.54,0.0000,3.54,3
300005,探路者,2012-12-31,1,641.7380,1.82,-12.8210,1.86,1
300027,华谊兄弟,2012-12-31,1,792.6640,1.31,792.6640,0.00,0
300006,莱美药业,2012-12-31,1,225.5400,1.23,39.8040,1.01,1
002495,佳隆股份,2012-12-31,1,284.6700,1.01,0.0000,1.01,1
300066,三川股份,2012-12-31,1,173.5750,1.11,173.5750,0.00,0
002310,东方园林,2012-12-31,1,333.1080,1.11,162.6810,0.57,1
002311,海大集团,2012-12-31,2,1464.3360,1.93,109.3540,1.79,2
002313,日海通讯,2012-12-31,1,110.8810,0.46,0.0000,0.46,1
002400,省广股份,2012-12-31,1,173.8200,0.90,173.8200,0.00,0
002568,百润股份,2012-12-31,1,63.8418,0.40,63.8418,0.00,0
002327,富安娜,2012-12-31,1,126.6440,0.79,2.5200,0.77,1
002325,洪涛股份,2012-12-31,1,614.2620,1.33,614.2620,0.00,0
300004,南风股份,2012-12-31,1,220.2890,1.17,220.2890,0.00,0
002326,永太科技,2012-12-31,1,524.7390,2.18,-128.4880,2.72,1
002330,得利斯,2012-12-31,1,117.0000,0.47,0.0000,0.47,1
002345,潮宏基,2012-12-31,1,133.7110,0.74,133.7110,0.00,0
601258,庞大集团,2012-12-31,1,514.2980,0.20,514.2980,0.00,0
300029,天龙光电,2012-12-31,1,91.4045,0.46,0.0000,0.46,1
300030,阳普医疗,2012-12-31,1,141.3050,0.95,0.0000,0.95,1
002367,康力电梯,2012-12-31,1,904.5000,2.38,0.0000,2.38,1
300048,合康变频,2012-12-31,1,800.0320,2.37,0.0000,2.37,1
002566,益盛药业,2012-12-31,1,168.0000,0.76,21.8150,0.66,1
300043,星辉车模,2012-12-31,1,208.3900,1.32,0.0000,1.32,1
002398,建研集团,2012-12-31,1,110.8160,0.55,-58.8140,0.84,1
601669,中国水电,2012-12-31,1,5008.0600,0.52,-409.2400,0.56,1
002410,广联达,2012-12-31,2,431.0760,1.06,1.1000,1.06,2
300059,东方财富,2012-12-31,1,399.6870,1.19,92.7220,0.91,1
002465,海格通信,2012-12-31,1,191.0000,0.57,-74.0000,0.80,2
601369,陕鼓动力,2012-12-31,1,554.3000,0.34,554.3000,0.00,0
300083,劲胜股份,2012-12-31,1,265.5820,1.33,265.5820,0.00,0
002441,众业达,2012-12-31,2,246.7900,1.06,80.0000,0.72,2
300096,易联众,2012-12-31,1,60.4907,0.35,60.4907,0.00,0
300099,尤洛卡,2012-12-31,1,110.0000,1.06,-2.1930,1.09,1
002663,普邦园林,2012-12-31,1,317.9670,1.14,27.3620,1.04,2
300100,双林股份,2012-12-31,1,71.0000,0.51,71.0000,0.00,0
300104,乐视网,2012-12-31,1,680.1930,1.63,91.3910,1.41,1
300110,华仁药业,2012-12-31,2,578.4370,2.65,38.8760,2.47,2
300113,顺网科技,2012-12-31,2,377.2740,2.86,197.6300,1.36,1
300118,东方日升,2012-12-31,1,200.0000,0.36,200.0000,0.00,0
002595,豪迈科技,2012-12-31,1,163.9030,0.82,-25.5000,0.95,1
002475,立讯精密,2012-12-31,1,195.3490,0.54,195.3490,0.00,0
601098,中南传媒,2012-12-31,2,2894.1890,1.61,-148.2150,1.69,2
002477,雏鹰农牧,2012-12-31,1,402.1470,0.75,402.1470,0.00,0
002479,富春环保,2012-12-31,2,619.7450,1.43,106.0720,1.20,1
300119,瑞普生物,2012-12-31,1,278.8850,1.45,278.8850,0.00,0
300125,易世达,2012-12-31,1,109.9900,0.93,0.0000,0.93,1
002486,嘉麟杰,2012-12-31,1,570.3520,2.74,0.0000,2.74,1
002521,齐峰新材,2012-12-31,1,173.9580,0.84,-77.6750,1.22,1
300122,智飞生物,2012-12-31,1,101.2010,0.25,-143.9790,0.61,1
002497,雅化集团,2012-12-31,1,294.6160,0.61,160.8170,0.42,1
300130,新国都,2012-12-31,2,336.7710,2.95,37.3930,2.62,2
002501,利源铝业,2012-12-31,1,209.9870,1.12,209.9870,0.00,0
300164,通源石油,2012-12-31,1,254.7500,1.61,254.7500,0.00,0
002505,大康牧业,2012-12-31,1,130.3120,0.53,-91.0000,0.90,1
002508,老板电器,2012-12-31,1,388.8820,1.52,170.0020,0.86,1
002503,搜于特,2012-12-31,1,429.8850,1.49,167.7870,0.91,1
300144,宋城股份,2012-12-31,1,450.9960,0.81,0.0000,0.81,1
002515,金字火腿,2012-12-31,1,222.8830,1.56,-55.9990,1.95,1
300289,利德曼,2012-12-31,2,279.9880,1.82,-19.9800,1.95,2
300145,南方泵业,2012-12-31,1,121.6630,0.84,121.6630,0.00,0
300158,振东制药,2012-12-31,1,60.0000,0.21,0.0000,0.21,1
002516,江苏旷达,2012-12-31,1,257.0000,1.03,-70.0000,1.31,1
300147,香雪制药,2012-12-31,1,299.9980,1.00,299.9980,0.00,0
300160,秀强股份,2012-12-31,1,183.4510,0.98,-16.5490,1.07,1
002557,洽洽食品,2012-12-31,1,235.9360,0.70,0.0000,0.70,1
300177,中海达,2012-12-31,2,328.9159,1.64,208.9159,0.60,1
300186,大华农,2012-12-31,1,60.0034,0.22,60.0034,0.00,0
300195,长荣股份,2012-12-31,1,91.1357,0.65,30.9957,0.43,1
300188,美亚柏科,2012-12-31,2,173.4556,1.56,109.6580,0.58,1
300196,长海股份,2012-12-31,1,135.1960,1.13,135.1960,0.00,0
300345,红宇新材,2012-12-31,2,252.1820,2.63,0.0000,2.63,2
300190,维尔利,2012-12-31,1,49.4474,0.51,49.4474,0.00,0
300199,翰宇药业,2012-12-31,1,137.6460,0.69,137.6460,0.00,0
002562,兄弟科技,2012-12-31,1,272.0400,1.27,0.0000,1.27,1
002572,索菲亚,2012-12-31,1,391.1360,1.83,112.4790,1.30,1
300210,森远股份,2012-12-31,1,140.6880,1.04,140.6880,0.00,0
601566,九牧王,2012-12-31,2,503.0030,0.87,148.0030,0.61,1
300257,开山股份,2012-12-31,1,283.9000,0.99,20.1640,0.92,1
300215,电科院,2012-12-31,1,100.4830,0.56,35.4840,0.36,1
300240,飞力达,2012-12-31,1,85.0000,0.51,-160.0000,1.47,1
002589,瑞康医药,2012-12-31,1,78.7500,0.84,-69.9550,1.59,1
002588,史丹利,2012-12-31,2,169.9628,1.01,69.9628,0.59,1
300241,瑞丰光电,2012-12-31,2,300.9220,2.81,209.8257,0.85,1
300258,精锻科技,2012-12-31,2,376.7970,2.51,195.2810,1.21,1
300244,迪安诊断,2012-12-31,1,137.1270,1.49,0.0000,1.49,1
300251,光线传媒,2012-12-31,2,168.9398,0.70,-55.0032,0.93,1
300256,星星科技,2012-12-31,1,200.0530,1.33,200.0530,0.00,0
300273,和佳股份,2012-12-31,1,253.4870,1.27,-42.1980,1.48,2
002612,朗姿股份,2012-12-31,2,293.6310,1.47,177.9740,0.58,1
002621,大连三垒,2012-12-31,1,178.1240,1.19,178.1240,0.00,0
601100,恒立油缸,2012-12-31,1,351.0000,0.56,1.7700,0.55,1
603001,奥康国际,2012-12-31,3,783.0370,1.95,310.7620,1.18,1
603077,和邦股份,2012-12-31,1,258.3730,0.57,-326.8230,1.30,1
002649,博彦科技,2012-12-31,1,301.7020,2.01,17.1790,1.90,1
300287,飞利信,2012-12-31,2,213.0884,2.54,9.0224,2.43,2
300298,三诺生物,2012-12-31,2,225.1897,2.56,-21.8732,2.81,3
300291,华录百纳,2012-12-31,1,80.0574,1.33,40.0574,0.67,1
002650,加加食品,2012-12-31,1,93.8585,0.49,93.8585,0.00,0
300309,吉艾科技,2012-12-31,1,80.6473,0.37,80.6473,0.00,0
601231,环旭电子,2012-12-31,1,200.0000,0.20,0.0000,0.20,1
002661,克明面业,2012-12-31,2,178.3366,2.15,26.0004,1.83,2
300302,同有科技,2012-12-31,2,85.9812,1.43,39.7516,0.77,1
300312,邦讯技术,2012-12-31,1,133.7200,1.25,30.4790,0.97,1
300315,掌趣科技,2012-12-31,1,177.6180,1.09,39.5380,0.84,1
603000,人民网,2012-12-31,1,102.6920,0.37,30.9126,0.26,1
300339,润和软件,2012-12-31,1,46.7655,0.61,-23.4003,0.91,1
002701,奥瑞金,2012-12-31,2,181.0800,0.59,181.0800,0.00,0
002695,煌上煌,2012-12-31,2,306.3010,2.47,156.8400,1.21,1
300349,金卡股份,2012-12-31,1,61.0983,1.02,61.0983,0.00,0
300346,南大光电,2012-12-31,3,159.1054,3.17,14.6669,2.87,2
300351,永贵电器,2012-12-31,1,97.9942,1.25,97.9942,0.00,0
300354,东华测试,2012-12-31,1,90.8790,2.05,17.7950,1.65,1
300352,北信源,2012-12-31,1,45.1502,0.68,45.1502,0.00,0
