600006,东风汽车,2012-06-30,1,1815.1300,0.91,0.0000,0.91,1
600050,中国联通,2012-06-30,1,9803.8200,0.46,0.0000,0.46,1
600059,古越龙山,2012-06-30,1,553.4150,0.87,553.4150,0.00,0
600085,同仁堂,2012-06-30,2,1999.9800,1.54,589.9890,1.08,2
600104,上汽集团,2012-06-30,2,9494.7600,0.86,0.0000,0.86,2
600108,亚盛集团,2012-06-30,2,4086.1300,2.10,0.0000,2.35,2
600118,中国卫星,2012-06-30,1,461.2130,0.50,461.2130,0.00,0
600123,兰花科创,2012-06-30,1,1075.9100,0.94,537.9570,0.94,1
600125,铁龙物流,2012-06-30,3,5217.1400,4.00,1399.5800,2.92,2
600137,浪莎股份,2012-06-30,1,310.5450,3.19,10.5450,3.09,1
600141,兴发集团,2012-06-30,1,470.0000,1.29,-29.9920,1.37,1
600161,天坛生物,2012-06-30,1,458.3640,0.89,0.0000,0.89,1
600176,中国玻纤,2012-06-30,1,2658.8900,3.05,1099.0200,2.68,1
600196,复星医药,2012-06-30,1,1318.9100,0.69,0.0000,0.69,1
600213,亚星客车,2012-06-30,1,505.6400,2.30,0.0000,2.30,1
600219,南山铝业,2012-06-30,1,4937.1500,2.55,0.0000,2.55,1
600258,首旅酒店,2012-06-30,1,121.5300,0.53,0.0000,0.53,1
600261,阳光照明,2012-06-30,1,545.7050,0.85,181.9020,0.85,1
600267,海正药业,2012-06-30,1,1530.7500,1.82,779.2070,1.43,1
600280,中央商场,2012-06-30,2,497.7320,3.47,-89.1140,4.09,2
600285,羚锐制药,2012-06-30,1,310.0000,1.54,10.0000,1.49,1
600318,巢东股份,2012-06-30,1,199.9920,0.83,199.9920,0.00,0
600331,宏达股份,2012-06-30,1,406.9180,0.39,406.9180,0.00,0
600337,美克股份,2012-06-30,2,1162.0510,1.84,523.2970,1.01,1
600382,广东明珠,2012-06-30,2,1664.4280,4.87,0.0000,4.87,2
600388,龙净环保,2012-06-30,1,184.5030,0.86,-357.7110,2.54,1
600415,小商品城,2012-06-30,1,2550.0000,0.94,50.0000,0.92,1
600486,扬农化工,2012-06-30,1,309.9460,1.80,309.9460,0.00,0
600499,科达机电,2012-06-30,1,395.9870,0.63,0.0000,0.63,1
600500,中化国际,2012-06-30,1,299.9990,0.21,299.9990,0.00,0
600523,贵航股份,2012-06-30,1,455.7260,1.58,0.0000,1.58,1
600529,山东药玻,2012-06-30,1,280.2440,1.09,119.1080,0.63,1
600535,天士力,2012-06-30,1,434.1200,0.84,434.1200,0.00,0
600559,老白干酒,2012-06-30,1,475.6700,3.40,4.6700,3.36,1
600563,法拉电子,2012-06-30,1,137.2560,0.61,-12.7440,0.67,1
600581,八一钢铁,2012-06-30,1,1650.5700,2.15,0.0000,2.15,1
600582,天地科技,2012-06-30,2,2171.4590,2.15,1001.4690,1.16,1
600583,海油工程,2012-06-30,1,3205.8400,0.82,3205.8400,0.00,0
600585,海螺水泥,2012-06-30,1,2508.8400,0.47,2508.8400,0.00,0
600597,光明乳业,2012-06-30,2,2872.6900,2.74,0.0000,2.74,2
600600,青岛啤酒,2012-06-30,1,865.0000,0.64,-75.0000,0.70,1
600612,老凤祥,2012-06-30,1,533.8030,1.22,-25.6070,1.28,1
600635,大众公用,2012-06-30,1,1146.4600,0.70,1146.4600,0.00,0
600642,申能股份,2012-06-30,2,6822.8900,1.44,4287.9300,0.54,1
600655,豫园商城,2012-06-30,1,1471.6300,1.02,0.0000,1.02,1
600660,福耀玻璃,2012-06-30,1,3792.2000,1.89,0.0000,1.89,1
600673,东阳光铝,2012-06-30,2,898.2180,1.09,231.6600,0.81,1
600697,欧亚集团,2012-06-30,1,419.9930,2.64,0.0000,2.64,1
600729,重庆百货,2012-06-30,3,2655.3180,7.12,65.3710,6.94,3
600737,中粮屯河,2012-06-30,2,1718.2700,1.71,-349.9900,2.06,3
600739,辽宁成大,2012-06-30,1,1160.0000,0.85,-9.0000,0.86,1
600741,华域汽车,2012-06-30,2,3294.5400,1.28,-262.5800,1.38,2
600893,航空动力,2012-06-30,1,547.0480,0.50,547.0480,0.00,0
600895,张江高科,2012-06-30,1,1084.5000,0.70,1084.5000,0.00,0
000001,平安银行,2012-06-30,1,3984.1500,0.78,0.0000,0.78,1
000024,招商地产,2012-06-30,1,1649.9900,0.96,79.9900,0.91,1
000026,飞亚达A,2012-06-30,1,455.0520,1.16,65.4930,0.99,1
000059,辽通化工,2012-06-30,1,610.0000,0.51,10.0000,0.50,1
000061,农产品,2012-06-30,1,1820.7000,1.32,809.2000,1.32,1
000069,华侨城A,2012-06-30,3,23020.2000,3.17,9378.6400,2.44,3
000401,冀东水泥,2012-06-30,1,2322.3100,1.72,139.4200,1.62,1
000402,金融街,2012-06-30,1,5508.0000,1.82,1260.2400,1.40,1
000418,小天鹅A,2012-06-30,1,1050.0900,1.66,0.0000,1.66,1
000422,湖北宜化,2012-06-30,1,870.9510,0.97,263.0590,0.97,1
600761,安徽合力,2012-06-30,1,448.4260,0.87,98.4280,0.82,1
600765,中航重机,2012-06-30,1,600.0000,0.77,0.0000,0.77,1
600785,新华百货,2012-06-30,1,301.9640,1.46,301.9640,0.00,0
600795,国电电力,2012-06-30,1,14614.7000,0.95,4500.0000,0.66,1
600805,悦达投资,2012-06-30,1,683.0940,0.96,0.0000,0.96,1
600816,安信信托,2012-06-30,2,575.8700,1.27,575.8700,0.00,0
600827,友谊股份,2012-06-30,1,1150.0300,0.67,0.0000,0.67,1
600858,银座股份,2012-06-30,1,999.0000,1.92,444.0000,1.92,1
600886,国投电力,2012-06-30,3,14434.3500,4.10,4811.4500,4.10,3
600887,伊利股份,2012-06-30,2,4450.6900,2.78,379.9900,2.55,2
600888,新疆众和,2012-06-30,1,760.1050,1.42,175.4090,1.42,1
000539,粤电力A,2012-06-30,1,1201.0100,0.43,-2149.6900,1.20,2
000543,皖能电力,2012-06-30,1,399.4520,0.52,399.4520,0.00,0
000550,江铃汽车,2012-06-30,1,1123.4100,1.30,0.0000,1.30,1
000564,西安民生,2012-06-30,1,478.4100,1.57,-21.5900,1.64,1
000600,建投能源,2012-06-30,1,254.5140,0.28,0.0000,0.28,1
000612,焦作万方,2012-06-30,1,101.5250,0.21,2.4848,0.21,1
000629,攀钢钒钛,2012-06-30,1,2733.3200,0.48,2733.3200,0.00,0
000635,英力特,2012-06-30,1,330.5380,1.09,59.5490,1.53,1
000639,西王食品,2012-06-30,1,300.0000,1.59,300.0000,0.00,0
000661,长春高新,2012-06-30,1,330.0000,2.51,-15.7920,2.63,1
000690,宝新能源,2012-06-30,1,762.5150,0.44,154.1490,0.35,1
000708,大冶特钢,2012-06-30,1,617.2130,1.37,147.2130,1.05,1
000715,中兴商业,2012-06-30,1,702.4430,2.52,0.0000,2.52,1
000777,中核科技,2012-06-30,1,210.0000,0.99,0.0000,0.99,1
000785,武汉中商,2012-06-30,2,223.0000,0.89,-663.1550,3.53,2
000786,北新建材,2012-06-30,1,437.0650,0.76,437.0650,0.00,0
000799,酒鬼酒,2012-06-30,1,507.6930,1.56,507.6930,0.00,0
000800,一汽轿车,2012-06-30,1,2084.5700,1.28,361.1300,1.06,1
000823,超声电子,2012-06-30,1,399.9830,0.91,99.9880,0.68,1
000829,天音控股,2012-06-30,1,414.9930,0.44,0.0000,0.44,1
000848,承德露露,2012-06-30,1,954.6980,2.62,130.3110,2.26,1
000858,五粮液,2012-06-30,1,1697.1000,0.45,-1468.9900,0.83,2
000876,新希望,2012-06-30,3,3598.3300,2.07,-47.1610,2.10,3
000895,双汇发展,2012-06-30,1,959.9830,1.58,179.9830,1.29,1
000910,大亚科技,2012-06-30,1,1300.0000,2.46,0.0000,2.46,1
000915,山大华特,2012-06-30,1,377.7690,2.10,49.9950,1.82,1
000919,金陵药业,2012-06-30,2,1594.6690,3.16,-716.2530,4.59,2
000927,一汽夏利,2012-06-30,2,3452.7080,2.16,54.9610,2.13,3
000963,华东医药,2012-06-30,1,1200.0000,2.76,-9.8700,2.79,1
000979,中弘股份,2012-06-30,1,563.3400,0.56,563.3400,0.00,0
000987,广州友谊,2012-06-30,1,295.0480,0.82,295.0480,0.00,0
000989,九芝堂,2012-06-30,1,210.0000,0.71,210.0000,0.00,0
600575,芜湖港,2012-06-30,2,3694.0100,3.03,136.6900,3.40,2
600251,冠农股份,2012-06-30,2,1002.0680,2.77,0.0000,2.77,2
600436,片仔癀,2012-06-30,1,228.5820,1.63,-152.0180,2.72,2
600425,青松建化,2012-06-30,2,719.9910,1.04,239.9960,1.00,1
600029,南方航空,2012-06-30,1,9000.0000,0.92,0.0000,0.92,1
600546,山煤国际,2012-06-30,2,605.6650,0.61,209.9940,0.40,1
600485,中创信测,2012-06-30,2,349.3530,2.52,-230.0000,4.18,2
600489,中金黄金,2012-06-30,1,599.9920,0.31,164.9920,0.22,1
600348,阳泉煤业,2012-06-30,1,750.9930,0.31,0.0000,0.31,1
600507,方大特钢,2012-06-30,1,519.2140,0.40,0.0000,0.40,1
600354,敦煌种业,2012-06-30,2,1172.6940,2.62,708.1960,2.28,1
600325,华发股份,2012-06-30,1,2665.8600,3.26,1178.1100,1.82,1
600993,马应龙,2012-06-30,1,1101.5500,3.32,26.2400,3.24,1
600997,开滦股份,2012-06-30,1,629.9050,0.51,16.4470,0.50,1
600995,文山电力,2012-06-30,1,475.5580,0.99,475.5580,0.00,0
002001,新和成,2012-06-30,1,683.6430,0.94,0.0000,0.94,1
002013,中航精机,2012-06-30,1,320.0000,1.13,-120.0360,2.03,1
002022,科华生物,2012-06-30,1,485.7030,0.99,85.6660,0.81,1
002032,苏泊尔,2012-06-30,2,846.7380,1.33,76.9760,1.33,2
002033,丽江旅游,2012-06-30,1,164.3970,1.00,0.0000,1.00,1
002038,双鹭药业,2012-06-30,2,1900.8890,4.99,-19.0950,5.04,2
600970,中材国际,2012-06-30,1,651.7560,0.60,651.7560,0.00,0
002042,华孚色纺,2012-06-30,2,2400.0000,2.88,800.0000,2.88,2
002043,兔宝宝,2012-06-30,1,1200.0000,2.55,449.5350,3.19,1
002045,国光电器,2012-06-30,1,486.0000,1.17,0.0000,1.17,1
002048,宁波华翔,2012-06-30,1,550.0000,0.99,0.0000,0.99,1
002051,中工国际,2012-06-30,1,908.5500,1.59,248.5500,1.50,1
601628,中国人寿,2012-06-30,1,2656.0900,0.09,2656.0900,0.00,0
601336,新华保险,2012-06-30,1,334.5820,0.11,334.5820,0.00,0
300105,龙源技术,2012-06-30,1,199.9290,0.70,84.4130,0.73,1
002306,湘鄂情,2012-06-30,1,199.9870,0.50,199.9870,0.00,0
601333,广深铁路,2012-06-30,1,1499.1000,0.21,1499.1000,0.00,0
601126,四方股份,2012-06-30,3,1526.0290,3.75,231.2640,3.18,3
002205,国统股份,2012-06-30,1,105.3160,0.91,9.9946,0.82,1
002570,贝因美,2012-06-30,1,780.4470,1.83,0.0000,1.83,1
300034,钢研高纳,2012-06-30,2,806.0120,3.80,378.3790,2.02,1
601808,中海油服,2012-06-30,1,565.0430,0.13,20.0000,0.12,1
002534,杭锅股份,2012-06-30,1,304.4960,0.76,-101.6400,1.01,1
002430,杭氧股份,2012-06-30,2,1060.1410,1.31,130.8280,1.54,2
002463,沪电股份,2012-06-30,1,770.3520,0.66,220.1000,0.66,1
002146,荣盛发展,2012-06-30,1,1900.0000,1.02,-10.0000,1.02,1
601006,大秦铁路,2012-06-30,1,8044.7800,0.54,0.0000,0.54,1
601699,潞安环能,2012-06-30,1,1467.8100,0.64,1467.8100,0.00,0
002078,太阳纸业,2012-06-30,1,199.9960,0.20,199.9960,0.00,0
601666,平煤股份,2012-06-30,1,1020.7000,0.43,44.9950,0.41,1
002308,威创股份,2012-06-30,2,635.3070,0.99,3.9300,0.98,2
601898,中煤能源,2012-06-30,2,2545.0000,0.19,-498.2600,0.23,2
601918,国投新集,2012-06-30,1,1103.4000,0.60,1103.4000,0.00,0
002081,金螳螂,2012-06-30,1,647.0000,0.83,203.1340,0.86,1
002232,启明信息,2012-06-30,1,99.2822,0.24,99.2822,0.00,0
002152,广电运通,2012-06-30,1,1571.9700,2.52,531.9900,2.34,1
002296,辉煌科技,2012-06-30,1,250.0760,1.41,250.0760,0.00,0
002156,通富微电,2012-06-30,1,159.7340,0.25,0.0000,0.25,1
002360,同德化工,2012-06-30,1,207.4870,1.73,207.4870,0.00,0
002183,怡亚通,2012-06-30,1,349.9980,0.42,349.9980,0.00,0
002583,海能达,2012-06-30,1,266.0700,0.96,155.2330,0.40,1
601139,深圳燃气,2012-06-30,1,400.0000,0.20,8.9940,0.30,1
002209,达意隆,2012-06-30,1,360.0000,1.84,-23.0000,1.96,1
601238,广汽集团,2012-06-30,1,800.0000,0.12,0.0000,0.12,1
002364,中恒电气,2012-06-30,1,158.9520,1.54,64.9806,0.94,1
601186,中国铁建,2012-06-30,1,6099.9900,0.49,0.0000,0.49,1
002273,水晶光电,2012-06-30,1,569.9910,2.28,399.9910,1.36,1
002236,大华股份,2012-06-30,1,567.5170,1.02,567.5170,0.00,0
002238,天威视讯,2012-06-30,1,150.5460,0.47,0.0000,0.47,1
002372,伟星新材,2012-06-30,2,244.6280,0.97,55.2561,0.75,2
002255,海陆重工,2012-06-30,1,300.0000,1.16,300.0000,0.00,0
300054,鼎龙股份,2012-06-30,1,112.6660,0.83,36.5552,0.85,1
601668,中国建筑,2012-06-30,2,48727.3000,1.62,31722.1000,0.57,1
002269,美邦服饰,2012-06-30,1,385.0740,0.38,25.8980,0.36,1
002266,浙富股份,2012-06-30,1,322.0340,0.54,322.0340,0.00,0
002299,圣农发展,2012-06-30,1,1927.5600,2.12,1927.5600,0.00,0
002344,海宁皮城,2012-06-30,2,973.2910,1.74,112.5460,1.54,2
002636,金安国纪,2012-06-30,1,170.3690,0.61,0.0000,0.61,1
002277,友阿股份,2012-06-30,1,345.3690,0.99,-70.0000,1.19,1
300065,海兰信,2012-06-30,1,199.4430,1.89,94.4730,1.89,1
002683,宏大爆破,2012-06-30,2,240.0000,1.10,240.0000,0.00,0
601798,蓝科高新,2012-06-30,1,249.9750,0.78,249.9750,0.00,0
300171,东富龙,2012-06-30,1,174.0770,0.84,24.7870,0.93,1
002415,海康威视,2012-06-30,1,1092.9500,0.55,566.0280,0.53,1
601996,丰林集团,2012-06-30,1,209.5680,0.45,209.5680,0.00,0
002301,齐心文具,2012-06-30,1,507.8100,2.65,0.0000,2.65,1
601989,中国重工,2012-06-30,1,5399.9800,0.37,5399.9800,0.00,0
300012,华测检测,2012-06-30,1,90.0000,0.49,-35.0000,0.68,1
300007,汉威电子,2012-06-30,1,364.9920,3.09,0.0000,3.09,1
300064,豫金刚石,2012-06-30,1,349.9950,0.58,349.9950,0.00,0
002686,亿利达,2012-06-30,1,230.0000,3.38,230.0000,0.00,0
300032,金龙机电,2012-06-30,1,275.3440,1.93,275.3440,0.00,0
300037,新宙邦,2012-06-30,3,606.6282,3.54,319.8009,2.68,2
300101,国腾电子,2012-06-30,2,1093.5010,3.93,546.7500,3.93,2
300005,探路者,2012-06-30,1,654.5590,1.88,151.0520,1.88,1
002495,佳隆股份,2012-06-30,1,702.0000,2.48,702.0000,0.00,0
300142,沃森生物,2012-06-30,1,153.8940,0.85,153.8940,0.00,0
002309,中利科技,2012-06-30,1,223.7830,0.47,223.7830,0.00,0
002311,海大集团,2012-06-30,1,997.0740,1.32,230.0940,1.32,1
300127,银河磁体,2012-06-30,1,100.0080,0.62,100.0080,0.00,0
002400,省广股份,2012-06-30,1,173.8200,0.90,173.8200,0.00,0
002327,富安娜,2012-06-30,1,125.1840,0.78,20.8640,0.78,1
002317,众生药业,2012-06-30,1,59.9901,0.33,0.0000,0.33,1
002325,洪涛股份,2012-06-30,1,479.2190,1.04,479.2190,0.00,0
300020,银江股份,2012-06-30,1,199.9860,0.83,25.0000,0.73,1
002326,永太科技,2012-06-30,1,653.2270,2.72,0.0000,2.72,1
002330,得利斯,2012-06-30,1,130.0000,0.52,-22.9840,0.61,1
300029,天龙光电,2012-06-30,1,119.9880,0.60,0.0000,0.60,1
002353,杰瑞股份,2012-06-30,1,252.4600,0.55,139.8700,0.49,1
300030,阳普医疗,2012-06-30,1,141.3050,0.95,0.0000,0.95,1
002367,康力电梯,2012-06-30,1,904.5000,2.39,0.0000,2.39,1
300048,合康变频,2012-06-30,1,740.0340,2.19,290.0060,1.83,1
300043,星辉车模,2012-06-30,1,198.3900,1.25,0.0000,1.25,1
002421,达实智能,2012-06-30,1,215.8320,2.07,0.0000,2.13,1
002398,建研集团,2012-06-30,1,51.9280,0.33,51.9280,0.00,0
601669,中国水电,2012-06-30,2,13021.0300,1.36,-676.2800,1.43,2
002410,广联达,2012-06-30,2,570.3760,1.41,164.4570,1.50,2
002465,海格通信,2012-06-30,2,236.7675,0.71,66.7865,0.51,1
002447,壹桥苗业,2012-06-30,1,100.0680,0.75,100.0680,0.00,0
002441,众业达,2012-06-30,1,166.7900,0.72,20.0000,0.63,1
300099,尤洛卡,2012-06-30,1,105.0470,1.02,14.9998,0.87,1
002663,普邦园林,2012-06-30,2,229.3710,1.31,49.0080,1.03,2
002484,江海股份,2012-06-30,1,51.8006,0.25,11.9540,0.25,1
300104,乐视网,2012-06-30,1,379.9660,0.91,379.9660,0.00,0
300110,华仁药业,2012-06-30,1,159.6270,0.73,159.6270,0.00,0
002470,金正大,2012-06-30,1,365.6730,0.52,3.3810,0.52,1
300305,裕兴股份,2012-06-30,1,64.3635,0.80,64.3635,0.00,0
002527,新时达,2012-06-30,1,150.0000,0.73,0.0000,0.75,1
002595,豪迈科技,2012-06-30,1,200.0000,1.00,-55.6900,1.28,2
601886,江河创建,2012-06-30,1,149.9930,0.27,98.3195,0.09,1
601098,中南传媒,2012-06-30,2,1314.0920,0.73,774.7040,0.30,1
002477,雏鹰农牧,2012-06-30,1,402.1470,0.75,402.1470,0.00,0
002479,富春环保,2012-06-30,1,599.5020,1.40,-133.6537,1.71,2
300121,阳谷华泰,2012-06-30,1,39.3399,0.36,0.0000,0.36,1
300125,易世达,2012-06-30,1,109.9900,0.93,0.0000,0.93,1
002486,嘉麟杰,2012-06-30,1,570.3520,2.74,40.3400,2.55,1
300122,智飞生物,2012-06-30,1,182.5080,0.46,182.5080,0.00,0
300130,新国都,2012-06-30,1,114.9820,1.01,114.9820,0.00,0
300137,先河环保,2012-06-30,1,64.8104,0.42,64.8104,0.00,0
002567,唐人神,2012-06-30,1,700.0000,2.54,700.0000,0.00,0
002501,利源铝业,2012-06-30,1,105.0000,0.56,105.0000,0.00,0
300164,通源石油,2012-06-30,1,200.0030,1.26,200.0030,0.00,0
002505,大康牧业,2012-06-30,1,154.2080,0.94,-50.0000,1.24,1
002508,老板电器,2012-06-30,2,329.0600,1.29,201.0600,0.50,1
300154,瑞凌股份,2012-06-30,1,114.9990,0.51,15.0000,0.45,1
002503,搜于特,2012-06-30,1,173.0010,0.60,78.0010,0.59,1
300144,宋城股份,2012-06-30,1,291.5760,0.53,291.5760,0.00,0
002515,金字火腿,2012-06-30,1,278.8820,1.95,92.9600,1.95,1
300289,利德曼,2012-06-30,1,173.5560,1.13,173.5560,0.00,0
002516,江苏旷达,2012-06-30,1,415.0000,1.66,-170.0000,2.34,1
300146,汤臣倍健,2012-06-30,1,79.9972,0.37,79.9972,0.00,0
300165,天瑞仪器,2012-06-30,1,41.5869,0.27,41.5869,0.00,0
002535,林州重机,2012-06-30,1,625.2580,1.16,144.2900,1.16,1
300160,秀强股份,2012-06-30,1,325.2080,1.74,141.2080,1.97,1
300195,长荣股份,2012-06-30,3,326.8309,2.33,261.1256,0.47,1
002562,兄弟科技,2012-06-30,1,272.0400,1.27,136.0200,1.27,1
002579,中京电子,2012-06-30,1,336.8160,2.16,336.8160,0.00,0
002572,索菲亚,2012-06-30,1,269.5770,1.26,138.3640,1.23,1
601566,九牧王,2012-06-30,1,350.0000,0.60,-10.0000,0.63,1
300215,电科院,2012-06-30,1,415.4820,2.31,415.4820,0.00,0
002589,瑞康医药,2012-06-30,1,55.7190,0.59,55.7190,0.00,0
002588,史丹利,2012-06-30,3,342.1660,2.02,342.1660,0.00,0
300258,精锻科技,2012-06-30,1,181.5160,1.21,181.5160,0.00,0
002607,亚夏汽车,2012-06-30,1,143.7470,0.82,-33.1386,2.01,2
300244,迪安诊断,2012-06-30,1,29.9910,0.33,29.9910,0.00,0
601636,旗滨集团,2012-06-30,2,674.9810,0.97,674.9810,0.00,0
300273,和佳股份,2012-06-30,1,135.9820,0.68,135.9820,0.00,0
300261,雅本化学,2012-06-30,1,49.9950,0.34,49.9950,0.00,0
300263,隆华节能,2012-06-30,1,39.0790,0.24,39.0790,0.00,0
300274,阳光电源,2012-06-30,1,238.6300,0.74,178.8818,0.33,1
002638,勤上光电,2012-06-30,1,200.0370,0.53,200.0370,0.00,0
002657,中科金财,2012-06-30,1,43.0000,0.62,43.0000,0.00,0
002649,博彦科技,2012-06-30,1,57.6753,0.38,57.6753,0.00,0
300287,飞利信,2012-06-30,1,94.5103,1.13,94.5103,0.00,0
300307,慈星股份,2012-06-30,1,240.0000,0.60,240.0000,0.00,0
300296,利亚德,2012-06-30,1,90.0000,0.90,90.0000,0.00,0
300301,长方照明,2012-06-30,1,105.9920,0.98,105.9920,0.00,0
601231,环旭电子,2012-06-30,1,175.2680,0.17,175.2680,0.00,0
002660,茂硕电源,2012-06-30,1,99.7663,1.03,89.7725,0.10,1
002661,克明面业,2012-06-30,1,75.2939,0.91,75.2939,0.00,0
603366,日出东方,2012-06-30,1,115.1020,0.29,115.1020,0.00,0
300333,兆日科技,2012-06-30,1,140.0000,1.25,140.0000,0.00,0
