600006,东风汽车,2013-09-30,1,1000.0000,0.50,-200.0000,0.60,1
600010,包钢股份,2013-09-30,1,2499.9700,0.31,-1399.1200,0.49,1
600028,中国石化,2013-09-30,1,7461.4500,0.06,0.0000,0.06,1
600050,中国联通,2013-09-30,1,11450.6000,0.54,1590.0200,0.47,1
600059,古越龙山,2013-09-30,2,1346.1940,2.12,-100.0080,2.28,2
600062,华润双鹤,2013-09-30,1,777.7240,1.36,777.7240,0.00,0
600066,宇通客车,2013-09-30,2,2918.4300,2.29,164.7900,2.16,2
600067,冠城大通,2013-09-30,1,834.9670,0.70,834.9670,0.00,0
600073,上海梅林,2013-09-30,1,1111.3700,1.35,240.9510,1.06,1
600077,宋都股份,2013-09-30,1,239.4440,0.22,239.4440,0.00,0
600079,人福医药,2013-09-30,1,1048.2400,1.98,112.9420,1.90,1
600085,同仁堂,2013-09-30,3,4063.9900,3.10,775.1000,2.53,2
600089,特变电工,2013-09-30,1,1790.4700,0.68,1790.4700,0.00,0
600098,广州发展,2013-09-30,2,3550.0000,1.29,3550.0000,0.00,0
600100,同方股份,2013-09-30,1,1680.8200,0.76,1680.8200,0.00,0
600104,上汽集团,2013-09-30,1,5115.8000,0.46,1249.9500,0.35,1
600108,亚盛集团,2013-09-30,2,3337.3600,1.71,276.7700,1.57,1
600121,郑州煤电,2013-09-30,1,413.4200,0.44,413.4200,0.00,0
600125,铁龙物流,2013-09-30,1,900.0230,0.69,0.0000,0.69,1
600129,太极集团,2013-09-30,2,234.3760,0.55,234.3760,0.00,0
600141,兴发集团,2013-09-30,1,479.9940,1.10,0.0000,1.10,1
600151,航天机电,2013-09-30,1,800.8060,0.64,-348.2890,0.92,2
600153,建发股份,2013-09-30,3,8053.2100,3.60,3000.0000,2.26,2
600169,太原重工,2013-09-30,1,899.9890,0.37,899.9890,0.00,0
600172,黄河旋风,2013-09-30,1,273.8560,0.51,273.8560,0.00,0
600176,中国玻纤,2013-09-30,2,2818.9060,3.23,-230.0000,3.49,2
600196,复星医药,2013-09-30,1,1659.9800,0.74,0.0000,0.74,1
600199,金种子酒,2013-09-30,1,288.2280,0.52,288.2280,0.00,0
600208,新湖中宝,2013-09-30,1,3658.0400,0.58,215.4400,0.55,1
600223,鲁商置业,2013-09-30,1,1932.9400,1.93,107.6400,1.82,1
600239,云南城投,2013-09-30,1,1700.0600,2.06,-492.4000,2.66,1
600240,华业地产,2013-09-30,1,1299.9800,0.91,1299.9800,0.00,0
600261,阳光照明,2013-09-30,3,2324.0640,3.60,863.4140,2.26,2
600266,北京城建,2013-09-30,1,868.5140,0.98,299.9770,0.64,1
600267,海正药业,2013-09-30,1,853.7810,1.02,-46.2190,1.07,1
600280,中央商场,2013-09-30,1,1170.0000,2.04,330.0000,2.93,2
600298,安琪酵母,2013-09-30,1,214.2180,0.65,-150.2950,1.11,2
600305,恒顺醋业,2013-09-30,1,201.9630,1.59,201.9630,0.00,0
600309,万华化学,2013-09-30,1,1989.9300,0.92,20.0000,0.91,1
600315,上海家化,2013-09-30,1,1593.5400,2.37,-67.5400,2.47,1
600316,洪都航空,2013-09-30,1,454.4310,0.63,-5.6680,0.64,1
600335,国机汽车,2013-09-30,2,1140.1640,2.04,639.5710,0.89,1
600337,美克股份,2013-09-30,1,1030.0000,1.59,0.0000,1.59,1
600351,亚宝药业,2013-09-30,1,701.8100,1.01,0.0000,1.01,1
600361,华联综超,2013-09-30,1,800.2440,1.20,560.2540,0.36,1
600366,宁波韵升,2013-09-30,1,730.8720,1.42,-305.2480,2.01,1
600372,中航电子,2013-09-30,2,1183.5430,0.67,1183.5430,0.00,0
600383,金地集团,2013-09-30,1,6799.9900,1.52,680.0000,1.37,1
600389,江山股份,2013-09-30,1,346.0660,1.75,-44.9250,1.97,1
600418,江淮汽车,2013-09-30,1,2450.6400,1.91,-2334.3300,3.72,2
600426,华鲁恒升,2013-09-30,1,1915.2600,2.01,425.8600,1.56,1
600486,扬农化工,2013-09-30,1,293.3160,1.70,-103.0710,2.30,1
600498,烽火通信,2013-09-30,3,2084.1200,2.16,1024.1420,1.10,2
600500,中化国际,2013-09-30,1,1399.9600,0.97,1399.9600,0.00,0
600508,上海能源,2013-09-30,1,125.5890,0.17,125.5890,0.00,0
600509,天富热电,2013-09-30,1,320.8510,0.35,320.8510,0.00,0
600511,国药股份,2013-09-30,1,599.9990,1.25,199.9960,0.84,1
600518,康美药业,2013-09-30,1,2499.0500,1.14,2499.0500,0.00,0
600522,中天科技,2013-09-30,2,549.9960,0.78,549.9960,0.00,0
600525,长园集团,2013-09-30,2,3616.8290,4.19,1863.8480,2.03,2
600535,天士力,2013-09-30,1,1428.6300,1.38,60.0000,1.33,1
600557,康缘药业,2013-09-30,1,774.2150,1.86,19.2330,1.82,1
600559,老白干酒,2013-09-30,1,500.0000,3.57,0.0000,3.57,1
600582,天地科技,2013-09-30,4,4821.5800,3.97,309.8880,3.72,4
600583,海油工程,2013-09-30,1,2800.0400,0.72,-3310.4300,1.57,1
600587,新华医疗,2013-09-30,1,305.7710,1.62,305.7710,0.00,0
600596,新安股份,2013-09-30,1,749.9950,1.10,32.7530,1.06,1
600616,金枫酒业,2013-09-30,1,314.8140,0.72,314.8140,0.00,0
600633,浙报传媒,2013-09-30,1,165.3960,0.28,165.3960,0.00,0
600637,百视通,2013-09-30,1,631.1190,0.57,631.1190,0.00,0
600649,城投控股,2013-09-30,2,1950.0490,0.65,949.9990,0.33,1
600660,福耀玻璃,2013-09-30,1,2014.0900,1.01,2014.0900,0.00,0
600674,川投能源,2013-09-30,2,4659.2200,2.35,-155.1900,2.44,2
600683,京投银泰,2013-09-30,1,394.7710,0.53,394.7710,0.00,0
600686,金龙汽车,2013-09-30,1,2000.0100,4.52,1099.9180,2.03,1
600690,青岛海尔,2013-09-30,1,3019.2800,1.12,349.9800,0.99,1
600697,欧亚集团,2013-09-30,1,254.1950,1.60,0.0000,1.60,1
600699,均胜电子,2013-09-30,1,437.8110,0.69,437.8110,0.00,0
600703,三安光电,2013-09-30,1,1414.7900,0.98,1414.7900,0.00,0
600713,南京医药,2013-09-30,1,709.9930,1.02,709.9930,0.00,0
600724,宁波富达,2013-09-30,1,2948.1100,2.04,1308.5200,1.13,1
600729,重庆百货,2013-09-30,2,1827.8910,4.90,0.0000,4.90,2
600737,中粮屯河,2013-09-30,1,406.5740,0.20,406.5740,0.00,0
600739,辽宁成大,2013-09-30,2,2899.9700,2.12,299.9900,1.91,2
600741,华域汽车,2013-09-30,1,1569.7100,0.61,549.9900,0.39,1
600742,一汽富维,2013-09-30,1,650.0000,3.07,158.0720,2.33,1
600893,航空动力,2013-09-30,2,1420.6180,1.30,359.9880,0.97,1
600894,广日股份,2013-09-30,1,1288.9900,1.63,1288.9900,0.00,0
000026,飞亚达A,2013-09-30,1,877.6290,2.23,41.6170,2.13,2
000028,国药一致,2013-09-30,2,1464.9690,5.08,657.2320,2.80,2
000063,中兴通讯,2013-09-30,1,3200.0000,0.93,3200.0000,0.00,0
000069,华侨城A,2013-09-30,4,29728.9300,4.09,3896.5500,3.55,3
000401,冀东水泥,2013-09-30,1,1440.1800,1.07,230.0000,0.90,1
000404,华意压缩,2013-09-30,1,194.9300,0.35,194.9300,0.00,0
000418,小天鹅A,2013-09-30,2,1918.0100,3.03,-200.0000,3.35,2
600756,浪潮软件,2013-09-30,1,249.9930,0.90,249.9930,0.00,0
600757,长江传媒,2013-09-30,1,642.7130,0.53,642.7130,0.00,0
600761,安徽合力,2013-09-30,2,1700.2750,3.31,49.9990,3.21,2
600763,通策医疗,2013-09-30,1,388.0620,2.42,54.9650,2.08,1
600778,友好集团,2013-09-30,1,248.2900,0.80,248.2900,0.00,0
600779,水井坊,2013-09-30,1,403.5370,0.83,15.9200,0.79,1
600795,国电电力,2013-09-30,1,7600.0000,0.44,-80.6000,0.45,1
600805,悦达投资,2013-09-30,2,2910.4770,3.42,840.5770,2.43,1
600809,山西汾酒,2013-09-30,1,350.0000,0.40,15.0000,0.39,1
600835,上海机电,2013-09-30,2,1044.9470,1.02,1044.9470,0.00,0
600847,万里股份,2013-09-30,1,116.7620,1.32,-33.2380,1.69,1
600850,华东电脑,2013-09-30,2,410.0090,1.27,24.9960,1.20,2
600858,银座股份,2013-09-30,1,861.5270,1.66,-137.4730,1.92,1
600859,王府井,2013-09-30,2,1533.9530,3.31,553.4610,2.12,1
600863,内蒙华电,2013-09-30,4,10772.6100,2.78,3645.0300,2.76,3
600867,通化东宝,2013-09-30,2,2095.0340,2.25,2095.0340,0.00,0
600885,宏发股份,2013-09-30,2,875.5860,1.84,335.6180,1.13,2
600886,国投电力,2013-09-30,1,18085.0000,2.67,-4224.3400,3.42,2
600887,伊利股份,2013-09-30,2,4750.2300,2.33,-71.1200,2.38,2
000516,开元投资,2013-09-30,1,681.5210,0.96,681.5210,0.00,0
000550,江铃汽车,2013-09-30,1,785.0000,0.91,-810.4100,1.85,2
000553,沙隆达A,2013-09-30,1,394.7020,0.66,394.7020,0.00,0
000559,万向钱潮,2013-09-30,1,354.9040,0.22,354.9040,0.00,0
000566,海南海药,2013-09-30,2,3336.7610,6.74,310.1100,6.11,2
000568,泸州老窖,2013-09-30,1,1449.9400,1.03,1449.9400,0.00,0
000572,海马汽车,2013-09-30,1,1155.1700,0.70,1155.1700,0.00,0
000591,桐君阁,2013-09-30,1,229.9930,0.84,229.9930,0.00,0
000625,长安汽车,2013-09-30,1,4201.4800,0.90,4201.4800,0.00,0
000630,铜陵有色,2013-09-30,1,940.5300,0.66,940.5300,0.00,0
000650,仁和药业,2013-09-30,2,3077.7600,3.11,1677.2800,1.41,1
000661,长春高新,2013-09-30,1,282.8030,2.15,3.8030,2.12,1
000669,金鸿能源,2013-09-30,2,1097.9790,4.08,793.0110,1.13,1
000690,宝新能源,2013-09-30,1,900.0000,0.52,-100.0000,0.58,1
000708,大冶特钢,2013-09-30,1,282.6580,0.63,-48.9100,0.74,1
000712,锦龙股份,2013-09-30,1,439.9610,0.98,439.9610,0.00,0
000728,国元证券,2013-09-30,1,1511.6100,0.77,1511.6100,0.00,0
000731,四川美丰,2013-09-30,2,1900.3170,3.21,169.9990,2.93,2
000732,泰禾集团,2013-09-30,1,457.6570,0.45,457.6570,0.00,0
000748,长城信息,2013-09-30,1,583.8110,1.55,0.0000,1.55,1
000780,平庄能源,2013-09-30,1,180.1030,0.18,0.7000,0.18,1
000786,北新建材,2013-09-30,5,3959.4740,6.88,645.3750,5.76,4
000797,中国武夷,2013-09-30,1,599.9820,1.54,599.9820,0.00,0
000816,江淮动力,2013-09-30,1,2431.7100,2.23,2431.7100,0.00,0
000825,太钢不锈,2013-09-30,1,938.4850,0.16,3.6700,0.16,1
000848,承德露露,2013-09-30,2,1973.8800,4.92,1015.8800,2.39,1
000880,潍柴重机,2013-09-30,1,650.7460,2.36,-57.0000,2.56,1
000888,峨眉山A,2013-09-30,2,1024.5140,4.36,198.3110,3.51,2
000895,双汇发展,2013-09-30,2,1700.9480,0.77,700.9480,0.45,1
000902,中国服装,2013-09-30,1,400.0000,1.55,-54.2020,1.76,1
000910,大亚科技,2013-09-30,1,1000.0000,1.90,0.0000,1.90,1
000915,山大华特,2013-09-30,3,1257.9350,6.98,504.1390,4.18,2
000919,金陵药业,2013-09-30,1,238.5140,0.47,-181.8550,0.83,1
000920,南方汇通,2013-09-30,1,300.0000,0.71,80.6890,0.52,1
000921,海信科龙,2013-09-30,1,346.1300,0.26,346.1300,0.00,0
000927,一汽夏利,2013-09-30,1,682.0080,0.43,-2628.2020,2.08,2
000928,中钢吉炭,2013-09-30,1,149.9940,0.53,149.9940,0.00,0
000937,冀中能源,2013-09-30,1,650.0000,0.28,0.0000,0.28,1
000960,锡业股份,2013-09-30,1,611.9800,0.53,211.0760,0.35,1
000963,华东医药,2013-09-30,1,1147.8800,2.64,-3.0800,2.65,1
000968,煤气化,2013-09-30,1,230.7580,0.45,0.0000,0.45,1
000998,隆平高科,2013-09-30,2,1993.2240,4.79,1075.9150,2.21,2
000999,华润三九,2013-09-30,2,1075.7580,1.10,500.0000,0.59,1
600575,芜湖港,2013-09-30,1,3101.3000,1.27,-3393.5600,2.67,2
600481,双良节能,2013-09-30,1,248.3400,0.31,248.3400,0.00,0
600004,白云机场,2013-09-30,1,679.8500,0.59,95.0520,0.51,1
600570,恒生电子,2013-09-30,1,1058.0300,1.71,1058.0300,0.00,0
600436,片仔癀,2013-09-30,1,132.2380,0.82,30.2810,0.73,1
600029,南方航空,2013-09-30,1,2465.2300,0.25,-4516.1500,0.71,1
600546,山煤国际,2013-09-30,3,7688.8700,3.88,4039.8170,3.68,3
600485,中创信测,2013-09-30,1,85.7877,0.62,-67.5463,1.11,1
600348,阳泉煤业,2013-09-30,1,1200.1200,0.50,319.9950,0.37,1
600507,方大特钢,2013-09-30,1,273.0420,0.21,63.2120,0.16,1
600406,国电南瑞,2013-09-30,1,3277.7500,1.49,-406.7700,1.67,1
600527,江南高纤,2013-09-30,1,3848.9800,4.80,848.0500,3.74,1
600325,华发股份,2013-09-30,2,3365.1640,4.12,-1699.9630,6.20,4
600467,好当家,2013-09-30,2,1440.1790,1.97,351.3790,1.49,1
600572,康恩贝,2013-09-30,1,654.3890,0.81,654.3890,0.00,0
600993,马应龙,2013-09-30,1,1090.0000,3.29,0.0000,3.29,1
600967,北方创业,2013-09-30,1,1000.1100,2.19,0.0000,2.19,1
600997,开滦股份,2013-09-30,1,226.5380,0.18,0.0000,0.18,1
600420,现代制药,2013-09-30,1,285.0550,0.99,285.0550,0.00,0
002004,华邦颖泰,2013-09-30,1,899.9170,1.55,199.9950,1.23,1
002005,德豪润达,2013-09-30,1,999.9970,0.86,999.9970,0.00,0
002014,永新股份,2013-09-30,1,987.0000,3.03,987.0000,0.00,0
002021,中捷股份,2013-09-30,1,826.0310,1.45,826.0310,0.00,0
002023,海特高新,2013-09-30,2,756.7430,2.25,399.9440,1.06,1
002029,七匹狼,2013-09-30,3,2207.4790,2.92,-571.0640,3.68,4
002033,丽江旅游,2013-09-30,1,157.3180,0.74,-20.0000,0.83,1
002037,久联发展,2013-09-30,1,814.5900,2.49,153.6580,2.02,1
002038,双鹭药业,2013-09-30,2,1536.8890,3.36,-12.4220,3.39,2
600970,中材国际,2013-09-30,1,1099.9500,1.01,1099.9500,0.00,0
002041,登海种业,2013-09-30,2,707.4850,2.01,557.4890,0.43,1
002048,宁波华翔,2013-09-30,1,199.9910,0.38,-100.0150,0.57,1
002049,同方国芯,2013-09-30,1,259.9890,0.86,80.0050,0.59,1
601633,长城汽车,2013-09-30,1,669.2220,0.22,-90.8810,0.25,1
002672,东江环保,2013-09-30,2,249.3970,1.10,-30.0000,1.24,2
300150,世纪瑞尔,2013-09-30,1,750.3280,2.78,-51.0440,2.97,1
002051,中工国际,2013-09-30,2,1015.6700,1.59,-21.1780,1.63,2
601628,中国人寿,2013-09-30,2,4200.0000,0.15,-1011.0600,0.18,2
601601,中国太保,2013-09-30,1,4317.3300,0.48,-140.7700,0.49,1
000333,美的集团,2013-09-30,4,6191.7400,3.67,6191.7400,0.00,0
300205,天喻信息,2013-09-30,1,197.1420,0.92,197.1420,0.00,0
002106,莱宝高科,2013-09-30,1,618.6870,0.88,-705.5150,1.88,2
300077,国民技术,2013-09-30,1,680.0000,2.50,680.0000,0.00,0
002626,金达威,2013-09-30,1,449.9790,2.50,139.9950,1.72,1
300026,红日药业,2013-09-30,1,300.0000,0.80,0.0000,0.80,1
002230,科大讯飞,2013-09-30,1,376.0890,0.80,376.0890,0.00,0
601126,四方股份,2013-09-30,2,698.5660,1.72,410.2160,0.71,1
601111,中国国航,2013-09-30,1,1200.8200,0.09,1200.8200,0.00,0
002338,奥普光电,2013-09-30,1,140.0000,1.17,-60.0000,1.67,1
601158,重庆水务,2013-09-30,2,3306.0100,0.69,-838.6890,0.86,3
002140,东华科技,2013-09-30,1,438.2820,0.98,438.2820,0.00,0
002393,力生制药,2013-09-30,1,94.4761,0.52,94.4761,0.00,0
002080,中材科技,2013-09-30,1,725.9180,1.81,-539.0220,3.16,1
300034,钢研高纳,2013-09-30,1,109.9920,0.52,109.9920,0.00,0
601808,中海油服,2013-09-30,1,1209.9400,0.27,1209.9400,0.00,0
002534,杭锅股份,2013-09-30,1,49.9933,0.12,49.9933,0.00,0
002430,杭氧股份,2013-09-30,1,489.9880,0.60,0.0000,0.60,1
601965,中国汽研,2013-09-30,1,699.9820,1.09,-82.0000,1.22,1
002146,荣盛发展,2013-09-30,2,3438.0700,1.82,0.0000,1.83,2
002065,东华软件,2013-09-30,1,1198.8900,1.74,100.0100,1.59,1
600048,保利地产,2013-09-30,2,15710.8900,2.20,-208.3200,2.23,2
601006,大秦铁路,2013-09-30,2,30249.8000,2.03,5.0000,2.03,2
601699,潞安环能,2013-09-30,1,819.9960,0.36,819.9960,0.00,0
002089,新海宜,2013-09-30,1,400.0000,0.90,242.9500,0.35,1
002073,软控股份,2013-09-30,1,1041.2100,1.40,-200.0100,1.67,1
002079,苏州固锝,2013-09-30,1,367.4200,0.50,367.4200,0.00,0
300024,机器人,2013-09-30,1,303.3200,1.02,303.3200,0.00,0
002308,威创股份,2013-09-30,1,399.9930,0.48,399.9930,0.00,0
002396,星网锐捷,2013-09-30,1,254.8410,0.73,-20.0120,0.78,1
002069,獐子岛,2013-09-30,1,399.9890,0.56,399.9890,0.00,0
002081,金螳螂,2013-09-30,1,1366.8100,1.16,69.1300,1.11,1
002085,万丰奥威,2013-09-30,1,189.0020,0.48,189.0020,0.00,0
002350,北京科锐,2013-09-30,1,427.9160,1.96,427.9160,0.00,0
002100,天康生物,2013-09-30,2,923.7620,2.13,-80.0000,2.62,2
601908,京运通,2013-09-30,1,499.9900,0.58,499.9900,0.00,0
002104,恒宝股份,2013-09-30,1,399.9920,0.91,0.0000,0.91,1
002123,荣信股份,2013-09-30,1,328.3800,0.65,-100.0000,0.85,1
601007,金陵饭店,2013-09-30,1,274.3500,0.91,274.3500,0.00,0
002131,利欧股份,2013-09-30,1,386.3370,1.21,386.3370,0.00,0
300016,北陆药业,2013-09-30,1,200.0000,0.65,-119.4500,1.05,2
002152,广电运通,2013-09-30,2,4250.0000,5.69,29.3300,5.65,2
002296,辉煌科技,2013-09-30,1,202.4430,1.14,-4.3100,1.16,1
002304,洋河股份,2013-09-30,1,473.6420,0.44,22.9680,0.42,1
002583,海能达,2013-09-30,1,400.0550,1.44,67.2970,1.20,1
601238,广汽集团,2013-09-30,1,664.7840,0.10,63.5760,0.09,1
002391,长青股份,2013-09-30,1,303.5980,1.44,-31.0420,1.59,1
002226,江南化工,2013-09-30,3,1192.6010,2.98,532.6050,1.67,2
002364,中恒电气,2013-09-30,2,1176.2930,4.63,188.6140,3.88,2
002273,水晶光电,2013-09-30,2,1396.2990,3.72,-425.2350,4.85,2
002550,千红制药,2013-09-30,1,131.6960,0.82,9.4760,0.76,1
002236,大华股份,2013-09-30,1,846.9730,0.74,-1379.9970,1.94,2
002372,伟星新材,2013-09-30,2,867.2460,2.60,460.0000,1.24,1
002241,歌尔声学,2013-09-30,1,925.5550,0.61,925.5550,0.00,0
002450,康得新,2013-09-30,2,3370.0000,3.59,-285.0000,3.90,2
002419,天虹商场,2013-09-30,1,330.8880,0.41,330.8880,0.00,0
300054,鼎龙股份,2013-09-30,1,221.4070,0.81,-338.5620,2.06,2
601668,中国建筑,2013-09-30,1,14800.0000,0.49,14800.0000,0.00,0
002271,东方雨虹,2013-09-30,2,1306.4510,3.63,176.9370,3.29,2
002269,美邦服饰,2013-09-30,1,296.7740,0.30,-223.0690,0.52,2
300015,爱尔眼科,2013-09-30,1,300.0000,0.69,-52.7540,0.82,1
002299,圣农发展,2013-09-30,1,1396.9800,1.53,-670.0000,2.27,1
002344,海宁皮城,2013-09-30,2,3842.4330,3.43,-63.5600,3.49,2
300036,超图软件,2013-09-30,1,112.9870,0.94,-85.6800,1.66,1
002277,友阿股份,2013-09-30,1,437.3230,0.78,-524.2120,1.72,2
002292,奥飞动漫,2013-09-30,1,570.8890,0.93,-89.0940,1.07,1
002294,信立泰,2013-09-30,1,230.7660,0.35,0.0000,0.35,1
601117,中国化学,2013-09-30,3,7750.3500,1.57,-2400.0000,2.06,4
300038,梅泰诺,2013-09-30,1,99.9930,0.62,99.9930,0.00,0
002496,辉丰股份,2013-09-30,1,500.0230,2.04,-203.2960,2.87,2
300058,蓝色光标,2013-09-30,1,930.0000,2.00,-179.8700,2.76,1
300285,国瓷材料,2013-09-30,2,99.7496,0.80,90.7515,0.14,1
002415,海康威视,2013-09-30,1,2499.9800,0.62,2499.9800,0.00,0
601888,中国国旅,2013-09-30,1,779.7200,0.80,-744.2860,1.73,3
601989,中国重工,2013-09-30,1,3488.8900,0.23,-1021.1100,0.31,1
002305,南国置业,2013-09-30,1,799.9760,0.83,199.9920,0.62,1
300012,华测检测,2013-09-30,1,230.3760,0.62,230.3760,0.00,0
300071,华谊嘉信,2013-09-30,1,138.4900,0.89,-158.2150,1.91,1
300003,乐普医疗,2013-09-30,1,599.9820,0.74,599.9820,0.00,0
300238,冠昊生物,2013-09-30,1,79.5342,0.65,79.5342,0.00,0
300041,回天胶业,2013-09-30,1,271.4740,1.61,271.4740,0.00,0
300009,安科生物,2013-09-30,1,196.7760,0.82,7.5270,0.78,1
002310,东方园林,2013-09-30,1,300.0000,0.50,300.0000,0.00,0
002311,海大集团,2013-09-30,2,3743.4400,3.79,730.8300,3.05,2
300252,金信诺,2013-09-30,1,234.5210,1.43,83.7670,1.40,1
002327,富安娜,2013-09-30,2,680.0660,2.12,423.7840,0.80,1
002318,久立特材,2013-09-30,1,234.7570,0.75,-65.4450,0.96,1
002325,洪涛股份,2013-09-30,2,2533.6000,3.60,1260.9900,1.84,1
601801,皖新传媒,2013-09-30,2,396.1160,0.44,396.1160,0.00,0
601877,正泰电器,2013-09-30,1,767.8100,0.76,767.8100,0.00,0
300017,网宿科技,2013-09-30,1,207.6700,1.33,-60.5790,1.73,1
002385,大北农,2013-09-30,1,1945.7100,1.20,100.0000,1.15,1
601258,庞大集团,2013-09-30,1,599.9800,0.23,599.9800,0.00,0
300335,迪森股份,2013-09-30,1,179.0240,0.86,179.0240,0.00,0
300029,天龙光电,2013-09-30,1,91.4045,0.46,0.0000,0.46,1
002353,杰瑞股份,2013-09-30,1,407.9720,0.68,-12.7200,0.70,1
002549,凯美特气,2013-09-30,1,119.9850,0.44,119.9850,0.00,0
002375,亚厦股份,2013-09-30,1,543.4620,0.86,543.4620,0.00,0
002367,康力电梯,2013-09-30,1,765.1920,2.01,-330.6050,2.88,2
002368,太极股份,2013-09-30,2,675.1490,2.85,675.1490,0.00,0
300048,合康变频,2013-09-30,1,379.2140,1.12,0.0000,1.12,1
300043,星辉车模,2013-09-30,2,466.9650,1.93,132.8820,1.38,1
002421,达实智能,2013-09-30,1,250.4940,1.20,250.4940,0.00,0
002630,华西能源,2013-09-30,1,407.5470,2.44,-79.5570,2.92,2
300055,万邦达,2013-09-30,1,300.6480,1.31,300.6480,0.00,0
601669,中国水电,2013-09-30,1,3455.9700,0.36,0.0000,0.36,1
002410,广联达,2013-09-30,1,527.9110,0.98,0.0000,0.98,1
002604,龙力生物,2013-09-30,1,653.4610,2.70,-50.0000,2.90,1
300059,东方财富,2013-09-30,1,1218.6300,1.81,323.5480,1.33,1
002439,启明星辰,2013-09-30,1,558.2400,2.69,156.2780,1.94,1
601369,陕鼓动力,2013-09-30,1,419.8870,0.26,419.8870,0.00,0
002428,云南锗业,2013-09-30,1,161.2680,0.25,161.2680,0.00,0
002456,欧菲光,2013-09-30,2,543.7910,1.17,301.9150,0.52,1
002440,闰土股份,2013-09-30,1,500.0000,1.30,20.1900,1.25,1
002437,誉衡药业,2013-09-30,2,823.8830,2.94,194.9440,2.25,2
300083,劲胜股份,2013-09-30,1,50.0000,0.25,50.0000,0.00,0
300078,中瑞思创,2013-09-30,1,129.9820,0.78,129.9820,0.00,0
300074,华平股份,2013-09-30,2,485.4240,2.21,-25.8940,2.32,2
601012,隆基股份,2013-09-30,1,1065.0200,1.98,1065.0200,0.00,0
002441,众业达,2013-09-30,1,40.0000,0.17,-20.0000,0.26,1
002444,巨星科技,2013-09-30,1,361.4840,0.36,200.7330,0.32,1
002466,天齐锂业,2013-09-30,1,32.3676,0.22,0.0000,0.22,1
002458,益生股份,2013-09-30,1,204.9670,0.73,204.9670,0.00,0
300090,盛运股份,2013-09-30,2,806.8560,3.09,506.8590,1.18,1
300253,卫宁软件,2013-09-30,1,150.6350,1.41,-11.3400,1.51,1
002470,金正大,2013-09-30,1,399.3760,0.57,99.9990,0.43,1
300305,裕兴股份,2013-09-30,1,71.8801,0.50,17.8801,0.38,1
300133,华策影视,2013-09-30,1,399.5200,0.69,-130.8050,0.91,1
002475,立讯精密,2013-09-30,3,1314.0140,2.40,1314.0140,0.00,0
601098,中南传媒,2013-09-30,2,3813.5000,2.12,-496.2190,2.40,3
002477,雏鹰农牧,2013-09-30,1,686.2010,0.80,-134.2410,1.54,2
002482,广田股份,2013-09-30,1,579.2880,1.12,-171.6660,1.46,2
300123,太阳鸟,2013-09-30,1,115.7420,0.83,115.7420,0.00,0
002483,润邦股份,2013-09-30,1,174.1880,0.48,174.1880,0.00,0
002497,雅化集团,2013-09-30,1,374.1650,0.78,-19.6930,0.82,1
601928,凤凰传媒,2013-09-30,1,2340.2400,0.92,890.2600,0.57,1
002501,利源铝业,2013-09-30,1,700.0000,1.50,-242.5430,2.01,2
300164,通源石油,2013-09-30,1,352.1950,1.48,-29.9300,1.61,1
002508,老板电器,2013-09-30,1,242.9660,0.95,-85.9140,1.28,1
300331,苏大维格,2013-09-30,1,81.2258,1.31,81.2258,0.00,0
002503,搜于特,2013-09-30,1,644.8280,1.49,0.0000,1.49,1
300325,德威新材,2013-09-30,1,197.2330,1.23,197.2330,0.00,0
002507,涪陵榨菜,2013-09-30,3,743.5350,4.80,257.5380,3.14,2
300289,利德曼,2013-09-30,2,201.5300,1.31,-78.4580,1.82,2
002522,浙江众成,2013-09-30,1,159.5970,0.94,159.5970,0.00,0
002524,光正集团,2013-09-30,1,900.8340,1.79,-384.7660,2.55,1
300147,香雪制药,2013-09-30,2,1749.4900,4.46,749.4600,2.55,1
601933,永辉超市,2013-09-30,1,2001.0000,1.23,2001.0000,0.00,0
002702,海欣食品,2013-09-30,1,34.9199,0.25,14.9199,0.14,1
300165,天瑞仪器,2013-09-30,1,75.4583,0.49,0.0000,0.49,1
002557,洽洽食品,2013-09-30,1,115.9000,0.34,-50.0360,0.49,1
300177,中海达,2013-09-30,2,290.1960,1.44,-197.4260,2.42,3
300178,腾邦国际,2013-09-30,1,99.9903,0.82,99.9903,0.00,0
002551,尚荣医疗,2013-09-30,1,231.8200,0.84,88.7970,0.78,1
300183,东软载波,2013-09-30,1,99.9907,0.45,99.9907,0.00,0
300188,美亚柏科,2013-09-30,1,99.9848,0.45,-0.4052,0.45,1
300345,红宇新材,2013-09-30,1,86.5922,0.90,-128.5853,2.24,2
300204,舒泰神,2013-09-30,1,64.9748,0.27,64.9748,0.00,0
002563,森马服饰,2013-09-30,1,77.0380,0.11,24.9994,0.08,1
002564,张化机,2013-09-30,1,167.4720,0.45,0.0000,0.45,1
002572,索菲亚,2013-09-30,1,564.0050,1.28,-78.8630,1.46,1
300210,森远股份,2013-09-30,1,106.4490,0.79,-90.4633,1.46,2
601566,九牧王,2013-09-30,2,690.4400,1.19,-288.6440,1.69,4
300207,欣旺达,2013-09-30,1,166.3770,0.68,166.3770,0.00,0
300212,易华录,2013-09-30,2,650.0580,2.43,250.0580,1.49,1
300257,开山股份,2013-09-30,2,1164.3700,2.71,-36.2470,2.80,2
300217,东方电热,2013-09-30,1,718.9300,3.64,57.4230,3.35,1
300228,富瑞特装,2013-09-30,1,430.9300,3.22,40.9910,2.91,1
300224,正海磁材,2013-09-30,1,188.2890,0.78,-296.5523,2.02,3
002586,围海股份,2013-09-30,2,464.5550,1.52,45.9410,1.37,2
002589,瑞康医药,2013-09-30,2,314.8241,3.36,64.5661,2.67,1
002587,奥拓电子,2013-09-30,1,160.0220,1.45,160.0220,0.00,0
300234,开尔新材,2013-09-30,1,99.9760,0.83,99.9760,0.00,0
002588,史丹利,2013-09-30,1,65.2728,0.30,65.2728,0.00,0
300258,精锻科技,2013-09-30,2,465.8010,2.59,117.7510,1.93,1
300244,迪安诊断,2013-09-30,2,318.2542,2.66,188.2812,1.09,1
300246,宝莱特,2013-09-30,1,288.5960,1.98,288.5960,0.00,0
002603,以岭药业,2013-09-30,1,217.3940,0.39,217.3940,0.00,0
300255,常山药业,2013-09-30,1,299.9990,1.59,0.0000,1.59,1
601636,旗滨集团,2013-09-30,2,385.1770,0.55,385.1770,0.00,0
002618,丹邦科技,2013-09-30,1,149.8020,0.82,49.8095,0.62,1
002612,朗姿股份,2013-09-30,1,164.7440,0.82,-38.8910,1.02,2
300274,阳光电源,2013-09-30,2,1366.6310,4.24,431.1870,2.90,2
601100,恒立油缸,2013-09-30,2,575.6170,0.91,257.0530,0.51,1
002628,成都路桥,2013-09-30,3,3370.0000,4.57,3170.0070,0.60,1
603001,奥康国际,2013-09-30,3,671.7750,1.68,-199.2870,2.17,4
002664,信质电机,2013-09-30,1,318.8930,2.39,318.8930,0.00,0
002649,博彦科技,2013-09-30,2,269.9863,1.80,-54.4307,2.16,2
300287,飞利信,2013-09-30,1,425.4840,3.38,-81.3580,4.02,1
300298,三诺生物,2013-09-30,1,75.3161,0.57,10.0000,0.49,1
300291,华录百纳,2013-09-30,1,102.4820,0.78,102.4820,0.00,0
002650,加加食品,2013-09-30,1,138.2950,0.60,138.2950,0.00,0
300326,凯利泰,2013-09-30,1,82.5000,1.07,0.0000,1.07,1
002661,克明面业,2013-09-30,2,185.2446,2.23,-45.9816,2.78,3
300313,天山生物,2013-09-30,1,227.3000,2.50,227.3000,0.00,0
300302,同有科技,2013-09-30,1,59.9765,1.00,-15.6777,1.26,2
603000,人民网,2013-09-30,1,130.0000,0.47,19.7000,0.40,1
603366,日出东方,2013-09-30,1,171.6400,0.43,-28.3330,0.50,1
300334,津膜科技,2013-09-30,1,79.9831,0.46,79.9831,0.00,0
002701,奥瑞金,2013-09-30,2,368.8370,1.20,48.8420,1.04,2
002695,煌上煌,2013-09-30,1,75.6109,0.61,-58.9041,1.09,1
300323,华灿光电,2013-09-30,1,351.6530,1.17,351.6530,0.00,0
300346,南大光电,2013-09-30,1,75.0000,0.75,2.9287,0.72,1
300351,永贵电器,2013-09-30,1,233.9540,2.29,233.9540,0.00,0
603766,隆鑫通用,2013-09-30,1,2569.8400,3.21,2209.8610,0.45,1
