600006,东风汽车,2013-03-31,1,1200.0000,0.60,0.0000,0.60,1
600010,包钢股份,2013-03-31,1,3599.0900,0.45,2399.9800,0.19,1
600028,中国石化,2013-03-31,1,4750.7000,0.05,4750.7000,0.00,0
600050,中国联通,2013-03-31,1,8801.0700,0.42,1696.2400,0.34,1
600059,古越龙山,2013-03-31,1,746.1940,1.18,0.0000,1.18,1
600060,海信电器,2013-03-31,2,3190.8800,2.44,489.9800,2.07,2
600066,宇通客车,2013-03-31,2,1471.5370,2.09,1471.5370,0.00,0
600067,冠城大通,2013-03-31,1,607.4530,0.52,607.4530,0.00,0
600085,同仁堂,2013-03-31,2,3429.8860,2.63,-160.0840,2.76,2
600098,广州发展,2013-03-31,1,506.8790,0.18,506.8790,0.00,0
600104,上汽集团,2013-03-31,2,7918.9100,0.72,-1350.4600,0.84,2
600108,亚盛集团,2013-03-31,1,2600.0400,1.34,-200.3500,1.44,1
600125,铁龙物流,2013-03-31,1,1899.9900,1.46,-2164.1300,3.11,2
600137,浪莎股份,2013-03-31,1,350.9110,3.61,0.0000,3.61,1
600141,兴发集团,2013-03-31,1,479.9940,1.10,0.0000,1.10,1
600151,航天机电,2013-03-31,1,129.6130,0.10,129.6130,0.00,0
600153,建发股份,2013-03-31,2,5253.2100,2.35,1610.6100,1.63,2
600176,中国玻纤,2013-03-31,1,2348.8800,2.69,0.0000,2.69,1
600187,国中水务,2013-03-31,1,500.0240,1.17,500.0240,0.00,0
600196,复星医药,2013-03-31,1,1659.9800,0.74,449.9900,0.54,1
600197,伊力特,2013-03-31,1,399.9970,0.91,399.9970,0.00,0
600199,金种子酒,2013-03-31,1,488.2280,0.88,488.2280,0.00,0
600216,浙江医药,2013-03-31,1,199.9620,0.38,199.9620,0.00,0
600219,南山铝业,2013-03-31,1,2846.8100,1.47,-1362.3600,2.18,1
600223,鲁商置业,2013-03-31,1,932.0280,0.93,-60.0000,0.99,1
600239,云南城投,2013-03-31,1,2279.5200,2.77,2279.5200,0.00,0
600258,首旅酒店,2013-03-31,2,231.5110,1.00,-12.2200,1.05,2
600261,阳光照明,2013-03-31,1,1200.0000,1.86,654.2950,0.85,1
600267,海正药业,2013-03-31,1,1100.0000,1.31,-1908.8300,3.58,2
600280,中央商场,2013-03-31,2,459.1500,3.20,-23.6730,3.36,2
600285,羚锐制药,2013-03-31,1,300.0000,1.31,-9.9100,1.54,1
600298,安琪酵母,2013-03-31,1,214.2180,0.65,214.2180,0.00,0
600310,桂东电力,2013-03-31,1,252.1110,0.91,-247.8890,1.81,1
600315,上海家化,2013-03-31,1,872.0840,1.95,872.0840,0.00,0
600316,洪都航空,2013-03-31,1,274.2260,0.38,274.2260,0.00,0
600318,巢东股份,2013-03-31,1,400.0090,1.65,0.0000,1.65,1
600323,南海发展,2013-03-31,1,289.9980,0.50,-740.5320,1.78,1
600332,白云山,2013-03-31,1,331.6230,0.41,331.6230,0.00,0
600335,国机汽车,2013-03-31,1,500.5930,0.89,500.5930,0.00,0
600337,美克股份,2013-03-31,1,1023.2300,1.62,109.0800,1.44,1
600351,亚宝药业,2013-03-31,1,208.6190,0.30,208.6190,0.00,0
600361,华联综超,2013-03-31,1,239.9900,0.36,-467.4000,1.06,1
600366,宁波韵升,2013-03-31,2,371.2930,0.72,371.2930,0.00,0
600373,中文传媒,2013-03-31,1,139.9780,0.21,139.9780,0.00,0
600383,金地集团,2013-03-31,1,5599.9800,1.25,5599.9800,0.00,0
600389,江山股份,2013-03-31,1,524.0460,2.65,276.5240,1.25,1
600418,江淮汽车,2013-03-31,2,1992.3070,1.55,1992.3070,0.00,0
600426,华鲁恒升,2013-03-31,1,1317.1400,1.38,124.4500,1.25,1
600498,烽火通信,2013-03-31,1,280.0000,0.58,-316.0640,1.24,2
600500,中化国际,2013-03-31,1,349.9990,0.24,349.9990,0.00,0
600525,长园集团,2013-03-31,2,537.6240,0.62,247.6410,0.34,1
600535,天士力,2013-03-31,1,669.3170,1.30,-2.0350,1.30,1
600557,康缘药业,2013-03-31,1,511.9500,1.23,511.9500,0.00,0
600559,老白干酒,2013-03-31,1,500.0000,3.57,-10.0000,3.64,1
600563,法拉电子,2013-03-31,2,387.2420,1.72,-102.8960,2.18,2
600582,天地科技,2013-03-31,2,2536.3600,2.09,-137.8700,2.20,2
600583,海油工程,2013-03-31,1,6600.2900,1.70,-72.0000,1.72,1
600586,金晶科技,2013-03-31,1,1496.5000,1.05,1496.5000,0.00,0
600640,号百控股,2013-03-31,1,299.9920,0.56,299.9920,0.00,0
600642,申能股份,2013-03-31,1,3850.0000,0.81,-1592.9300,1.15,2
600643,爱建股份,2013-03-31,1,636.2930,0.58,636.2930,0.00,0
600668,尖峰集团,2013-03-31,1,499.9960,1.45,499.9960,0.00,0
600673,东阳光铝,2013-03-31,1,662.8990,0.80,-150.0000,0.98,2
600674,川投能源,2013-03-31,2,2676.3700,1.36,2676.3700,0.00,0
600697,欧亚集团,2013-03-31,1,370.3930,2.33,-29.6070,2.51,1
600702,沱牌舍得,2013-03-31,1,361.1090,1.07,361.1090,0.00,0
600724,宁波富达,2013-03-31,1,1244.6800,0.86,-7.2000,0.87,1
600729,重庆百货,2013-03-31,3,2329.5110,6.24,-294.3800,7.03,3
600739,辽宁成大,2013-03-31,1,1204.0900,0.88,1204.0900,0.00,0
600742,一汽富维,2013-03-31,2,608.4400,2.88,-49.5470,3.11,2
600749,西藏旅游,2013-03-31,1,140.4750,0.74,0.0000,0.74,1
600893,航空动力,2013-03-31,1,1010.6300,0.93,309.9910,0.64,1
000026,飞亚达A,2013-03-31,1,487.8560,1.24,0.0000,1.24,1
000028,国药一致,2013-03-31,1,313.5180,1.09,313.5180,0.00,0
000059,辽通化工,2013-03-31,1,610.0000,0.51,0.0000,0.51,1
000063,中兴通讯,2013-03-31,1,2799.9500,0.81,2799.9500,0.00,0
000069,华侨城A,2013-03-31,3,27222.3900,3.74,1490.0000,3.54,3
000400,许继电气,2013-03-31,1,478.0760,1.26,-10.0000,1.29,1
000401,冀东水泥,2013-03-31,1,778.0330,0.58,778.0330,0.00,0
000418,小天鹅A,2013-03-31,1,1400.0000,2.21,-113.3200,2.39,1
600754,锦江股份,2013-03-31,1,400.0340,0.66,30.0000,0.61,1
600761,安徽合力,2013-03-31,1,650.3920,1.27,0.0000,1.27,1
600773,西藏城投,2013-03-31,1,693.8120,1.21,34.1190,1.15,1
600779,水井坊,2013-03-31,1,387.6170,0.79,107.3440,0.57,1
600785,新华百货,2013-03-31,1,271.7680,1.31,-30.1960,1.46,1
600787,中储股份,2013-03-31,1,1327.5500,1.43,1327.5500,0.00,0
600795,国电电力,2013-03-31,1,8500.0000,0.49,-5795.8000,0.93,1
600847,万里股份,2013-03-31,1,142.9600,1.61,142.9600,0.00,0
600858,银座股份,2013-03-31,1,999.0000,1.92,0.0000,1.92,1
600859,王府井,2013-03-31,1,760.3400,1.64,137.9930,1.34,1
600863,内蒙华电,2013-03-31,2,7000.0000,2.71,5999.9200,0.39,1
600879,航天电子,2013-03-31,2,550.0410,0.68,550.0410,0.00,0
600886,国投电力,2013-03-31,3,15734.3500,4.39,1200.0000,4.13,3
600887,伊利股份,2013-03-31,2,4671.3600,2.50,-917.8000,3.50,2
600888,新疆众和,2013-03-31,1,840.0000,1.57,-264.6000,2.07,1
000430,张家界,2013-03-31,2,804.6340,2.51,-98.9570,2.82,2
000550,江铃汽车,2013-03-31,2,1709.0630,1.98,94.4830,1.87,2
000559,万向钱潮,2013-03-31,1,1892.7400,1.19,1892.7400,0.00,0
000561,烽火电子,2013-03-31,1,700.0780,1.17,700.0780,0.00,0
000566,海南海药,2013-03-31,2,2654.6310,5.36,150.7200,5.06,2
000598,兴蓉投资,2013-03-31,1,1207.4400,0.81,1207.4400,0.00,0
000603,盛达矿业,2013-03-31,1,52.9122,0.10,52.9122,0.00,0
000635,英力特,2013-03-31,1,231.9500,0.77,-108.5880,1.12,1
000661,长春高新,2013-03-31,1,289.5000,2.20,-190.5790,3.66,2
000690,宝新能源,2013-03-31,1,1152.7800,0.67,-839.2700,1.15,2
000708,大冶特钢,2013-03-31,1,390.0000,0.87,-10.5040,0.89,1
000731,四川美丰,2013-03-31,1,780.1950,1.34,80.9400,1.39,1
000778,新兴铸管,2013-03-31,1,581.4410,0.30,581.4410,0.00,0
000786,北新建材,2013-03-31,3,2443.5190,4.25,469.6560,3.43,2
000800,一汽轿车,2013-03-31,2,3306.0800,2.03,0.0000,2.03,2
000811,烟台冰轮,2013-03-31,1,261.0310,0.66,261.0310,0.00,0
000823,超声电子,2013-03-31,1,204.7450,0.46,30.0000,0.40,1
000848,承德露露,2013-03-31,1,1030.0000,2.57,-100.0000,2.81,1
000876,新希望,2013-03-31,2,2900.2100,1.67,14.0900,1.66,2
000880,潍柴重机,2013-03-31,1,660.7350,2.39,660.7350,0.00,0
000888,峨眉山A,2013-03-31,2,712.0960,3.03,712.0960,0.00,0
000895,双汇发展,2013-03-31,2,1304.9910,1.19,-705.3520,1.83,3
000902,中国服装,2013-03-31,1,164.2260,0.64,164.2260,0.00,0
000910,大亚科技,2013-03-31,1,1000.0000,1.90,-300.0000,2.46,1
000915,山大华特,2013-03-31,1,377.7620,2.10,0.0000,2.10,1
000919,金陵药业,2013-03-31,2,1367.3920,2.71,-227.2770,3.16,2
000926,福星股份,2013-03-31,1,839.9940,1.18,839.9940,0.00,0
000927,一汽夏利,2013-03-31,2,4310.2100,2.70,0.0000,2.70,2
000933,神火股份,2013-03-31,1,1250.0000,0.66,1250.0000,0.00,0
000937,冀中能源,2013-03-31,1,650.0000,0.28,0.0000,0.28,1
000951,中国重汽,2013-03-31,1,300.0890,0.72,300.0890,0.00,0
000963,华东医药,2013-03-31,1,1138.0000,2.62,-91.0000,2.83,1
000968,煤气化,2013-03-31,1,230.7580,0.45,230.7580,0.00,0
000987,广州友谊,2013-03-31,1,295.0480,0.82,0.0000,0.82,1
000993,闽东电力,2013-03-31,1,600.6580,1.61,0.0000,1.61,1
000998,隆平高科,2013-03-31,1,417.3080,1.00,37.3610,0.91,1
000999,华润三九,2013-03-31,1,568.6480,0.58,0.0000,0.58,1
600521,华海药业,2013-03-31,1,805.8350,1.47,-107.5940,1.67,1
600575,芜湖港,2013-03-31,2,4048.9500,3.33,-65.0000,3.38,2
600251,冠农股份,2013-03-31,3,1384.9190,3.82,0.0000,3.82,3
600436,片仔癀,2013-03-31,1,79.9740,0.57,79.9740,0.00,0
600029,南方航空,2013-03-31,1,7882.9500,0.80,-117.0500,0.81,1
600546,山煤国际,2013-03-31,3,4049.9900,4.09,-250.0000,4.34,3
600352,浙江龙盛,2013-03-31,1,1917.4100,1.31,-82.5600,1.36,1
600485,中创信测,2013-03-31,1,153.3340,1.11,-57.0000,1.52,1
600348,阳泉煤业,2013-03-31,1,800.1320,0.33,800.1320,0.00,0
600406,国电南瑞,2013-03-31,1,3222.4000,2.05,913.0600,1.47,1
600325,华发股份,2013-03-31,2,3682.1250,4.51,866.2850,3.45,1
600438,通威股份,2013-03-31,1,704.3410,1.02,0.0000,1.02,1
600467,好当家,2013-03-31,2,2287.1500,3.13,-1005.8500,4.51,3
600976,武汉健民,2013-03-31,1,500.0000,3.26,0.0000,3.26,1
600114,东睦股份,2013-03-31,1,299.1920,1.53,299.1920,0.00,0
600993,马应龙,2013-03-31,1,1090.0000,3.29,-569.0840,5.00,2
600967,北方创业,2013-03-31,1,500.0530,2.19,0.0000,2.19,1
600997,开滦股份,2013-03-31,1,502.8540,0.41,0.0000,0.41,1
600995,文山电力,2013-03-31,1,475.5580,0.99,0.0000,0.99,1
600420,现代制药,2013-03-31,1,295.9510,1.03,-607.3020,3.14,2
002008,大族激光,2013-03-31,1,2000.0000,1.91,-249.9200,2.15,1
002022,科华生物,2013-03-31,1,1051.1900,2.14,49.9900,2.03,1
002024,苏宁云商,2013-03-31,2,12919.5500,1.75,0.0000,1.75,2
600983,合肥三洋,2013-03-31,1,785.8050,1.47,292.4110,0.93,1
002028,思源电气,2013-03-31,1,352.0580,0.80,-0.0130,0.80,1
002032,苏泊尔,2013-03-31,2,827.7040,1.30,-95.9790,1.45,2
600978,宜华木业,2013-03-31,1,779.9740,0.68,-174.1990,0.83,1
002033,丽江旅游,2013-03-31,1,151.7830,0.93,0.0000,0.93,1
002037,久联发展,2013-03-31,1,315.4130,1.54,315.4130,0.00,0
002038,双鹭药业,2013-03-31,2,1347.7330,3.54,-397.2670,4.58,2
600970,中材国际,2013-03-31,1,426.0000,0.39,-3656.0000,3.73,3
002041,登海种业,2013-03-31,1,149.9960,0.43,149.9960,0.00,0
002042,华孚色纺,2013-03-31,1,1240.0000,1.49,-1135.0000,2.85,2
601633,长城汽车,2013-03-31,1,917.2350,0.30,917.2350,0.00,0
601866,中海集运,2013-03-31,2,2265.5900,0.19,1170.7200,0.09,1
002672,东江环保,2013-03-31,2,156.2896,1.04,156.2896,0.00,0
300150,世纪瑞尔,2013-03-31,1,426.1290,3.16,426.1290,0.00,0
002051,中工国际,2013-03-31,2,1036.8480,1.63,90.4970,1.49,2
601628,中国人寿,2013-03-31,2,5250.0500,0.19,2070.1000,0.11,1
601601,中国太保,2013-03-31,2,8409.1400,0.93,8409.1400,0.00,0
002106,莱宝高科,2013-03-31,1,909.4050,1.29,0.0000,1.51,1
002626,金达威,2013-03-31,1,199.9910,1.11,199.9910,0.00,0
300105,龙源技术,2013-03-31,1,180.5600,0.63,-244.1900,1.49,1
601126,四方股份,2013-03-31,2,1069.1510,2.63,-644.3910,4.21,3
601608,中信重工,2013-03-31,1,500.0000,0.18,100.0000,0.15,1
002185,华天科技,2013-03-31,1,263.8920,0.41,263.8920,0.00,0
002140,东华科技,2013-03-31,1,270.0000,0.61,270.0000,0.00,0
002080,中材科技,2013-03-31,1,375.1230,0.94,375.1230,0.00,0
002117,东港股份,2013-03-31,1,119.9830,0.47,119.9830,0.00,0
300034,钢研高纳,2013-03-31,1,203.6190,0.96,-503.3320,3.33,2
002430,杭氧股份,2013-03-31,2,824.9930,1.02,53.5580,0.95,2
002405,四维图新,2013-03-31,1,533.7760,0.93,-525.5750,1.84,2
601965,中国汽研,2013-03-31,1,531.9840,0.83,531.9840,0.00,0
002463,沪电股份,2013-03-31,1,601.3010,0.52,-119.7560,0.62,1
002055,得润电子,2013-03-31,1,500.0000,1.21,117.1840,0.92,1
002146,荣盛发展,2013-03-31,2,3338.0700,1.78,150.0000,1.70,2
002065,东华软件,2013-03-31,1,1088.8800,1.58,350.0020,1.07,1
600048,保利地产,2013-03-31,2,16041.4700,2.25,52.6300,2.24,2
601006,大秦铁路,2013-03-31,3,38680.0600,2.60,8372.3600,2.04,2
601699,潞安环能,2013-03-31,1,1750.0000,0.76,-296.8200,0.89,1
002073,软控股份,2013-03-31,1,1041.2300,1.40,1041.2300,0.00,0
601666,平煤股份,2013-03-31,1,1270.0000,0.54,-630.0000,0.80,1
002068,黑猫股份,2013-03-31,1,899.8080,1.88,-420.0020,2.75,1
002396,星网锐捷,2013-03-31,2,425.4720,1.21,425.4720,0.00,0
601918,国投新集,2013-03-31,1,893.4030,0.48,-981.0300,1.01,2
002154,报喜鸟,2013-03-31,1,529.2200,0.88,529.2200,0.00,0
002100,天康生物,2013-03-31,1,387.7690,1.32,0.0000,1.32,1
002123,荣信股份,2013-03-31,1,428.3800,0.85,428.3800,0.00,0
300303,聚飞光电,2013-03-31,1,265.4780,1.22,265.4780,0.00,0
300016,北陆药业,2013-03-31,1,109.9930,0.72,109.9930,0.00,0
002138,顺络电子,2013-03-31,1,600.0000,1.91,600.0000,0.00,0
002152,广电运通,2013-03-31,2,3040.8390,4.88,528.8890,4.03,2
002296,辉煌科技,2013-03-31,1,128.2800,0.72,128.2800,0.00,0
002157,正邦科技,2013-03-31,2,304.6670,0.71,304.6670,0.00,0
002360,同德化工,2013-03-31,1,220.7310,1.84,0.0000,1.84,1
002583,海能达,2013-03-31,3,673.9830,2.42,125.3720,1.97,2
002209,达意隆,2013-03-31,1,250.0000,1.28,-90.0000,1.74,1
002391,长青股份,2013-03-31,1,318.5440,1.55,24.9431,1.43,3
002215,诺普信,2013-03-31,1,249.9800,0.69,249.9800,0.00,0
002226,江南化工,2013-03-31,1,243.6050,0.62,243.6050,0.00,0
601766,中国南车,2013-03-31,2,15480.1600,1.12,15480.1600,0.00,0
002221,东华能源,2013-03-31,1,179.4090,0.61,179.4090,0.00,0
002364,中恒电气,2013-03-31,2,496.0457,3.91,337.0937,1.25,1
601186,中国铁建,2013-03-31,1,6099.9900,0.49,0.0000,0.49,1
002273,水晶光电,2013-03-31,2,1394.2540,5.57,-52.0370,5.79,2
002236,大华股份,2013-03-31,2,1160.7450,2.08,528.4870,1.13,1
002372,伟星新材,2013-03-31,1,219.4380,0.87,0.0000,0.87,1
002450,康得新,2013-03-31,1,1295.2200,2.08,0.0000,2.08,1
601668,中国建筑,2013-03-31,1,26100.4000,0.87,1800.0000,0.81,1
002269,美邦服饰,2013-03-31,2,544.8980,0.54,296.7740,0.25,1
300115,长盈精密,2013-03-31,2,688.7700,2.67,688.7700,0.00,0
002266,浙富股份,2013-03-31,1,380.0000,0.63,-450.0000,1.39,1
002299,圣农发展,2013-03-31,1,2066.9800,2.27,-250.0000,2.54,1
002344,海宁皮城,2013-03-31,1,1318.4300,2.35,375.3370,1.68,1
300036,超图软件,2013-03-31,1,149.9730,1.25,-55.0000,1.71,1
002277,友阿股份,2013-03-31,1,545.6910,0.98,-619.6860,2.09,2
002292,奥飞动漫,2013-03-31,1,399.9620,0.98,399.9620,0.00,0
601117,中国化学,2013-03-31,2,3839.1500,0.78,1650.0000,0.44,1
601798,蓝科高新,2013-03-31,1,149.9930,0.47,0.0000,0.47,1
002496,辉丰股份,2013-03-31,2,336.3070,2.06,336.3070,0.00,0
002412,汉森制药,2013-03-31,1,97.0000,0.66,-104.9260,1.36,1
300171,东富龙,2013-03-31,1,188.7800,0.91,-135.4530,1.56,2
300058,蓝色光标,2013-03-31,1,1139.8700,2.87,-15.0000,2.91,1
300285,国瓷材料,2013-03-31,1,43.2950,0.69,0.0000,0.69,1
002582,好想你,2013-03-31,1,350.2510,2.37,350.2510,0.00,0
601888,中国国旅,2013-03-31,4,2083.2990,2.37,-594.9150,3.04,4
300012,华测检测,2013-03-31,1,100.0000,0.54,-125.0290,1.22,1
300007,汉威电子,2013-03-31,1,350.0000,2.97,-70.0000,3.56,1
300037,新宙邦,2013-03-31,1,327.3370,1.91,-279.2912,3.54,3
300071,华谊嘉信,2013-03-31,1,346.7050,2.23,346.7050,0.00,0
300005,探路者,2013-03-31,1,600.0000,1.70,-41.7380,1.82,1
300027,华谊兄弟,2013-03-31,1,792.6640,1.31,0.0000,1.31,1
300006,莱美药业,2013-03-31,1,225.5400,1.23,0.0000,1.23,1
002495,佳隆股份,2013-03-31,1,250.9840,0.89,-33.6860,1.01,1
002310,东方园林,2013-03-31,1,235.0000,0.78,-98.1080,1.11,1
002311,海大集团,2013-03-31,2,1794.3390,2.36,330.0030,1.93,2
300252,金信诺,2013-03-31,1,150.7540,1.40,150.7540,0.00,0
002568,百润股份,2013-03-31,1,127.5490,0.80,63.7072,0.40,1
002327,富安娜,2013-03-31,1,126.6440,0.79,0.0000,0.79,1
002325,洪涛股份,2013-03-31,1,848.4050,1.84,234.1430,1.33,1
300004,南风股份,2013-03-31,1,300.2800,1.60,79.9910,1.17,1
300014,亿纬锂能,2013-03-31,1,201.6310,1.02,201.6310,0.00,0
300019,硅宝科技,2013-03-31,1,169.0330,1.66,169.0330,0.00,0
002385,大北农,2013-03-31,1,973.3580,1.21,973.3580,0.00,0
002326,永太科技,2013-03-31,1,354.3840,1.47,-170.3550,2.18,1
300029,天龙光电,2013-03-31,1,91.4045,0.46,0.0000,0.46,1
002353,杰瑞股份,2013-03-31,1,435.9170,0.95,435.9170,0.00,0
002367,康力电梯,2013-03-31,1,889.0100,2.34,-15.4900,2.38,1
300048,合康变频,2013-03-31,1,500.0000,1.48,-300.0320,2.37,1
002566,益盛药业,2013-03-31,1,168.0000,0.76,0.0000,0.76,1
300043,星辉车模,2013-03-31,1,236.0550,1.49,27.6650,1.32,1
300057,万顺股份,2013-03-31,1,314.6190,0.75,314.6190,0.00,0
002604,龙力生物,2013-03-31,1,491.1260,2.63,491.1260,0.00,0
002439,启明星辰,2013-03-31,1,389.4620,1.88,389.4620,0.00,0
002465,海格通信,2013-03-31,1,101.0000,0.30,-90.0000,0.57,1
601369,陕鼓动力,2013-03-31,1,398.0650,0.24,-156.2350,0.34,1
002440,闰土股份,2013-03-31,1,479.8100,1.25,479.8100,0.00,0
002437,誉衡药业,2013-03-31,2,446.0300,1.59,446.0300,0.00,0
300074,华平股份,2013-03-31,2,195.4341,1.95,195.4341,0.00,0
002441,众业达,2013-03-31,1,84.7904,0.37,-161.9996,1.06,2
002444,巨星科技,2013-03-31,1,160.7510,0.32,160.7510,0.00,0
300253,卫宁软件,2013-03-31,2,398.2510,3.72,398.2510,0.00,0
300124,汇川技术,2013-03-31,1,223.9040,0.58,223.9040,0.00,0
002663,普邦园林,2013-03-31,1,428.1420,1.53,110.1750,1.14,1
300104,乐视网,2013-03-31,1,680.1930,1.63,0.0000,1.63,1
300110,华仁药业,2013-03-31,2,601.8150,2.76,23.3780,2.65,2
300305,裕兴股份,2013-03-31,1,20.0000,0.25,20.0000,0.00,0
300133,华策影视,2013-03-31,1,557.2840,1.44,557.2840,0.00,0
601098,中南传媒,2013-03-31,2,3542.0700,1.97,647.8810,1.61,2
002477,雏鹰农牧,2013-03-31,1,460.3830,0.86,58.2360,0.75,1
002479,富春环保,2013-03-31,1,510.0000,0.69,-109.7450,1.43,2
300119,瑞普生物,2013-03-31,1,398.8880,2.06,120.0030,1.45,1
002486,嘉麟杰,2013-03-31,1,300.0000,1.44,-270.3520,2.74,1
002521,齐峰新材,2013-03-31,1,183.3660,0.89,9.4080,0.84,1
002497,雅化集团,2013-03-31,1,296.2480,0.62,1.6320,0.61,1
300134,大富科技,2013-03-31,1,400.0040,1.25,400.0040,0.00,0
300130,新国都,2013-03-31,1,314.7320,2.75,-22.0390,2.95,2
002501,利源铝业,2013-03-31,2,630.5830,3.37,420.5960,1.12,1
300141,和顺电气,2013-03-31,1,216.2540,1.96,216.2540,0.00,0
300164,通源石油,2013-03-31,1,254.7500,1.61,0.0000,1.61,1
002508,老板电器,2013-03-31,1,328.8800,1.28,-60.0020,1.52,1
300154,瑞凌股份,2013-03-31,1,196.7820,0.88,196.7820,0.00,0
002503,搜于特,2013-03-31,1,429.8850,1.49,0.0000,1.49,1
300144,宋城股份,2013-03-31,1,370.9960,0.67,-80.0000,0.81,1
300289,利德曼,2013-03-31,2,279.9880,1.82,0.0000,1.82,2
300158,振东制药,2013-03-31,1,60.0000,0.21,0.0000,0.21,1
002524,光正集团,2013-03-31,1,295.2740,1.36,295.2740,0.00,0
002557,洽洽食品,2013-03-31,1,205.9360,0.61,-30.0000,0.70,1
002541,鸿路钢构,2013-03-31,1,252.8730,0.94,252.8730,0.00,0
300177,中海达,2013-03-31,1,198.9090,0.99,-130.0069,1.64,2
002551,尚荣医疗,2013-03-31,1,153.1830,0.83,153.1830,0.00,0
300216,千山药机,2013-03-31,1,130.2480,0.92,130.2480,0.00,0
300188,美亚柏科,2013-03-31,1,109.6580,0.99,-63.7976,1.56,2
300196,长海股份,2013-03-31,1,132.4330,1.10,-2.7630,1.13,1
300345,红宇新材,2013-03-31,2,215.1775,2.24,-37.0045,2.63,2
300190,维尔利,2013-03-31,2,162.4569,1.66,113.0095,0.51,1
002563,森马服饰,2013-03-31,1,52.0386,0.08,52.0386,0.00,0
002572,索菲亚,2013-03-31,1,321.4340,1.46,-69.7020,1.83,1
300210,森远股份,2013-03-31,1,123.1010,0.91,-17.5870,1.04,1
601566,九牧王,2013-03-31,4,886.5200,1.53,383.5170,0.87,2
300212,易华录,2013-03-31,1,216.2610,1.61,216.2610,0.00,0
601222,林洋电子,2013-03-31,1,160.0000,0.45,160.0000,0.00,0
300257,开山股份,2013-03-31,3,772.5830,2.70,488.6830,0.99,1
300215,电科院,2013-03-31,1,95.9903,0.53,-4.4927,0.56,1
002586,围海股份,2013-03-31,1,171.4940,0.84,171.4940,0.00,0
002589,瑞康医药,2013-03-31,1,87.2765,0.93,8.5265,0.84,1
300232,洲明科技,2013-03-31,1,180.8190,1.79,180.8190,0.00,0
002588,史丹利,2013-03-31,1,70.0000,0.41,-99.9628,1.01,2
300241,瑞丰光电,2013-03-31,2,345.3540,3.16,44.4320,2.81,2
300258,精锻科技,2013-03-31,1,271.3550,1.81,-105.4420,2.51,2
002607,亚夏汽车,2013-03-31,1,170.6080,0.97,170.6080,0.00,0
300244,迪安诊断,2013-03-31,1,123.4140,1.34,-13.7130,1.49,1
300256,星星科技,2013-03-31,1,363.0920,2.42,163.0390,1.33,1
300255,常山药业,2013-03-31,1,299.9990,1.59,299.9990,0.00,0
300273,和佳股份,2013-03-31,3,545.1750,2.73,291.6880,1.27,1
002612,朗姿股份,2013-03-31,4,498.8368,2.49,205.2058,1.47,2
002621,大连三垒,2013-03-31,1,108.1240,0.72,-70.0000,1.19,1
300274,阳光电源,2013-03-31,3,694.9520,2.15,694.9520,0.00,0
601100,恒立油缸,2013-03-31,1,354.1400,0.56,3.1400,0.56,1
002628,成都路桥,2013-03-31,1,184.3050,0.55,184.3050,0.00,0
603001,奥康国际,2013-03-31,5,1105.2010,2.76,322.1640,1.95,3
002645,华宏科技,2013-03-31,1,28.0494,0.23,28.0494,0.00,0
002649,博彦科技,2013-03-31,3,402.0545,2.68,100.3525,2.01,1
300287,飞利信,2013-03-31,1,300.7270,3.58,87.6386,2.54,2
300298,三诺生物,2013-03-31,2,100.2107,1.14,-124.9790,2.56,2
300291,华录百纳,2013-03-31,1,57.9556,0.97,-22.1018,1.33,1
300326,凯利泰,2013-03-31,1,55.6426,1.09,55.6426,0.00,0
601231,环旭电子,2013-03-31,1,200.0000,0.20,0.0000,0.20,1
002661,克明面业,2013-03-31,2,188.3366,2.27,10.0000,2.15,2
300332,天壕节能,2013-03-31,1,101.6700,0.32,101.6700,0.00,0
300302,同有科技,2013-03-31,2,74.9542,1.25,-11.0270,1.43,2
300312,邦讯技术,2013-03-31,1,58.9204,0.55,-74.7996,1.25,1
300315,掌趣科技,2013-03-31,1,260.0560,1.59,82.4380,1.09,1
603000,人民网,2013-03-31,2,134.2500,0.49,31.5580,0.37,1
300339,润和软件,2013-03-31,1,91.3707,1.19,44.6052,0.61,1
300336,新文化,2013-03-31,1,49.9952,0.52,49.9952,0.00,0
002701,奥瑞金,2013-03-31,3,441.6578,1.44,260.5778,0.59,2
002695,煌上煌,2013-03-31,2,147.6532,1.19,-158.6478,2.47,2
300349,金卡股份,2013-03-31,1,90.0000,1.50,28.9017,1.02,1
300346,南大光电,2013-03-31,2,48.3182,0.96,-110.7872,3.17,3
300354,东华测试,2013-03-31,1,90.8790,2.05,0.0000,2.05,1
300352,北信源,2013-03-31,2,59.9929,0.90,14.8427,0.68,1
