600006,东风汽车,2013-06-30,1,1200.0000,0.60,0.0000,0.60,1
600010,包钢股份,2013-06-30,1,3899.0900,0.49,300.0000,0.45,1
600028,中国石化,2013-06-30,1,7461.4500,0.06,2710.7500,0.05,1
600050,中国联通,2013-06-30,1,9860.5800,0.47,1059.5100,0.42,1
600059,古越龙山,2013-06-30,2,1446.2020,2.28,700.0080,1.18,1
600060,海信电器,2013-06-30,2,3711.8100,2.84,520.9300,2.44,2
600066,宇通客车,2013-06-30,2,2753.6400,2.16,1282.1030,2.09,2
600073,上海梅林,2013-06-30,1,870.4190,1.06,870.4190,0.00,0
600079,人福医药,2013-06-30,1,935.2980,1.90,935.2980,0.00,0
600085,同仁堂,2013-06-30,2,3288.8900,2.53,-140.9960,2.63,2
600104,上汽集团,2013-06-30,1,3865.8500,0.35,-4053.0600,0.72,2
600108,亚盛集团,2013-06-30,1,3060.5900,1.57,460.5500,1.34,1
600125,铁龙物流,2013-06-30,1,900.0230,0.69,-999.9670,1.46,1
600137,浪莎股份,2013-06-30,1,350.9110,3.61,0.0000,3.61,1
600141,兴发集团,2013-06-30,1,479.9940,1.10,0.0000,1.10,1
600149,廊坊发展,2013-06-30,1,199.9910,0.53,199.9910,0.00,0
600151,航天机电,2013-06-30,2,1149.0950,0.92,1019.4820,0.10,1
600153,建发股份,2013-06-30,2,5053.2100,2.26,-200.0000,2.35,2
600161,天坛生物,2013-06-30,1,169.9890,0.33,169.9890,0.00,0
600176,中国玻纤,2013-06-30,2,3048.9060,3.49,700.0260,2.69,1
600187,国中水务,2013-06-30,1,500.0240,0.86,0.0000,1.17,1
600195,中牧股份,2013-06-30,1,200.0000,0.51,200.0000,0.00,0
600196,复星医药,2013-06-30,1,1659.9800,0.74,0.0000,0.74,1
600197,伊力特,2013-06-30,1,500.0060,1.13,100.0090,0.91,1
600208,新湖中宝,2013-06-30,1,3442.6000,0.55,3442.6000,0.00,0
600219,南山铝业,2013-06-30,1,2215.9300,1.15,-630.8800,1.47,1
600223,鲁商置业,2013-06-30,1,1825.3000,1.82,893.2720,0.93,1
600239,云南城投,2013-06-30,1,2192.4600,2.66,-87.0600,2.77,1
600258,首旅酒店,2013-06-30,1,72.1898,0.31,-159.3212,1.00,2
600261,阳光照明,2013-06-30,2,1460.6500,2.26,260.6500,1.86,1
600266,北京城建,2013-06-30,1,568.5370,0.64,568.5370,0.00,0
600267,海正药业,2013-06-30,1,900.0000,1.07,-200.0000,1.31,1
600280,中央商场,2013-06-30,2,840.0000,2.93,380.8500,3.20,2
600285,羚锐制药,2013-06-30,2,1226.3730,3.57,926.3730,1.31,1
600292,中电远达,2013-06-30,1,310.0540,0.61,310.0540,0.00,0
600298,安琪酵母,2013-06-30,2,364.5130,1.11,150.2950,0.65,1
600309,万华化学,2013-06-30,1,1969.9300,0.91,1969.9300,0.00,0
600310,桂东电力,2013-06-30,1,207.5120,0.75,-44.5990,0.91,1
600315,上海家化,2013-06-30,1,1661.0800,2.47,788.9960,1.95,1
600316,洪都航空,2013-06-30,1,460.0990,0.64,185.8730,0.38,1
600323,南海发展,2013-06-30,1,997.2670,1.72,707.2690,0.50,1
600335,国机汽车,2013-06-30,1,500.5930,0.89,0.0000,0.89,1
600337,美克股份,2013-06-30,1,1030.0000,1.59,6.7700,1.62,1
600345,长江通信,2013-06-30,1,134.9760,0.68,134.9760,0.00,0
600351,亚宝药业,2013-06-30,1,701.8100,1.01,493.1910,0.30,1
600361,华联综超,2013-06-30,1,239.9900,0.36,0.0000,0.36,1
600366,宁波韵升,2013-06-30,1,1036.1200,2.01,664.8270,0.72,2
600383,金地集团,2013-06-30,1,6119.9900,1.37,520.0100,1.25,1
600388,龙净环保,2013-06-30,1,886.6770,2.07,886.6770,0.00,0
600389,江山股份,2013-06-30,1,390.9910,1.97,-133.0550,2.65,1
600418,江淮汽车,2013-06-30,2,4784.9700,3.72,2792.6630,1.55,2
600426,华鲁恒升,2013-06-30,1,1489.4000,1.56,172.2600,1.38,1
600486,扬农化工,2013-06-30,1,396.3870,2.30,396.3870,0.00,0
600498,烽火通信,2013-06-30,2,1059.9780,1.10,779.9780,0.58,1
600511,国药股份,2013-06-30,1,400.0030,0.84,400.0030,0.00,0
600525,长园集团,2013-06-30,2,1752.9810,2.03,1215.3570,0.62,2
600535,天士力,2013-06-30,1,1368.6300,1.33,699.3130,1.30,1
600557,康缘药业,2013-06-30,1,754.9820,1.82,243.0320,1.23,1
600559,老白干酒,2013-06-30,1,500.0000,3.57,0.0000,3.57,1
600582,天地科技,2013-06-30,4,4511.6920,3.72,1975.3320,2.09,2
600583,海油工程,2013-06-30,1,6110.4700,1.57,-489.8200,1.70,1
600596,新安股份,2013-06-30,1,717.2420,1.06,717.2420,0.00,0
600612,老凤祥,2013-06-30,1,285.2010,0.55,285.2010,0.00,0
600640,号百控股,2013-06-30,1,700.0650,1.31,400.0730,0.56,1
600649,城投控股,2013-06-30,1,1000.0500,0.33,1000.0500,0.00,0
600668,尖峰集团,2013-06-30,1,349.9960,1.02,-150.0000,1.45,1
600674,川投能源,2013-06-30,2,4814.4100,2.44,2138.0400,1.36,2
600686,金龙汽车,2013-06-30,1,900.0920,2.03,900.0920,0.00,0
600690,青岛海尔,2013-06-30,1,2669.3000,0.99,2669.3000,0.00,0
600697,欧亚集团,2013-06-30,1,254.1950,1.60,-116.1980,2.33,1
600705,中航投资,2013-06-30,1,444.4480,0.29,444.4480,0.00,0
600717,天津港,2013-06-30,1,703.2870,0.42,703.2870,0.00,0
600724,宁波富达,2013-06-30,1,1639.5900,1.13,394.9100,0.86,1
600729,重庆百货,2013-06-30,2,1827.8910,4.90,-501.6200,6.24,3
600739,辽宁成大,2013-06-30,2,2599.9800,1.91,1395.8900,0.88,1
600741,华域汽车,2013-06-30,1,1019.7200,0.39,1019.7200,0.00,0
600742,一汽富维,2013-06-30,1,491.9280,2.33,-116.5120,2.88,2
600749,西藏旅游,2013-06-30,1,140.4750,0.74,0.0000,0.74,1
600893,航空动力,2013-06-30,1,1060.6300,0.97,50.0000,0.93,1
000026,飞亚达A,2013-06-30,2,836.0120,2.13,348.1560,1.24,1
000028,国药一致,2013-06-30,2,807.7370,2.80,494.2190,1.09,1
000069,华侨城A,2013-06-30,3,25832.3800,3.55,-1390.0100,3.74,3
000401,冀东水泥,2013-06-30,1,1210.1800,0.90,432.1470,0.58,1
000418,小天鹅A,2013-06-30,2,2118.0100,3.35,718.0100,2.21,1
600754,锦江股份,2013-06-30,1,547.8680,0.91,147.8340,0.66,1
600761,安徽合力,2013-06-30,2,1650.2760,3.21,999.8840,1.27,1
600763,通策医疗,2013-06-30,1,333.0970,2.08,333.0970,0.00,0
600779,水井坊,2013-06-30,1,387.6170,0.79,0.0000,0.79,1
600785,新华百货,2013-06-30,1,217.4140,1.05,-54.3540,1.31,1
600787,中储股份,2013-06-30,2,1574.5100,1.69,246.9600,1.43,1
600795,国电电力,2013-06-30,1,7680.6000,0.45,-819.4000,0.49,1
600805,悦达投资,2013-06-30,1,2069.9000,2.43,2069.9000,0.00,0
600809,山西汾酒,2013-06-30,1,335.0000,0.39,335.0000,0.00,0
600847,万里股份,2013-06-30,1,150.0000,1.69,7.0400,1.61,1
600850,华东电脑,2013-06-30,2,385.0130,1.20,385.0130,0.00,0
600858,银座股份,2013-06-30,1,999.0000,1.92,0.0000,1.92,1
600859,王府井,2013-06-30,1,980.4920,2.12,220.1520,1.64,1
600863,内蒙华电,2013-06-30,3,7127.5800,2.76,127.5800,2.71,2
600879,航天电子,2013-06-30,1,389.9920,0.38,-160.0490,0.68,2
600884,杉杉股份,2013-06-30,1,171.8760,0.42,171.8760,0.00,0
600885,宏发股份,2013-06-30,2,539.9680,1.13,539.9680,0.00,0
600886,国投电力,2013-06-30,2,22309.3400,3.42,6574.9900,4.39,3
600887,伊利股份,2013-06-30,2,4821.3500,2.38,149.9900,2.50,2
000430,张家界,2013-06-30,2,924.5450,2.88,119.9110,2.51,2
000513,丽珠集团,2013-06-30,1,294.1220,0.99,294.1220,0.00,0
000550,江铃汽车,2013-06-30,2,1595.4100,1.85,-113.6530,1.98,2
000566,海南海药,2013-06-30,2,3026.6510,6.11,372.0200,5.36,2
000598,兴蓉投资,2013-06-30,1,400.0000,0.13,-807.4400,0.81,1
000603,盛达矿业,2013-06-30,1,114.5580,0.23,61.6458,0.10,1
000650,仁和药业,2013-06-30,1,1400.4800,1.41,1400.4800,0.00,0
000661,长春高新,2013-06-30,1,279.0000,2.12,-10.5000,2.20,1
000669,金鸿能源,2013-06-30,1,304.9680,1.13,304.9680,0.00,0
000690,宝新能源,2013-06-30,1,1000.0000,0.58,-152.7800,0.67,1
000705,浙江震元,2013-06-30,1,508.5040,3.04,508.5040,0.00,0
000708,大冶特钢,2013-06-30,1,331.5680,0.74,-58.4320,0.87,1
000716,南方食品,2013-06-30,1,244.0540,0.99,244.0540,0.00,0
000718,苏宁环球,2013-06-30,1,1899.9700,0.93,1899.9700,0.00,0
000729,燕京啤酒,2013-06-30,1,2279.5500,0.81,2279.5500,0.00,0
000731,四川美丰,2013-06-30,2,1730.3180,2.93,950.1230,1.34,1
000748,长城信息,2013-06-30,1,583.8110,1.55,583.8110,0.00,0
000758,中色股份,2013-06-30,1,269.1350,0.27,269.1350,0.00,0
000761,本钢板材,2013-06-30,1,345.0040,0.11,345.0040,0.00,0
000778,新兴铸管,2013-06-30,1,581.4410,0.30,0.0000,0.30,1
000780,平庄能源,2013-06-30,1,179.4030,0.18,179.4030,0.00,0
000786,北新建材,2013-06-30,4,3314.0990,5.76,870.5800,4.25,3
000823,超声电子,2013-06-30,1,254.7450,0.58,50.0000,0.46,1
000825,太钢不锈,2013-06-30,1,934.8150,0.16,934.8150,0.00,0
000848,承德露露,2013-06-30,1,958.0000,2.39,-72.0000,2.57,1
000876,新希望,2013-06-30,1,1000.0000,0.58,-1900.2100,1.67,2
000880,潍柴重机,2013-06-30,1,707.7460,2.56,47.0110,2.39,1
000887,中鼎股份,2013-06-30,1,987.8170,0.92,987.8170,0.00,0
000888,峨眉山A,2013-06-30,2,826.2030,3.51,114.1070,3.03,2
000895,双汇发展,2013-06-30,1,1000.0000,0.45,-304.9910,1.19,2
000902,中国服装,2013-06-30,1,454.2020,1.76,289.9760,0.64,1
000910,大亚科技,2013-06-30,1,1000.0000,1.90,0.0000,1.90,1
000915,山大华特,2013-06-30,2,753.7960,4.18,376.0340,2.10,1
000919,金陵药业,2013-06-30,1,420.3690,0.83,-947.0230,2.71,2
000920,南方汇通,2013-06-30,1,219.3110,0.52,219.3110,0.00,0
000926,福星股份,2013-06-30,1,889.9880,1.25,49.9940,1.18,1
000927,一汽夏利,2013-06-30,2,3310.2100,2.08,-1000.0000,2.70,2
000937,冀中能源,2013-06-30,1,650.0000,0.28,0.0000,0.28,1
000960,锡业股份,2013-06-30,1,400.9040,0.35,400.9040,0.00,0
000963,华东医药,2013-06-30,1,1150.9600,2.65,12.9600,2.62,1
000968,煤气化,2013-06-30,1,230.7580,0.45,0.0000,0.45,1
000987,广州友谊,2013-06-30,1,295.0480,0.82,0.0000,0.82,1
000998,隆平高科,2013-06-30,2,917.3090,2.21,500.0010,1.00,1
000999,华润三九,2013-06-30,1,575.7580,0.59,7.1100,0.58,1
600521,华海药业,2013-06-30,1,719.6780,0.92,-86.1570,1.47,1
600575,芜湖港,2013-06-30,2,6494.8600,2.67,2445.9100,3.33,2
600004,白云机场,2013-06-30,1,584.7980,0.51,584.7980,0.00,0
600251,冠农股份,2013-06-30,2,786.6770,2.17,-598.2420,3.82,3
600436,片仔癀,2013-06-30,1,101.9570,0.73,21.9830,0.57,1
600029,南方航空,2013-06-30,1,6981.3800,0.71,-901.5700,0.80,1
600546,山煤国际,2013-06-30,3,3649.0530,3.68,-400.9370,4.09,3
600485,中创信测,2013-06-30,1,153.3340,1.11,0.0000,1.11,1
600348,阳泉煤业,2013-06-30,1,880.1250,0.37,79.9930,0.33,1
600507,方大特钢,2013-06-30,1,209.8300,0.16,209.8300,0.00,0
600406,国电南瑞,2013-06-30,1,3684.5200,1.67,462.1200,2.05,1
600184,光电股份,2013-06-30,1,182.5840,0.87,182.5840,0.00,0
600527,江南高纤,2013-06-30,1,3000.9300,3.74,3000.9300,0.00,0
600325,华发股份,2013-06-30,4,5065.1270,6.20,1383.0020,4.51,2
600467,好当家,2013-06-30,1,1088.8000,1.49,-1198.3500,3.13,2
600976,武汉健民,2013-06-30,1,400.0000,2.61,-100.0000,3.26,1
600114,东睦股份,2013-06-30,2,198.5220,0.97,-100.6700,1.53,1
600993,马应龙,2013-06-30,1,1090.0000,3.29,0.0000,3.29,1
600967,北方创业,2013-06-30,1,1000.1100,2.19,500.0570,2.19,1
600997,开滦股份,2013-06-30,1,226.5380,0.18,-276.3160,0.41,1
600995,文山电力,2013-06-30,1,113.4500,0.24,-362.1080,0.99,1
002004,华邦颖泰,2013-06-30,1,699.9220,1.23,699.9220,0.00,0
002008,大族激光,2013-06-30,1,700.0760,0.67,-1299.9240,1.91,1
002011,盾安环境,2013-06-30,1,838.9830,1.00,838.9830,0.00,0
002020,京新药业,2013-06-30,1,181.4100,0.72,181.4100,0.00,0
002023,海特高新,2013-06-30,1,356.7990,1.06,356.7990,0.00,0
002024,苏宁云商,2013-06-30,2,11919.5500,1.61,-1000.0000,1.75,2
002029,七匹狼,2013-06-30,4,2778.5430,3.68,2778.5430,0.00,0
002033,丽江旅游,2013-06-30,1,177.3180,0.83,25.5350,0.93,1
002037,久联发展,2013-06-30,1,660.9320,2.02,345.5190,1.54,1
002038,双鹭药业,2013-06-30,2,1549.3110,3.39,201.5780,3.54,2
002041,登海种业,2013-06-30,1,149.9960,0.43,0.0000,0.43,1
002048,宁波华翔,2013-06-30,1,300.0060,0.57,300.0060,0.00,0
002049,同方国芯,2013-06-30,1,179.9840,0.59,179.9840,0.00,0
601633,长城汽车,2013-06-30,1,760.1030,0.25,-157.1320,0.30,1
002672,东江环保,2013-06-30,2,279.3970,1.24,123.1074,1.04,2
300150,世纪瑞尔,2013-06-30,1,801.3720,2.97,375.2430,3.16,1
002051,中工国际,2013-06-30,2,1036.8480,1.63,0.0000,1.63,2
601628,中国人寿,2013-06-30,2,5211.0600,0.18,-38.9900,0.19,2
601601,中国太保,2013-06-30,1,4458.1000,0.49,-3951.0400,0.93,2
002106,莱宝高科,2013-06-30,2,1324.2020,1.88,414.7970,1.29,1
002626,金达威,2013-06-30,1,309.9840,1.72,109.9930,1.11,1
300026,红日药业,2013-06-30,1,300.0000,0.80,300.0000,0.00,0
601333,广深铁路,2013-06-30,1,5103.3400,0.72,5103.3400,0.00,0
601126,四方股份,2013-06-30,1,288.3500,0.71,-780.8010,2.63,2
002267,陕天然气,2013-06-30,1,189.9880,0.19,189.9880,0.00,0
002153,石基信息,2013-06-30,1,228.9910,0.74,228.9910,0.00,0
002063,远光软件,2013-06-30,1,529.3560,1.15,529.3560,0.00,0
002338,奥普光电,2013-06-30,1,200.0000,1.67,200.0000,0.00,0
002206,海利得,2013-06-30,1,302.9900,0.68,302.9900,0.00,0
601158,重庆水务,2013-06-30,3,4144.6990,0.86,4144.6990,0.00,0
002080,中材科技,2013-06-30,1,1264.9400,3.16,889.8170,0.94,1
002430,杭氧股份,2013-06-30,1,489.9880,0.60,-335.0050,1.02,2
601965,中国汽研,2013-06-30,1,781.9820,1.22,249.9980,0.83,1
002055,得润电子,2013-06-30,2,1012.6040,2.44,512.6040,1.21,1
002146,荣盛发展,2013-06-30,2,3438.0700,1.83,100.0000,1.78,2
002065,东华软件,2013-06-30,1,1098.8800,1.59,10.0000,1.58,1
600048,保利地产,2013-06-30,2,15919.2100,2.23,-122.2600,2.25,2
601006,大秦铁路,2013-06-30,2,30244.8000,2.03,-8435.2600,2.60,3
002089,新海宜,2013-06-30,1,157.0500,0.35,157.0500,0.00,0
002073,软控股份,2013-06-30,1,1241.2200,1.67,199.9900,1.40,1
601666,平煤股份,2013-06-30,1,870.0000,0.37,-400.0000,0.54,1
002068,黑猫股份,2013-06-30,1,709.8080,1.48,-190.0000,1.88,1
002396,星网锐捷,2013-06-30,1,274.8530,0.78,-150.6190,1.21,2
601918,国投新集,2013-06-30,1,893.4030,0.48,0.0000,0.48,1
002081,金螳螂,2013-06-30,1,1297.6800,1.11,1297.6800,0.00,0
002100,天康生物,2013-06-30,2,1003.7620,2.62,615.9930,1.32,1
002104,恒宝股份,2013-06-30,1,399.9920,0.91,399.9920,0.00,0
002349,精华制药,2013-06-30,1,95.0000,0.48,95.0000,0.00,0
002123,荣信股份,2013-06-30,1,428.3800,0.85,0.0000,0.85,1
300016,北陆药业,2013-06-30,2,319.4500,1.05,209.4570,0.72,1
002138,顺络电子,2013-06-30,1,600.0000,1.83,0.0000,1.91,1
002371,七星电子,2013-06-30,1,165.4960,0.47,165.4960,0.00,0
002148,北纬通信,2013-06-30,1,317.1240,2.80,317.1240,0.00,0
002152,广电运通,2013-06-30,2,4220.6700,5.65,1179.8310,4.88,2
002296,辉煌科技,2013-06-30,1,206.7530,1.16,78.4730,0.72,1
002157,正邦科技,2013-06-30,1,479.9910,1.11,175.3240,0.71,2
002304,洋河股份,2013-06-30,1,450.6740,0.42,450.6740,0.00,0
002583,海能达,2013-06-30,1,332.7580,1.20,-341.2250,2.42,3
601238,广汽集团,2013-06-30,1,601.2080,0.09,601.2080,0.00,0
002391,长青股份,2013-06-30,1,334.6400,1.59,16.0960,1.55,1
002226,江南化工,2013-06-30,2,659.9960,1.67,416.3910,0.62,1
601766,中国南车,2013-06-30,1,10099.0000,0.73,-5381.1600,1.12,2
002364,中恒电气,2013-06-30,2,987.6790,3.88,491.6333,3.91,2
002273,水晶光电,2013-06-30,2,1821.5340,4.85,427.2800,5.57,2
002550,千红制药,2013-06-30,1,122.2200,0.76,122.2200,0.00,0
002236,大华股份,2013-06-30,2,2226.9700,1.94,1066.2250,2.08,2
002372,伟星新材,2013-06-30,1,407.2460,1.24,187.8080,0.87,1
002450,康得新,2013-06-30,2,3655.0000,3.90,2359.7800,2.08,1
002255,海陆重工,2013-06-30,1,299.9930,1.16,299.9930,0.00,0
002322,理工监测,2013-06-30,1,144.7320,0.51,144.7320,0.00,0
300054,鼎龙股份,2013-06-30,2,559.9690,2.06,559.9690,0.00,0
002271,东方雨虹,2013-06-30,2,1129.5140,3.29,1129.5140,0.00,0
002269,美邦服饰,2013-06-30,2,519.8430,0.52,-25.0550,0.54,2
300015,爱尔眼科,2013-06-30,1,352.7540,0.82,352.7540,0.00,0
002299,圣农发展,2013-06-30,1,2066.9800,2.27,0.0000,2.27,1
002344,海宁皮城,2013-06-30,2,3905.9930,3.49,2587.5630,2.35,1
300036,超图软件,2013-06-30,1,198.6670,1.66,48.6940,1.25,1
002277,友阿股份,2013-06-30,2,961.5350,1.72,415.8440,0.98,1
002292,奥飞动漫,2013-06-30,1,659.9830,1.07,260.0210,0.98,1
002294,信立泰,2013-06-30,1,230.7660,0.35,230.7660,0.00,0
601117,中国化学,2013-06-30,4,10150.3500,2.06,6311.2000,0.78,2
002496,辉丰股份,2013-06-30,2,703.3190,2.87,367.0120,2.06,2
300171,东富龙,2013-06-30,1,128.7800,0.62,-60.0000,0.91,1
300058,蓝色光标,2013-06-30,1,1109.8700,2.76,-30.0000,2.87,1
300285,国瓷材料,2013-06-30,1,8.9981,0.14,-34.2969,0.69,1
002582,好想你,2013-06-30,1,350.2510,2.37,0.0000,2.37,1
601888,中国国旅,2013-06-30,3,1524.0060,1.73,-559.2930,2.37,4
601989,中国重工,2013-06-30,1,4510.0000,0.31,4510.0000,0.00,0
002305,南国置业,2013-06-30,1,599.9840,0.62,599.9840,0.00,0
300071,华谊嘉信,2013-06-30,1,296.7050,1.91,-50.0000,2.23,1
300027,华谊兄弟,2013-06-30,1,792.6640,1.31,0.0000,1.31,1
300006,莱美药业,2013-06-30,1,302.2670,1.65,76.7270,1.23,1
300009,安科生物,2013-06-30,1,189.2490,0.78,189.2490,0.00,0
002311,海大集团,2013-06-30,2,3012.6100,3.05,1218.2710,2.36,2
300252,金信诺,2013-06-30,1,150.7540,1.40,0.0000,1.40,1
002324,普利特,2013-06-30,1,256.1140,0.95,256.1140,0.00,0
002327,富安娜,2013-06-30,1,256.2820,0.80,129.6380,0.79,1
002318,久立特材,2013-06-30,1,300.2020,0.96,300.2020,0.00,0
002317,众生药业,2013-06-30,1,451.5820,1.25,451.5820,0.00,0
002325,洪涛股份,2013-06-30,1,1272.6100,1.84,424.2050,1.84,1
300004,南风股份,2013-06-30,1,200.2100,1.06,-100.0700,1.60,1
300017,网宿科技,2013-06-30,1,268.2490,1.73,268.2490,0.00,0
002385,大北农,2013-06-30,1,1845.7100,1.15,872.3520,1.21,1
002326,永太科技,2013-06-30,1,252.9050,1.05,-101.4790,1.47,1
002335,科华恒盛,2013-06-30,1,99.9913,0.45,99.9913,0.00,0
300029,天龙光电,2013-06-30,1,91.4045,0.46,0.0000,0.46,1
002353,杰瑞股份,2013-06-30,1,420.6920,0.70,-15.2250,0.95,1
002367,康力电梯,2013-06-30,2,1095.7970,2.88,206.7870,2.34,1
300048,合康变频,2013-06-30,1,379.2140,1.12,-120.7860,1.48,1
002566,益盛药业,2013-06-30,1,168.0000,0.76,0.0000,0.76,1
300043,星辉车模,2013-06-30,1,334.0830,1.38,98.0280,1.49,1
300050,世纪鼎利,2013-06-30,1,181.9090,0.84,181.9090,0.00,0
002630,华西能源,2013-06-30,2,487.1040,2.92,487.1040,0.00,0
601669,中国水电,2013-06-30,1,3455.9700,0.36,3455.9700,0.00,0
002410,广联达,2013-06-30,1,527.9110,0.98,527.9110,0.00,0
002604,龙力生物,2013-06-30,1,703.4610,2.90,212.3350,2.63,1
300059,东方财富,2013-06-30,1,895.0820,1.33,895.0820,0.00,0
002439,启明星辰,2013-06-30,1,401.9620,1.94,12.5000,1.88,1
002456,欧菲光,2013-06-30,1,241.8760,0.52,241.8760,0.00,0
002440,闰土股份,2013-06-30,1,479.8100,1.25,0.0000,1.25,1
002437,誉衡药业,2013-06-30,2,628.9390,2.25,182.9090,1.59,2
300080,新大新材,2013-06-30,1,726.7940,1.45,726.7940,0.00,0
300074,华平股份,2013-06-30,2,511.3180,2.32,315.8839,1.95,2
002441,众业达,2013-06-30,1,60.0000,0.26,-24.7904,0.37,1
002444,巨星科技,2013-06-30,1,160.7510,0.32,0.0000,0.32,1
002466,天齐锂业,2013-06-30,1,32.3676,0.22,32.3676,0.00,0
300086,康芝药业,2013-06-30,1,348.3110,1.74,348.3110,0.00,0
002449,国星光电,2013-06-30,1,229.9960,0.53,229.9960,0.00,0
300090,盛运股份,2013-06-30,1,299.9970,1.18,299.9970,0.00,0
300253,卫宁软件,2013-06-30,1,161.9750,1.51,-236.2760,3.72,2
002663,普邦园林,2013-06-30,1,360.0000,0.64,-68.1420,1.53,1
300110,华仁药业,2013-06-30,4,1562.8910,3.58,961.0760,2.76,2
002470,金正大,2013-06-30,1,299.3770,0.43,299.3770,0.00,0
300305,裕兴股份,2013-06-30,1,54.0000,0.38,34.0000,0.25,1
300133,华策影视,2013-06-30,1,530.3250,0.91,-26.9590,1.44,1
601098,中南传媒,2013-06-30,3,4309.7190,2.40,767.6490,1.97,2
002477,雏鹰农牧,2013-06-30,2,820.4420,1.54,360.0590,0.86,1
300119,瑞普生物,2013-06-30,1,200.0000,1.03,-198.8880,2.06,1
002486,嘉麟杰,2013-06-30,1,600.0000,1.44,300.0000,1.44,1
002482,广田股份,2013-06-30,2,750.9540,1.46,750.9540,0.00,0
002497,雅化集团,2013-06-30,1,393.8580,0.82,97.6100,0.62,1
300134,大富科技,2013-06-30,1,400.0040,1.25,0.0000,1.25,1
300130,新国都,2013-06-30,1,384.2610,3.36,69.5290,2.75,1
601928,凤凰传媒,2013-06-30,1,1449.9800,0.57,1449.9800,0.00,0
002501,利源铝业,2013-06-30,2,942.5430,2.01,311.9600,3.37,2
300141,和顺电气,2013-06-30,1,277.6580,1.68,61.4040,1.96,1
300164,通源石油,2013-06-30,1,382.1250,1.61,127.3750,1.61,1
002508,老板电器,2013-06-30,1,328.8800,1.28,0.0000,1.28,1
002503,搜于特,2013-06-30,1,644.8280,1.49,214.9430,1.49,1
002509,天广消防,2013-06-30,2,458.0610,1.15,458.0610,0.00,0
300144,宋城股份,2013-06-30,1,370.9960,0.66,0.0000,0.67,1
002507,涪陵榨菜,2013-06-30,2,485.9970,3.14,485.9970,0.00,0
300289,利德曼,2013-06-30,2,279.9880,1.82,0.0000,1.82,2
002524,光正集团,2013-06-30,1,1285.6000,2.55,990.3260,1.36,1
300147,香雪制药,2013-06-30,1,1000.0300,2.55,1000.0300,0.00,0
002532,新界泵业,2013-06-30,1,42.1399,0.26,42.1399,0.00,0
002702,海欣食品,2013-06-30,1,20.0000,0.14,20.0000,0.00,0
300165,天瑞仪器,2013-06-30,1,75.4583,0.49,75.4583,0.00,0
300159,新研股份,2013-06-30,2,326.2770,1.81,326.2770,0.00,0
002557,洽洽食品,2013-06-30,1,165.9360,0.49,-40.0000,0.61,1
300177,中海达,2013-06-30,3,487.6220,2.42,288.7130,0.99,1
002551,尚荣医疗,2013-06-30,1,143.0230,0.78,-10.1600,0.83,1
300182,捷成股份,2013-06-30,1,191.9810,0.86,191.9810,0.00,0
300188,美亚柏科,2013-06-30,1,100.3900,0.45,-9.2680,0.99,1
300345,红宇新材,2013-06-30,2,215.1775,2.24,0.0000,2.24,2
002698,博实股份,2013-06-30,1,99.9822,0.25,99.9822,0.00,0
002563,森马服饰,2013-06-30,1,52.0386,0.08,0.0000,0.08,1
002564,张化机,2013-06-30,1,167.4720,0.45,167.4720,0.00,0
002572,索菲亚,2013-06-30,1,642.8680,1.46,321.4340,1.46,1
300206,理邦仪器,2013-06-30,1,124.0870,0.95,124.0870,0.00,0
300210,森远股份,2013-06-30,2,196.9123,1.46,73.8113,0.91,1
601566,九牧王,2013-06-30,4,979.0840,1.69,92.5640,1.53,4
300212,易华录,2013-06-30,1,400.0000,1.49,183.7390,1.61,1
300257,开山股份,2013-06-30,2,1200.6170,2.80,428.0340,2.70,3
300217,东方电热,2013-06-30,1,661.5070,3.35,661.5070,0.00,0
300228,富瑞特装,2013-06-30,1,389.9390,2.91,389.9390,0.00,0
300224,正海磁材,2013-06-30,3,484.8413,2.02,484.8413,0.00,0
601311,骆驼股份,2013-06-30,1,546.1270,0.64,546.1270,0.00,0
002586,围海股份,2013-06-30,2,418.6140,1.37,247.1200,0.84,1
002589,瑞康医药,2013-06-30,1,250.2580,2.67,162.9815,0.93,1
300258,精锻科技,2013-06-30,1,348.0500,1.93,76.6950,1.81,1
300244,迪安诊断,2013-06-30,1,129.9730,1.09,6.5590,1.34,1
300255,常山药业,2013-06-30,1,299.9990,1.59,0.0000,1.59,1
002618,丹邦科技,2013-06-30,1,99.9925,0.62,99.9925,0.00,0
300273,和佳股份,2013-06-30,1,557.6710,1.27,12.4960,2.73,3
002612,朗姿股份,2013-06-30,2,203.6350,1.02,-295.2018,2.49,4
300274,阳光电源,2013-06-30,2,935.4440,2.90,240.4920,2.15,3
601100,恒立油缸,2013-06-30,1,318.5640,0.51,-35.5760,0.56,1
002628,成都路桥,2013-06-30,1,199.9930,0.60,15.6880,0.55,1
603001,奥康国际,2013-06-30,4,871.0620,2.17,-234.1390,2.76,5
002645,华宏科技,2013-06-30,1,28.0494,0.23,0.0000,0.23,1
002638,勤上光电,2013-06-30,1,720.9720,1.92,720.9720,0.00,0
002649,博彦科技,2013-06-30,2,324.4170,2.16,-77.6375,2.68,3
300287,飞利信,2013-06-30,1,506.8420,4.02,206.1150,3.58,1
300298,三诺生物,2013-06-30,1,65.3161,0.49,-34.8946,1.14,2
300326,凯利泰,2013-06-30,1,82.5000,1.07,26.8574,1.09,1
601231,环旭电子,2013-06-30,2,392.1730,0.39,192.1730,0.20,1
002661,克明面业,2013-06-30,3,231.2262,2.78,42.8896,2.27,2
300302,同有科技,2013-06-30,2,75.6542,1.26,0.7000,1.25,2
300315,掌趣科技,2013-06-30,1,250.1980,0.69,-9.8580,1.59,1
603000,人民网,2013-06-30,1,110.3000,0.40,-23.9500,0.49,2
603366,日出东方,2013-06-30,1,199.9730,0.50,199.9730,0.00,0
300336,新文化,2013-06-30,1,102.0770,1.06,52.0818,0.52,1
002701,奥瑞金,2013-06-30,2,319.9950,1.04,-121.6628,1.44,3
002695,煌上煌,2013-06-30,1,134.5150,1.09,-13.1382,1.19,2
300346,南大光电,2013-06-30,1,72.0713,0.72,23.7531,0.96,2
300354,东华测试,2013-06-30,1,136.3180,2.05,45.4390,2.05,1
300352,北信源,2013-06-30,2,255.3400,1.91,195.3471,0.90,2
603766,隆鑫通用,2013-06-30,1,359.9790,0.45,359.9790,0.00,0
