600007,中国国贸,2009-12-31,1,403.9890,0.40,403.9890,0.00,0
600010,包钢股份,2009-12-31,1,1191.7800,0.19,399.9970,0.12,1
600012,皖通高速,2009-12-31,1,399.9970,0.24,0.0000,0.24,1
600019,宝钢股份,2009-12-31,4,22689.4400,1.30,-6295.7500,1.66,4
600059,古越龙山,2009-12-31,5,1887.5880,3.38,354.7850,2.74,3
600062,华润双鹤,2009-12-31,1,309.9960,0.54,309.9960,0.00,0
600066,宇通客车,2009-12-31,2,1871.4410,3.60,-0.6000,3.60,2
600070,浙江富润,2009-12-31,1,43.2800,0.31,43.2800,0.00,0
600096,云天化,2009-12-31,1,239.8840,0.41,239.8840,0.00,0
600097,开创国际,2009-12-31,1,259.5160,1.28,0.0000,1.28,1
600098,广州发展,2009-12-31,1,400.1330,0.19,400.1330,0.00,0
600106,重庆路桥,2009-12-31,1,248.5100,0.60,248.5100,0.00,0
600107,美尔雅,2009-12-31,1,61.1190,0.17,0.0000,0.17,1
600118,中国卫星,2009-12-31,1,369.7830,1.05,0.0000,1.05,1
600138,中青旅,2009-12-31,1,550.9150,1.33,0.0000,1.33,1
600159,大龙地产,2009-12-31,2,907.4400,2.19,907.4400,0.00,0
600161,天坛生物,2009-12-31,2,356.6770,0.73,256.6770,0.20,1
600168,武汉控股,2009-12-31,1,94.2603,0.21,94.2603,0.00,0
600176,中国玻纤,2009-12-31,1,550.0010,1.29,-250.0080,1.87,2
600178,东安动力,2009-12-31,1,467.8700,1.01,467.8700,0.00,0
600183,生益科技,2009-12-31,1,586.2290,0.61,-123.7700,0.74,1
600187,国中水务,2009-12-31,1,83.8400,0.26,-3.9200,0.27,1
600188,兖州煤业,2009-12-31,1,300.0070,0.06,0.0000,0.06,1
600189,吉林森工,2009-12-31,1,646.2310,2.08,646.2310,0.00,0
600196,复星医药,2009-12-31,2,1669.7670,1.35,-3.1800,1.35,2
600231,凌钢股份,2009-12-31,2,1697.6100,2.11,193.9400,1.87,2
600242,中昌海运,2009-12-31,1,48.8800,0.28,-63.8700,0.65,1
600247,成城股份,2009-12-31,1,68.9000,0.20,68.9000,0.00,0
600261,阳光照明,2009-12-31,1,490.7380,1.96,490.7380,0.00,0
600283,钱江水利,2009-12-31,1,500.0100,1.75,0.0000,1.75,1
600285,羚锐制药,2009-12-31,2,909.9980,4.53,909.9980,0.00,0
600297,美罗药业,2009-12-31,1,69.8800,0.20,69.8800,0.00,0
600306,商业城,2009-12-31,1,250.0050,1.40,250.0050,0.00,0
600312,平高电气,2009-12-31,1,810.7480,1.19,810.7480,0.00,0
600323,南海发展,2009-12-31,2,725.6903,2.68,124.7453,2.22,1
600339,天利高新,2009-12-31,1,182.4390,0.35,182.4390,0.00,0
600350,山东高速,2009-12-31,1,300.0000,0.09,-312.5900,0.18,2
600355,精伦电子,2009-12-31,1,109.0600,0.44,51.3800,0.23,1
600362,江西铜业,2009-12-31,1,249.9950,0.08,249.9950,0.00,0
600388,龙净环保,2009-12-31,2,350.0830,1.68,350.0830,0.00,0
600395,盘江股份,2009-12-31,1,701.1720,0.64,-39.1900,0.67,1
600397,安源煤业,2009-12-31,3,956.6510,3.55,188.9680,2.85,3
600416,湘电股份,2009-12-31,1,239.1850,1.02,239.1850,0.00,0
600456,宝钛股份,2009-12-31,1,158.7150,0.37,158.7150,0.00,0
600458,时代新材,2009-12-31,1,268.2280,1.31,268.2280,0.00,0
600499,科达机电,2009-12-31,1,918.7490,2.03,-0.0010,2.03,1
600518,康美药业,2009-12-31,1,2516.1500,1.49,846.0500,0.99,1
600529,山东药玻,2009-12-31,1,453.5290,1.76,-518.3440,3.78,2
600550,天威保变,2009-12-31,1,419.9160,0.36,419.9160,0.00,0
600580,卧龙电气,2009-12-31,1,475.6560,1.67,0.0000,1.68,1
600585,海螺水泥,2009-12-31,1,849.2560,0.48,-1105.0820,1.11,2
600586,金晶科技,2009-12-31,1,602.3910,1.02,602.3910,0.00,0
600588,用友软件,2009-12-31,5,3921.6060,6.25,554.6750,5.55,5
600595,中孚实业,2009-12-31,1,253.3320,0.39,253.3320,0.00,0
600616,金枫酒业,2009-12-31,1,291.4820,0.80,-108.5180,1.09,1
600642,申能股份,2009-12-31,1,951.1010,0.33,951.1010,0.00,0
600662,强生控股,2009-12-31,7,3641.4900,4.48,2896.7430,0.92,2
600694,大商股份,2009-12-31,2,852.0160,2.90,852.0160,0.00,0
600702,沱牌舍得,2009-12-31,1,234.1580,0.69,234.1580,0.00,0
600703,三安光电,2009-12-31,1,275.2740,0.99,154.2830,0.44,1
600717,天津港,2009-12-31,2,1378.4740,0.82,594.5860,0.47,1
600718,东软集团,2009-12-31,1,559.9200,0.59,0.0000,0.59,1
600725,云维股份,2009-12-31,1,167.9700,0.49,3.9940,0.57,1
600726,华电能源,2009-12-31,1,503.2220,0.26,0.0000,0.37,1
600737,中粮屯河,2009-12-31,1,659.8230,0.66,0.0000,0.66,1
600742,一汽富维,2009-12-31,1,423.7770,2.00,149.7860,1.30,1
600897,厦门空港,2009-12-31,2,708.1230,2.38,196.7100,1.72,2
000001,平安银行,2009-12-31,1,3430.2800,1.10,3430.2800,0.00,0
000022,深赤湾A,2009-12-31,1,399.9980,0.62,399.9980,0.00,0
000032,深桑达A,2009-12-31,1,39.0900,0.17,39.0900,0.00,0
000045,深纺织A,2009-12-31,1,78.2000,0.32,78.2000,0.00,0
000061,农产品,2009-12-31,3,3049.6950,3.97,1549.6750,1.95,1
000078,海王生物,2009-12-31,1,64.3800,0.10,64.3800,0.00,0
000088,盐田港,2009-12-31,2,501.0120,0.40,-143.6710,0.52,2
000099,中信海直,2009-12-31,1,96.2000,0.19,96.2000,0.00,0
000150,宜华地产,2009-12-31,1,40.1800,0.12,40.1800,0.00,0
000410,沈阳机床,2009-12-31,1,197.7240,0.36,-120.4940,0.58,1
000411,英特集团,2009-12-31,2,399.9900,1.93,-200.0000,2.89,2
000423,东阿阿胶,2009-12-31,1,713.2300,1.09,713.2300,0.00,0
000428,华天酒店,2009-12-31,1,361.3480,0.65,87.8770,0.49,1
600760,*ST黑豹,2009-12-31,1,135.5900,0.50,135.5900,0.00,0
600765,中航重机,2009-12-31,1,170.0030,0.33,170.0030,0.00,0
600779,水井坊,2009-12-31,2,1091.5210,2.23,-114.3640,2.47,3
600801,华新水泥,2009-12-31,1,426.0080,1.06,0.0000,1.06,1
600812,华北制药,2009-12-31,1,758.9200,0.74,297.3000,0.45,1
600820,隧道股份,2009-12-31,2,1117.5760,1.52,-151.2800,1.73,2
600823,世茂股份,2009-12-31,3,4090.4690,3.49,-110.0000,3.59,3
600827,友谊股份,2009-12-31,1,459.9920,0.97,459.9920,0.00,0
600828,成商集团,2009-12-31,1,163.0050,0.80,163.0050,0.00,0
600859,王府井,2009-12-31,2,1356.1120,3.45,1356.1120,0.00,0
600867,通化东宝,2009-12-31,1,479.9880,1.00,0.0000,1.00,1
600869,远东电缆,2009-12-31,1,100.0000,0.83,-212.1580,2.60,1
600872,中炬高新,2009-12-31,1,2110.7300,2.91,2110.7300,0.00,0
600883,博闻科技,2009-12-31,1,137.6840,0.58,137.6840,0.00,0
600884,杉杉股份,2009-12-31,1,181.8000,0.44,-38.0000,0.54,1
600887,伊利股份,2009-12-31,3,6620.7700,8.28,174.8500,8.06,3
000488,晨鸣纸业,2009-12-31,1,1652.5800,0.80,200.0000,0.70,1
000511,银基发展,2009-12-31,1,191.6900,0.17,191.6900,0.00,0
000528,柳工,2009-12-31,2,1681.9760,2.59,-0.6000,2.59,2
000529,广弘控股,2009-12-31,1,92.2300,0.16,92.2300,0.00,0
000532,力合股份,2009-12-31,1,132.5100,0.38,132.5100,0.00,0
000538,云南白药,2009-12-31,1,436.8700,0.82,436.8700,0.00,0
000552,靖远煤电,2009-12-31,1,14.5300,0.08,14.5300,0.00,0
000572,海马汽车,2009-12-31,1,200.0000,0.19,-396.2330,0.57,1
000582,北海港,2009-12-31,2,181.8294,1.28,0.0000,1.28,2
000591,桐君阁,2009-12-31,1,64.6950,0.33,64.6950,0.00,0
000592,中福实业,2009-12-31,1,46.6100,0.08,-22.3700,0.12,1
000596,古井贡酒,2009-12-31,1,182.8930,0.78,16.9000,0.71,1
000598,兴蓉投资,2009-12-31,3,817.5240,2.70,0.0000,2.70,3
000615,湖北金环,2009-12-31,1,49.6200,0.23,49.6200,0.00,0
000617,*ST济柴,2009-12-31,1,69.3540,0.24,0.0000,0.24,1
000627,天茂集团,2009-12-31,1,300.0000,0.44,0.0000,0.44,1
000650,仁和药业,2009-12-31,1,227.2270,0.81,-77.2600,1.09,1
000651,格力电器,2009-12-31,2,4149.0800,2.21,-2635.5300,3.61,2
000656,金科股份,2009-12-31,1,433.9780,1.74,-1242.2210,6.70,3
000678,襄阳轴承,2009-12-31,1,154.2100,0.51,154.2100,0.00,0
000682,东方电子,2009-12-31,1,142.9500,0.15,0.0000,0.15,1
001696,宗申动力,2009-12-31,1,610.8990,1.02,5.8800,1.01,1
000702,正虹科技,2009-12-31,1,126.6300,0.47,126.6300,0.00,0
000712,锦龙股份,2009-12-31,1,474.1750,1.56,76.7020,1.30,1
000727,华东科技,2009-12-31,1,200.0050,0.56,200.0050,0.00,0
000729,燕京啤酒,2009-12-31,2,2547.0900,2.10,2547.0900,0.00,0
000739,普洛药业,2009-12-31,1,68.8806,0.27,68.8806,0.00,0
000751,*ST锌业,2009-12-31,2,500.0000,0.45,-69.9920,0.51,1
000758,中色股份,2009-12-31,1,467.9980,0.73,0.0000,0.73,1
000777,中核科技,2009-12-31,1,145.7820,0.72,0.0000,0.72,1
000782,美达股份,2009-12-31,1,162.9500,0.40,162.9500,0.00,0
000786,北新建材,2009-12-31,1,500.0000,0.87,500.0000,0.00,0
000789,江西水泥,2009-12-31,1,1264.5000,3.19,0.0000,3.19,1
000807,云铝股份,2009-12-31,1,461.8270,0.39,0.0000,0.39,1
000823,超声电子,2009-12-31,1,519.9970,1.18,-239.9840,1.73,1
000826,桑德环境,2009-12-31,1,477.7230,1.16,12.2620,1.13,1
000839,中信国安,2009-12-31,1,360.0000,0.23,360.0000,0.00,0
000859,国风塑业,2009-12-31,1,169.4900,0.40,169.4900,0.00,0
000860,顺鑫农业,2009-12-31,1,479.9930,1.09,-319.9820,1.82,2
000876,新希望,2009-12-31,1,379.9980,0.50,0.0000,0.50,1
000911,南宁糖业,2009-12-31,2,380.0950,1.33,-577.1430,3.34,3
000925,众合机电,2009-12-31,1,58.3149,0.21,58.3149,0.00,0
000939,凯迪电力,2009-12-31,1,323.1060,0.88,323.1060,0.00,0
000961,中南建设,2009-12-31,1,816.3760,1.05,268.8140,0.70,1
000970,中科三环,2009-12-31,2,798.6830,1.57,561.1700,0.47,1
000971,蓝鼎控股,2009-12-31,1,64.7600,0.27,64.7600,0.00,0
000987,广州友谊,2009-12-31,1,490.8890,1.37,8.1000,1.35,1
600537,亿晶光电,2009-12-31,1,536.2270,2.33,536.2270,0.00,0
600460,士兰微,2009-12-31,1,325.0500,0.80,18.0000,0.76,1
600575,芜湖港,2009-12-31,1,485.0620,1.36,485.0620,0.00,0
600004,白云机场,2009-12-31,1,2480.3800,2.16,-973.6140,3.00,3
600584,长电科技,2009-12-31,1,685.1290,0.92,685.1290,0.00,0
600423,柳化股份,2009-12-31,1,719.9840,2.70,0.0000,2.70,1
600425,青松建化,2009-12-31,1,669.3200,1.81,379.3220,0.79,1
600485,中创信测,2009-12-31,1,297.4300,2.18,0.0000,2.18,1
600489,中金黄金,2009-12-31,1,503.1500,0.64,-54.9200,0.71,1
600487,亨通光电,2009-12-31,1,275.1600,1.66,-156.1650,2.60,1
600547,山东黄金,2009-12-31,1,574.8070,0.81,-276.0210,1.20,2
600449,宁夏建材,2009-12-31,1,140.0000,0.72,-228.7410,1.89,2
600432,吉恩镍业,2009-12-31,1,271.9900,0.36,-320.0000,0.78,1
600406,国电南瑞,2009-12-31,1,309.0940,1.21,309.0940,0.00,0
600527,江南高纤,2009-12-31,1,420.9990,1.20,420.9990,0.00,0
600035,楚天高速,2009-12-31,1,1354.3000,1.45,0.0000,1.45,1
600467,好当家,2009-12-31,1,599.9970,0.95,0.0000,0.95,1
600960,渤海活塞,2009-12-31,1,52.6000,0.32,52.6000,0.00,0
600993,马应龙,2009-12-31,2,618.7490,3.73,-122.7630,4.47,3
600495,晋西车轴,2009-12-31,2,246.2626,1.47,-255.7570,2.99,3
002009,天奇股份,2009-12-31,2,525.0560,2.38,392.4560,0.60,1
600983,合肥三洋,2009-12-31,2,488.8880,1.47,224.6060,0.79,1
002032,苏泊尔,2009-12-31,3,1153.8820,2.60,10.1330,2.58,2
002033,丽江旅游,2009-12-31,1,20.0000,0.20,20.0000,0.00,0
600970,中材国际,2009-12-31,3,1097.9200,2.60,667.2390,1.02,1
002042,华孚色纺,2009-12-31,2,491.2020,2.09,232.5060,1.10,1
601991,大唐发电,2009-12-31,4,4627.1150,0.39,-1344.6510,0.51,5
601866,中海集运,2009-12-31,1,1099.9900,0.09,-170.0000,0.11,1
601166,兴业银行,2009-12-31,1,63909.0000,12.78,0.0000,12.78,1
601628,中国人寿,2009-12-31,2,4364.3900,0.15,-3153.2700,0.27,3
002110,三钢闽光,2009-12-31,1,350.0820,0.65,-4.3250,0.66,1
002281,光迅科技,2009-12-31,1,34.3700,0.21,34.3700,0.00,0
601600,中国铝业,2009-12-31,1,1288.5800,0.10,1288.5800,0.00,0
601107,四川成渝,2009-12-31,1,102.4500,0.03,102.4500,0.00,0
002088,鲁阳股份,2009-12-31,1,417.6250,1.78,417.6250,0.00,0
002056,横店东磁,2009-12-31,1,499.9950,1.22,0.0000,1.22,1
002142,宁波银行,2009-12-31,2,7669.9500,3.07,-3060.0000,4.29,2
002080,中材科技,2009-12-31,1,172.4300,1.15,87.8500,0.56,1
002176,江特电机,2009-12-31,1,56.8800,0.52,56.8800,0.00,0
002066,瑞泰科技,2009-12-31,1,199.9850,1.73,0.0000,1.73,1
002082,栋梁新材,2009-12-31,1,187.9560,0.79,140.0360,0.20,1
002096,南岭民爆,2009-12-31,1,100.2980,0.76,100.2980,0.00,0
002064,华峰氨纶,2009-12-31,1,362.0130,0.98,362.0130,0.00,0
002208,合肥城建,2009-12-31,1,143.3330,0.90,-2.9005,0.91,2
002069,獐子岛,2009-12-31,2,256.0440,1.13,129.9880,0.56,1
002092,中泰化学,2009-12-31,1,467.6190,0.87,467.6190,0.00,0
002083,孚日股份,2009-12-31,1,590.9130,0.63,590.9130,0.00,0
002104,恒宝股份,2009-12-31,2,807.4160,2.75,0.0000,2.75,2
002121,科陆电子,2009-12-31,1,372.5860,1.55,372.5860,0.00,0
002122,天马股份,2009-12-31,1,191.5470,0.32,0.0000,0.32,1
002279,久其软件,2009-12-31,1,7.0914,0.12,7.0914,0.00,0
002170,芭田股份,2009-12-31,1,30.1300,0.10,30.1300,0.00,0
002156,通富微电,2009-12-31,2,253.1990,0.73,253.1990,0.00,0
002161,远望谷,2009-12-31,1,52.5948,0.20,52.5948,0.00,0
002288,超华科技,2009-12-31,1,13.4581,0.16,13.4581,0.00,0
002183,怡亚通,2009-12-31,1,100.0000,0.27,100.0000,0.00,0
002191,劲嘉股份,2009-12-31,1,146.4500,0.23,146.4500,0.00,0
002194,武汉凡谷,2009-12-31,1,382.9670,0.69,-99.8090,0.87,1
002204,大连重工,2009-12-31,1,213.0790,1.00,213.0790,0.00,0
002242,九阳股份,2009-12-31,2,362.9970,0.72,362.9970,0.00,0
002262,恩华药业,2009-12-31,1,143.6880,0.80,143.6880,0.00,0
002282,博深工具,2009-12-31,1,20.6000,0.12,20.6000,0.00,0
002284,亚太股份,2009-12-31,1,20.0000,0.21,20.0000,0.00,0
002277,友阿股份,2009-12-31,1,20.0000,0.10,-22.9092,0.22,1
300002,神州泰岳,2009-12-31,1,18.9976,0.15,18.9976,0.00,0
002278,神开股份,2009-12-31,1,11.4900,0.06,11.4900,0.00,0
002280,新世纪,2009-12-31,1,9.4400,0.18,9.4400,0.00,0
002294,信立泰,2009-12-31,1,25.9879,0.23,25.9879,0.00,0
300003,乐普医疗,2009-12-31,1,65.8000,0.16,65.8000,0.00,0
