600006,东风汽车,2009-09-30,2,460.3300,0.23,460.3300,0.00,0
600010,包钢股份,2009-09-30,1,791.7830,0.12,791.7830,0.00,0
600012,皖通高速,2009-09-30,1,399.9970,0.24,0.0000,0.24,1
600019,宝钢股份,2009-09-30,4,28985.1900,1.66,22416.1600,0.38,1
600059,古越龙山,2009-09-30,3,1532.8030,2.74,-395.3960,3.45,3
600066,宇通客车,2009-09-30,2,1872.0410,3.60,911.0940,1.85,1
600097,开创国际,2009-09-30,1,259.5160,1.28,259.5160,0.00,0
600107,美尔雅,2009-09-30,1,61.1190,0.17,61.1190,0.00,0
600118,中国卫星,2009-09-30,1,369.7830,1.05,369.7830,0.00,0
600125,铁龙物流,2009-09-30,2,774.4550,0.77,-788.4620,1.56,3
600138,中青旅,2009-09-30,1,550.9150,1.33,550.9150,0.00,0
600155,*ST宝硕,2009-09-30,1,113.5500,0.28,113.5500,0.00,0
600161,天坛生物,2009-09-30,1,100.0000,0.20,100.0000,0.00,0
600176,中国玻纤,2009-09-30,2,800.0090,1.87,500.0090,0.70,1
600180,瑞茂通,2009-09-30,1,75.1800,0.30,75.1800,0.00,0
600183,生益科技,2009-09-30,1,709.9990,0.74,709.9990,0.00,0
600187,国中水务,2009-09-30,1,87.7600,0.27,87.7600,0.00,0
600188,兖州煤业,2009-09-30,1,300.0070,0.06,100.0000,0.04,1
600196,复星医药,2009-09-30,2,1672.9470,1.35,1672.9470,0.00,0
600212,江泉实业,2009-09-30,1,149.4300,0.29,149.4300,0.00,0
600231,凌钢股份,2009-09-30,2,1503.6700,1.87,-539.9900,2.54,2
600233,大杨创世,2009-09-30,1,139.4160,0.84,139.4160,0.00,0
600242,中昌海运,2009-09-30,1,112.7500,0.65,112.7500,0.00,0
600262,北方股份,2009-09-30,1,19.0000,0.11,19.0000,0.00,0
600283,钱江水利,2009-09-30,1,500.0100,1.75,0.0000,1.75,1
600323,南海发展,2009-09-30,1,600.9450,2.22,-353.8140,3.52,2
600350,山东高速,2009-09-30,2,612.5900,0.18,612.5900,0.00,0
600355,精伦电子,2009-09-30,1,57.6800,0.23,57.6800,0.00,0
600360,华微电子,2009-09-30,1,225.1100,0.43,0.0000,0.43,1
600361,华联综超,2009-09-30,1,483.2910,1.00,0.0000,1.00,1
600369,西南证券,2009-09-30,1,103.9700,0.05,103.9700,0.00,0
600391,成发科技,2009-09-30,1,99.9857,0.76,99.9857,0.00,0
600395,盘江股份,2009-09-30,1,740.3620,0.67,24.8840,0.65,1
600397,安源煤业,2009-09-30,3,767.6830,2.85,767.6830,0.00,0
600499,科达机电,2009-09-30,1,918.7500,2.03,138.7500,1.75,1
600518,康美药业,2009-09-30,1,1670.1000,0.99,1670.1000,0.00,0
600523,贵航股份,2009-09-30,2,283.9970,0.98,283.9970,0.00,0
600529,山东药玻,2009-09-30,2,971.8730,3.78,-31.4420,3.90,2
600580,卧龙电气,2009-09-30,1,475.6560,1.68,138.3690,1.19,1
600585,海螺水泥,2009-09-30,2,1954.3380,1.11,425.8600,0.87,2
600588,用友软件,2009-09-30,5,3366.9310,5.55,2826.9670,0.89,1
600599,熊猫烟花,2009-09-30,1,29.9100,0.24,29.9100,0.00,0
600601,方正科技,2009-09-30,1,400.0000,0.23,400.0000,0.00,0
600616,金枫酒业,2009-09-30,1,400.0000,1.09,-681.3670,2.96,2
600630,龙头股份,2009-09-30,1,61.1243,0.14,61.1243,0.00,0
600639,浦东金桥,2009-09-30,1,230.9000,0.27,230.9000,0.00,0
600644,乐山电力,2009-09-30,1,79.9994,0.25,79.9994,0.00,0
600648,外高桥,2009-09-30,1,236.5780,0.23,236.5780,0.00,0
600655,豫园商城,2009-09-30,1,779.0670,0.98,0.0000,0.98,1
600662,强生控股,2009-09-30,2,744.7470,0.92,744.7470,0.00,0
600674,川投能源,2009-09-30,1,149.8230,0.23,0.0000,0.24,1
600690,青岛海尔,2009-09-30,1,1303.5900,0.97,1303.5900,0.00,0
600703,三安光电,2009-09-30,1,120.9910,0.44,120.9910,0.00,0
600710,常林股份,2009-09-30,1,199.9820,0.41,-0.0090,0.41,1
600717,天津港,2009-09-30,1,783.8880,0.47,783.8880,0.00,0
600718,东软集团,2009-09-30,1,559.9200,0.59,559.9200,0.00,0
600720,祁连山,2009-09-30,1,341.5900,0.72,-260.5820,1.27,1
600723,首商股份,2009-09-30,1,61.1166,0.15,61.1166,0.00,0
600725,云维股份,2009-09-30,1,163.9760,0.57,163.9760,0.00,0
600726,华电能源,2009-09-30,1,503.2220,0.37,0.0000,0.37,1
600737,中粮屯河,2009-09-30,1,659.8230,0.66,659.8230,0.00,0
600742,一汽富维,2009-09-30,1,273.9910,1.30,273.9910,0.00,0
600893,航空动力,2009-09-30,1,128.6740,0.29,-46.6830,0.40,1
600897,厦门空港,2009-09-30,2,511.4130,1.72,123.4360,1.30,2
000026,飞亚达A,2009-09-30,2,462.0160,1.85,0.0000,1.85,2
000050,深天马A,2009-09-30,1,178.7120,0.31,0.0000,0.31,1
000061,农产品,2009-09-30,1,1500.0200,1.95,300.0000,1.56,1
000088,盐田港,2009-09-30,2,644.6830,0.52,644.6830,0.00,0
000410,沈阳机床,2009-09-30,1,318.2180,0.58,0.0000,0.58,1
000411,英特集团,2009-09-30,2,599.9900,2.89,599.9900,0.00,0
000428,华天酒店,2009-09-30,1,273.4710,0.49,273.4710,0.00,0
600779,水井坊,2009-09-30,3,1205.8850,2.47,1205.8850,0.00,0
600801,华新水泥,2009-09-30,1,426.0080,1.06,0.0000,1.06,1
600805,悦达投资,2009-09-30,1,499.9910,0.92,499.9910,0.00,0
600812,华北制药,2009-09-30,1,461.6200,0.45,461.6200,0.00,0
600820,隧道股份,2009-09-30,2,1268.8560,1.73,-1641.2670,3.97,4
600823,世茂股份,2009-09-30,3,4200.4690,3.59,-200.0000,3.76,3
600866,星湖科技,2009-09-30,1,603.3060,1.16,603.3060,0.00,0
600867,通化东宝,2009-09-30,1,479.9880,1.00,245.9880,0.49,1
600869,远东电缆,2009-09-30,1,312.1580,2.60,0.0000,2.60,1
600884,杉杉股份,2009-09-30,1,219.8000,0.54,219.8000,0.00,0
600887,伊利股份,2009-09-30,3,6445.9200,8.06,5227.5500,1.52,1
000488,晨鸣纸业,2009-09-30,1,1452.5800,0.70,1452.5800,0.00,0
000528,柳工,2009-09-30,2,1682.5760,2.59,1682.5760,0.00,0
000566,海南海药,2009-09-30,1,440.1700,2.08,440.1700,0.00,0
000572,海马汽车,2009-09-30,1,596.2330,0.57,0.0000,0.57,1
000582,北海港,2009-09-30,2,181.8294,1.28,0.0000,1.28,2
000592,中福实业,2009-09-30,1,68.9800,0.12,68.9800,0.00,0
000596,古井贡酒,2009-09-30,1,165.9930,0.71,165.9930,0.00,0
000598,兴蓉投资,2009-09-30,3,817.5240,2.70,817.5240,0.00,0
000617,*ST济柴,2009-09-30,1,69.3540,0.24,11.5590,0.24,1
000627,天茂集团,2009-09-30,1,300.0000,0.44,300.0000,0.00,0
000631,顺发恒业,2009-09-30,1,74.9400,0.07,74.9400,0.00,0
000635,英力特,2009-09-30,1,263.2440,1.49,263.2440,0.00,0
000638,万方发展,2009-09-30,1,63.5000,0.41,63.5000,0.00,0
000650,仁和药业,2009-09-30,1,304.4870,1.09,304.4870,0.00,0
000651,格力电器,2009-09-30,2,6784.6100,3.61,-2150.3400,4.76,3
000655,金岭矿业,2009-09-30,1,133.9780,0.23,133.9780,0.00,0
000656,金科股份,2009-09-30,3,1676.1990,6.70,1376.2060,1.20,1
000682,东方电子,2009-09-30,1,142.9500,0.15,142.9500,0.00,0
001696,宗申动力,2009-09-30,1,605.0190,1.01,-377.3240,1.64,2
000712,锦龙股份,2009-09-30,1,397.4730,1.30,202.4800,0.64,1
000715,中兴商业,2009-09-30,1,214.9160,0.77,-0.0060,0.77,1
000751,*ST锌业,2009-09-30,1,569.9920,0.51,569.9920,0.00,0
000756,新华制药,2009-09-30,1,78.3900,0.17,78.3900,0.00,0
000758,中色股份,2009-09-30,1,467.9980,0.73,467.9980,0.00,0
000777,中核科技,2009-09-30,1,145.7820,0.72,145.7820,0.00,0
000789,江西水泥,2009-09-30,1,1264.5000,3.19,0.0000,3.19,1
000799,酒鬼酒,2009-09-30,1,229.3180,0.76,-236.1300,1.54,2
000807,云铝股份,2009-09-30,1,461.8270,0.39,461.8270,0.00,0
000816,江淮动力,2009-09-30,1,259.9990,0.31,-2320.4170,3.05,2
000822,山东海化,2009-09-30,1,592.0110,0.66,592.0110,0.00,0
000823,超声电子,2009-09-30,1,759.9810,1.73,759.9810,0.00,0
000826,桑德环境,2009-09-30,1,465.4610,1.13,465.4610,0.00,0
000829,天音控股,2009-09-30,1,580.0000,0.61,580.0000,0.00,0
000860,顺鑫农业,2009-09-30,2,799.9750,1.82,0.0000,1.83,2
000876,新希望,2009-09-30,1,379.9980,0.50,379.9980,0.00,0
000887,中鼎股份,2009-09-30,1,389.2330,0.91,389.2330,0.00,0
000893,东凌粮油,2009-09-30,1,95.9983,0.43,95.9983,0.00,0
000898,*ST鞍钢,2009-09-30,4,6885.9700,0.95,6885.9700,0.00,0
000911,南宁糖业,2009-09-30,3,957.2380,3.34,957.2380,0.00,0
000950,建峰化工,2009-09-30,1,120.5180,0.30,-225.3220,1.11,2
000951,中国重汽,2009-09-30,1,258.7440,0.62,258.7440,0.00,0
000961,中南建设,2009-09-30,1,547.5620,0.70,123.9200,0.54,1
000970,中科三环,2009-09-30,1,237.5130,0.47,237.5130,0.00,0
000987,广州友谊,2009-09-30,1,482.7890,1.35,0.0000,1.35,1
600460,士兰微,2009-09-30,1,307.0500,0.76,307.0500,0.00,0
600502,安徽水利,2009-09-30,1,674.9910,3.03,674.9910,0.00,0
600004,白云机场,2009-09-30,3,3453.9940,3.00,-1219.1170,4.06,4
600423,柳化股份,2009-09-30,1,719.9840,2.70,119.9910,2.25,1
600425,青松建化,2009-09-30,1,289.9980,0.79,0.0000,0.79,1
600485,中创信测,2009-09-30,1,297.4300,2.18,184.8060,0.82,1
600489,中金黄金,2009-09-30,1,558.0700,0.71,13.0700,0.69,1
600487,亨通光电,2009-09-30,1,431.3250,2.60,130.0000,1.81,1
600547,山东黄金,2009-09-30,2,850.8280,1.20,-102.7990,1.34,2
600449,宁夏建材,2009-09-30,2,368.7410,1.89,-178.2260,2.80,2
600432,吉恩镍业,2009-09-30,1,591.9900,0.78,591.9900,0.00,0
600021,上海电力,2009-09-30,1,220.0000,0.10,220.0000,0.00,0
600476,湘邮科技,2009-09-30,1,99.9940,0.62,99.9940,0.00,0
600035,楚天高速,2009-09-30,1,1354.3000,1.45,-330.3700,1.81,2
600467,好当家,2009-09-30,1,599.9970,0.95,599.9970,0.00,0
600993,马应龙,2009-09-30,3,741.5120,4.47,380.0270,2.18,2
600495,晋西车轴,2009-09-30,3,502.0196,2.99,26.1127,2.84,3
600143,金发科技,2009-09-30,1,1020.0000,0.73,340.0010,0.49,1
002006,精功科技,2009-09-30,1,271.9920,1.89,271.9920,0.00,0
600022,山东钢铁,2009-09-30,1,552.6000,0.18,552.6000,0.00,0
002009,天奇股份,2009-09-30,1,132.6000,0.60,0.0000,0.60,1
002024,苏宁云商,2009-09-30,1,4486.2200,1.00,4486.2200,0.00,0
002025,航天电器,2009-09-30,1,361.6450,1.10,0.0000,1.10,1
600983,合肥三洋,2009-09-30,1,264.2820,0.79,264.2820,0.00,0
002032,苏泊尔,2009-09-30,2,1143.7490,2.58,1143.7490,0.00,0
600970,中材国际,2009-09-30,1,430.6810,1.02,2.4700,1.02,1
002042,华孚色纺,2009-09-30,1,258.6960,1.10,258.6960,0.00,0
601991,大唐发电,2009-09-30,5,5971.7660,0.51,1358.5260,0.39,5
601866,中海集运,2009-09-30,1,1269.9900,0.11,1269.9900,0.00,0
601788,光大证券,2009-09-30,1,79.9924,0.02,79.9924,0.00,0
601166,兴业银行,2009-09-30,1,63909.0000,12.78,0.0000,12.78,1
601628,中国人寿,2009-09-30,3,7517.6600,0.27,5605.3800,0.07,1
600018,上港集团,2009-09-30,3,5516.2300,0.26,3653.1800,0.09,1
002110,三钢闽光,2009-09-30,1,354.4070,0.66,-45.6790,0.75,1
002139,拓邦股份,2009-09-30,1,23.9922,0.17,23.9922,0.00,0
002056,横店东磁,2009-09-30,1,499.9950,1.22,0.0000,1.22,1
002142,宁波银行,2009-09-30,2,10729.9500,4.29,0.0000,4.29,2
601727,上海电气,2009-09-30,1,225.7080,0.02,40.8380,0.02,1
002080,中材科技,2009-09-30,1,84.5800,0.56,84.5800,0.00,0
002143,高金食品,2009-09-30,1,19.9950,0.12,19.9950,0.00,0
002066,瑞泰科技,2009-09-30,1,199.9850,1.73,199.9850,0.00,0
002082,栋梁新材,2009-09-30,1,47.9200,0.20,47.9200,0.00,0
002208,合肥城建,2009-09-30,2,146.2335,0.91,146.2335,0.00,0
002069,獐子岛,2009-09-30,1,126.0560,0.56,15.9960,0.49,1
002084,海鸥卫浴,2009-09-30,1,99.9989,0.43,99.9989,0.00,0
002154,报喜鸟,2009-09-30,1,155.9950,0.63,0.0000,0.63,1
600017,日照港,2009-09-30,1,256.4130,0.17,-0.0180,0.20,1
002099,海翔药业,2009-09-30,1,42.5200,0.26,42.5200,0.00,0
002100,天康生物,2009-09-30,1,66.5096,0.41,66.5096,0.00,0
002104,恒宝股份,2009-09-30,2,807.4160,2.75,-530.2440,4.55,3
601002,晋亿实业,2009-09-30,1,223.9000,0.30,-299.9900,0.71,2
002122,天马股份,2009-09-30,1,191.5470,0.32,0.0000,0.32,1
002132,恒星科技,2009-09-30,1,380.1720,1.55,143.0000,0.97,1
002133,广宇集团,2009-09-30,1,757.6350,1.52,757.6350,0.00,0
002164,东力传动,2009-09-30,1,50.5410,0.28,-234.8710,1.59,1
002179,中航光电,2009-09-30,2,140.0055,0.52,20.0185,0.45,1
002194,武汉凡谷,2009-09-30,1,482.7760,0.87,482.7760,0.00,0
002197,证通电子,2009-09-30,4,419.4442,3.20,132.9822,2.18,1
601186,中国铁建,2009-09-30,3,10603.8100,0.86,10603.8100,0.00,0
002268,卫士通,2009-09-30,1,80.7049,1.00,80.7049,0.00,0
002277,友阿股份,2009-09-30,1,42.9092,0.22,42.9092,0.00,0
