600007,中国国贸,2009-03-31,2,391.7120,0.39,-474.8750,0.86,3
600012,皖通高速,2009-03-31,1,399.9970,0.24,-119.3980,0.31,1
600019,宝钢股份,2009-03-31,1,3671.1000,0.21,-1618.1900,0.30,1
600054,黄山旅游,2009-03-31,1,305.6760,0.65,0.0000,0.65,1
600059,古越龙山,2009-03-31,2,1087.8770,2.92,0.0000,2.92,2
600066,宇通客车,2009-03-31,1,960.9470,1.85,-195.9630,2.23,1
600098,广州发展,2009-03-31,2,914.1120,0.44,118.6400,0.39,2
600107,美尔雅,2009-03-31,1,50.0000,0.14,50.0000,0.00,0
600115,东方航空,2009-03-31,3,1533.3670,0.32,262.8400,0.26,2
600123,兰花科创,2009-03-31,1,626.9660,1.10,-65.0100,1.21,1
600125,铁龙物流,2009-03-31,3,1949.0350,1.94,0.0000,1.94,3
600128,弘业股份,2009-03-31,1,78.4381,0.32,78.4381,0.00,0
600138,中青旅,2009-03-31,1,718.4750,1.73,0.0000,1.73,1
600196,复星医药,2009-03-31,1,712.9810,0.58,712.9810,0.00,0
600227,赤天化,2009-03-31,1,325.2280,0.99,325.2280,0.00,0
600239,云南城投,2009-03-31,1,249.3210,0.86,-63.9470,1.08,1
600283,钱江水利,2009-03-31,1,500.0100,1.75,-821.9030,4.63,3
600308,华泰股份,2009-03-31,1,202.9140,0.37,-316.4910,0.95,1
600323,南海发展,2009-03-31,2,954.7590,3.52,0.0000,3.52,2
600356,恒丰纸业,2009-03-31,1,287.5420,1.49,287.5420,0.00,0
600360,华微电子,2009-03-31,1,241.6280,0.46,-858.7120,2.11,1
600368,五洲交通,2009-03-31,1,116.1380,0.24,-234.3400,0.74,1
600389,江山股份,2009-03-31,2,202.9880,1.03,202.9880,0.00,0
600468,百利电气,2009-03-31,1,80.0000,0.25,-29.7060,0.35,1
600498,烽火通信,2009-03-31,1,266.2290,0.65,266.2290,0.00,0
600516,方大炭素,2009-03-31,1,405.6810,0.63,405.6810,0.00,0
600523,贵航股份,2009-03-31,1,273.1910,0.95,52.9400,0.76,1
600529,山东药玻,2009-03-31,2,1003.3150,3.90,467.2510,2.08,1
600571,信雅达,2009-03-31,1,150.0000,0.77,150.0000,0.00,0
600581,八一钢铁,2009-03-31,1,507.9010,0.66,507.9010,0.00,0
600585,海螺水泥,2009-03-31,1,742.0260,0.42,-3587.6740,2.45,3
600588,用友软件,2009-03-31,1,415.3570,0.89,415.3570,0.00,0
600592,龙溪股份,2009-03-31,3,1466.2170,4.89,-358.2200,6.08,4
600616,金枫酒业,2009-03-31,1,481.3720,1.32,0.0000,1.32,1
600636,三爱富,2009-03-31,1,247.9410,0.71,247.9410,0.00,0
600663,陆家嘴,2009-03-31,1,608.1070,0.33,-677.3410,0.69,2
600685,广船国际,2009-03-31,1,56.5000,0.11,56.5000,0.00,0
600718,东软集团,2009-03-31,1,432.9400,0.46,432.9400,0.00,0
600725,云维股份,2009-03-31,1,75.4879,0.26,0.0000,0.26,1
600726,华电能源,2009-03-31,1,503.2180,0.37,4.8500,0.36,1
600727,鲁北化工,2009-03-31,1,140.0100,0.40,-147.4000,0.82,1
000026,飞亚达A,2009-03-31,2,462.0160,1.85,0.0000,1.85,2
000089,深圳机场,2009-03-31,1,896.3050,0.53,-69.2740,0.57,1
000410,沈阳机床,2009-03-31,1,363.7180,0.67,363.7180,0.00,0
000416,民生投资,2009-03-31,1,118.4200,0.22,118.4200,0.00,0
000423,东阿阿胶,2009-03-31,2,1345.3260,2.57,837.9790,0.97,1
000425,徐工机械,2009-03-31,1,759.7600,1.39,-759.0870,2.79,2
000428,华天酒店,2009-03-31,3,1115.9100,3.03,443.2892,1.82,3
600765,中航重机,2009-03-31,1,149.9910,0.29,-107.6310,0.72,2
600801,华新水泥,2009-03-31,1,426.0080,1.06,-248.0860,1.67,2
600820,隧道股份,2009-03-31,4,2910.1230,3.97,678.0000,3.04,3
600823,世茂股份,2009-03-31,3,3794.4690,7.93,0.0000,7.93,3
600824,益民集团,2009-03-31,1,500.0000,0.82,500.0000,0.00,0
600834,申通地铁,2009-03-31,1,306.4570,0.64,306.4570,0.00,0
600855,航天长峰,2009-03-31,1,140.0000,0.48,0.0000,0.48,1
600869,远东电缆,2009-03-31,1,312.1580,2.60,0.0000,2.60,1
000528,柳工,2009-03-31,3,2556.6460,5.39,1055.4610,3.18,2
000553,沙隆达A,2009-03-31,1,299.9710,0.51,299.9710,0.00,0
000559,万向钱潮,2009-03-31,1,599.9960,0.59,200.0000,0.39,1
000563,陕国投A,2009-03-31,1,159.8740,0.45,159.8740,0.00,0
000565,渝三峡A,2009-03-31,1,99.9960,0.58,99.9960,0.00,0
000582,北海港,2009-03-31,2,181.8294,1.28,0.0000,1.28,2
000600,建投能源,2009-03-31,1,418.3210,0.46,110.3550,0.34,1
000617,*ST济柴,2009-03-31,1,57.7950,0.24,0.0000,0.24,1
000651,格力电器,2009-03-31,2,4577.4700,3.65,33.7500,3.63,2
000680,山推股份,2009-03-31,1,675.0150,0.89,675.0150,0.00,0
000683,远兴能源,2009-03-31,1,700.0000,1.37,0.0000,1.37,1
000698,沈阳化工,2009-03-31,1,360.4280,0.71,0.0000,0.71,1
000715,中兴商业,2009-03-31,1,214.8920,0.77,0.0000,0.77,1
000751,*ST锌业,2009-03-31,1,139.9910,0.13,139.9910,0.00,0
000777,中核科技,2009-03-31,1,204.5170,1.01,204.5170,0.00,0
000786,北新建材,2009-03-31,1,499.9900,0.87,499.9900,0.00,0
000789,江西水泥,2009-03-31,2,1564.5000,3.95,300.0000,3.19,1
000816,江淮动力,2009-03-31,1,1222.6900,1.45,-233.3000,1.72,2
000837,秦川发展,2009-03-31,1,319.9950,0.92,319.9950,0.00,0
000858,五粮液,2009-03-31,1,902.8260,0.24,902.8260,0.00,0
000860,顺鑫农业,2009-03-31,1,479.9930,1.09,0.0000,1.10,1
000861,海印股份,2009-03-31,1,824.2800,2.01,179.9930,1.57,1
000912,泸天化,2009-03-31,1,300.0000,0.51,0.0000,0.51,1
000966,长源电力,2009-03-31,1,300.0060,0.54,300.0060,0.00,0
000970,中科三环,2009-03-31,1,244.8500,0.48,-59.9040,0.60,1
000987,广州友谊,2009-03-31,1,482.7890,1.35,50.0000,1.21,1
000996,中国中期,2009-03-31,1,59.9958,0.26,59.9958,0.00,0
600004,白云机场,2009-03-31,2,4425.4900,3.85,-224.2640,4.04,3
600584,长电科技,2009-03-31,1,219.9800,0.30,-80.0200,0.40,1
600489,中金黄金,2009-03-31,1,243.3090,0.68,-1.5000,0.68,1
600487,亨通光电,2009-03-31,1,205.5950,1.24,205.5950,0.00,0
600547,山东黄金,2009-03-31,1,321.5830,0.90,-71.5600,1.11,1
600406,国电南瑞,2009-03-31,1,747.2750,2.93,-13.9000,2.98,1
600035,楚天高速,2009-03-31,1,679.9890,0.73,200.0000,0.52,1
600284,浦东建设,2009-03-31,1,484.2100,1.40,484.2100,0.00,0
600993,马应龙,2009-03-31,3,301.6139,3.27,168.9899,1.44,1
600491,龙元建设,2009-03-31,1,350.0000,0.90,350.0000,0.00,0
002009,天奇股份,2009-03-31,1,141.4700,0.64,141.4700,0.00,0
002013,中航精机,2009-03-31,1,55.6640,0.52,55.6640,0.00,0
002014,永新股份,2009-03-31,1,99.9934,0.72,99.9934,0.00,0
002025,航天电器,2009-03-31,1,361.6450,1.10,0.0000,1.10,1
002032,苏泊尔,2009-03-31,2,220.7165,0.50,220.7165,0.00,0
600970,中材国际,2009-03-31,1,215.8840,1.29,-24.2700,1.43,1
601991,大唐发电,2009-03-31,6,5721.8410,0.49,-2726.5430,0.72,6
002051,中工国际,2009-03-31,1,39.9939,0.21,39.9939,0.00,0
601166,兴业银行,2009-03-31,1,63909.0000,12.78,0.0000,12.78,1
601628,中国人寿,2009-03-31,1,2686.8900,0.10,2686.8900,0.00,0
600018,上港集团,2009-03-31,2,2893.1500,0.14,-3154.3000,0.29,2
601005,重庆钢铁,2009-03-31,1,500.0870,0.29,-400.0000,0.52,1
002142,宁波银行,2009-03-31,1,6120.0000,2.45,0.0000,2.45,1
002206,海利得,2009-03-31,1,107.0000,0.86,0.0000,0.86,1
601006,大秦铁路,2009-03-31,1,6051.8200,0.47,6051.8200,0.00,0
002091,江苏国泰,2009-03-31,1,335.2480,1.40,335.2480,0.00,0
002070,众和股份,2009-03-31,1,112.9200,0.67,0.0000,0.67,1
002069,獐子岛,2009-03-31,3,580.9220,2.57,-49.0300,2.79,3
002154,报喜鸟,2009-03-31,1,119.9960,0.63,0.0000,0.63,1
600017,日照港,2009-03-31,1,256.4130,0.20,0.0000,0.20,1
002104,恒宝股份,2009-03-31,3,890.1550,3.03,890.1550,0.00,0
002111,威海广泰,2009-03-31,3,232.8678,1.62,124.7455,0.75,2
002129,中环股份,2009-03-31,1,167.4990,0.35,167.4990,0.00,0
002254,泰和新材,2009-03-31,1,56.1743,0.45,0.0000,0.45,1
002164,东力传动,2009-03-31,1,285.4120,1.59,0.0000,1.59,1
002197,证通电子,2009-03-31,1,62.2612,0.71,62.2612,0.00,0
002262,恩华药业,2009-03-31,1,37.9911,0.32,37.9911,0.00,0
002268,卫士通,2009-03-31,1,29.6584,0.44,0.0000,0.44,1
002266,浙富股份,2009-03-31,1,54.5412,0.38,54.5412,0.00,0
