600012,皖通高速,2009-06-30,1,399.9970,0.24,0.0000,0.24,1
600019,宝钢股份,2009-06-30,1,6569.0300,0.38,2897.9300,0.21,1
600059,古越龙山,2009-06-30,3,1928.1990,3.45,840.3220,2.92,2
600060,海信电器,2009-06-30,1,485.9960,0.98,485.9960,0.00,0
600066,宇通客车,2009-06-30,1,960.9470,1.85,0.0000,1.85,1
600067,冠城大通,2009-06-30,1,835.7820,1.36,835.7820,0.00,0
600096,云天化,2009-06-30,1,186.8850,0.32,186.8850,0.00,0
600098,广州发展,2009-06-30,1,512.8190,0.25,-401.2930,0.44,2
600115,东方航空,2009-06-30,2,1042.0670,0.13,-491.3000,0.32,3
600123,兰花科创,2009-06-30,1,626.9660,1.10,0.0000,1.10,1
600125,铁龙物流,2009-06-30,3,1562.9170,1.56,-386.1180,1.94,3
600176,中国玻纤,2009-06-30,1,300.0000,0.70,300.0000,0.00,0
600188,兖州煤业,2009-06-30,1,200.0070,0.04,200.0070,0.00,0
600202,哈空调,2009-06-30,1,365.2880,0.95,365.2880,0.00,0
600231,凌钢股份,2009-06-30,2,2043.6600,2.54,2043.6600,0.00,0
600283,钱江水利,2009-06-30,1,500.0100,1.75,0.0000,1.75,1
600323,南海发展,2009-06-30,2,954.7590,3.52,0.0000,3.52,2
600335,国机汽车,2009-06-30,1,90.0000,0.33,90.0000,0.00,0
600360,华微电子,2009-06-30,1,225.1100,0.43,-16.5180,0.46,1
600361,华联综超,2009-06-30,1,483.2910,1.00,483.2910,0.00,0
600368,五洲交通,2009-06-30,1,923.5140,1.66,807.3760,0.24,1
600388,龙净环保,2009-06-30,1,199.9320,0.96,199.9320,0.00,0
600395,盘江股份,2009-06-30,1,715.4780,0.65,715.4780,0.00,0
600498,烽火通信,2009-06-30,1,527.2690,1.29,261.0400,0.65,1
600499,科达机电,2009-06-30,1,780.0000,1.75,780.0000,0.00,0
600522,中天科技,2009-06-30,1,111.2930,0.35,111.2930,0.00,0
600529,山东药玻,2009-06-30,2,1003.3150,3.90,0.0000,3.90,2
600557,康缘药业,2009-06-30,1,456.8240,1.43,456.8240,0.00,0
600580,卧龙电气,2009-06-30,1,337.2870,1.19,337.2870,0.00,0
600581,八一钢铁,2009-06-30,1,782.6460,1.02,274.7450,0.66,1
600585,海螺水泥,2009-06-30,2,1528.4780,0.87,786.4520,0.42,1
600588,用友软件,2009-06-30,1,539.9640,0.89,124.6070,0.89,1
600597,光明乳业,2009-06-30,2,2218.1980,2.13,2218.1980,0.00,0
600616,金枫酒业,2009-06-30,2,1081.3670,2.96,599.9950,1.32,1
600651,飞乐音响,2009-06-30,1,184.0080,0.30,184.0080,0.00,0
600655,豫园商城,2009-06-30,1,779.0670,0.98,779.0670,0.00,0
600657,信达地产,2009-06-30,1,1232.8900,0.81,1232.8900,0.00,0
600674,川投能源,2009-06-30,1,149.8230,0.24,149.8230,0.00,0
600710,常林股份,2009-06-30,1,199.9910,0.41,199.9910,0.00,0
600720,祁连山,2009-06-30,1,602.1720,1.27,602.1720,0.00,0
600726,华电能源,2009-06-30,1,503.2220,0.37,0.0040,0.37,1
600727,鲁北化工,2009-06-30,1,137.3600,0.39,-2.6500,0.40,1
600893,航空动力,2009-06-30,1,175.3570,0.40,175.3570,0.00,0
600897,厦门空港,2009-06-30,2,387.9770,1.30,387.9770,0.00,0
000026,飞亚达A,2009-06-30,2,462.0160,1.85,0.0000,1.85,2
000050,深天马A,2009-06-30,1,178.7120,0.31,178.7120,0.00,0
000061,农产品,2009-06-30,1,1200.0200,1.56,1200.0200,0.00,0
000089,深圳机场,2009-06-30,1,717.7110,0.43,-178.5940,0.53,1
000155,川化股份,2009-06-30,1,60.0000,0.13,60.0000,0.00,0
000410,沈阳机床,2009-06-30,1,318.2180,0.58,-45.5000,0.67,1
000417,合肥百货,2009-06-30,1,743.6930,1.55,743.6930,0.00,0
000423,东阿阿胶,2009-06-30,1,507.3470,0.97,-837.9790,2.57,2
600754,锦江股份,2009-06-30,1,202.4950,0.34,202.4950,0.00,0
600801,华新水泥,2009-06-30,1,426.0080,1.06,0.0000,1.06,1
600820,隧道股份,2009-06-30,4,2910.1230,3.97,0.0000,3.97,4
600823,世茂股份,2009-06-30,3,4400.4690,3.76,606.0000,7.93,3
600824,益民集团,2009-06-30,1,1396.0000,1.91,896.0000,0.82,1
600861,北京城乡,2009-06-30,1,99.9950,0.32,99.9950,0.00,0
600867,通化东宝,2009-06-30,1,234.0000,0.49,234.0000,0.00,0
600869,远东电缆,2009-06-30,1,312.1580,2.60,0.0000,2.60,1
600872,中炬高新,2009-06-30,1,396.3230,0.55,396.3230,0.00,0
600887,伊利股份,2009-06-30,1,1218.3700,1.52,1218.3700,0.00,0
000572,海马汽车,2009-06-30,1,596.2330,0.57,596.2330,0.00,0
000582,北海港,2009-06-30,2,181.8294,1.28,0.0000,1.28,2
000617,*ST济柴,2009-06-30,1,57.7950,0.24,0.0000,0.24,1
000651,格力电器,2009-06-30,3,8934.9500,4.76,4357.4800,3.65,2
000656,金科股份,2009-06-30,1,299.9930,1.20,299.9930,0.00,0
001696,宗申动力,2009-06-30,2,982.3430,1.64,982.3430,0.00,0
000712,锦龙股份,2009-06-30,1,194.9930,0.64,194.9930,0.00,0
000715,中兴商业,2009-06-30,1,214.9220,0.77,0.0300,0.77,1
000786,北新建材,2009-06-30,1,599.9930,1.04,100.0030,0.87,1
000789,江西水泥,2009-06-30,1,1264.5000,3.19,-300.0000,3.95,2
000799,酒鬼酒,2009-06-30,2,465.4480,1.54,465.4480,0.00,0
000816,江淮动力,2009-06-30,2,2580.4160,3.05,1357.7260,1.45,1
000860,顺鑫农业,2009-06-30,2,799.9750,1.83,319.9820,1.09,1
000861,海印股份,2009-06-30,1,989.1360,2.01,164.8560,2.01,1
000925,众合机电,2009-06-30,1,87.1543,0.63,87.1543,0.00,0
000935,四川双马,2009-06-30,1,109.0340,0.34,109.0340,0.00,0
000950,建峰化工,2009-06-30,2,345.8400,1.11,345.8400,0.00,0
000961,中南建设,2009-06-30,1,423.6420,0.54,423.6420,0.00,0
000972,新中基,2009-06-30,1,499.9980,1.19,499.9980,0.00,0
000987,广州友谊,2009-06-30,1,482.7890,1.35,0.0000,1.35,1
600408,安泰集团,2009-06-30,2,1370.9970,1.62,1370.9970,0.00,0
600004,白云机场,2009-06-30,4,4673.1110,4.06,247.6210,3.85,2
600423,柳化股份,2009-06-30,1,599.9930,2.25,599.9930,0.00,0
600425,青松建化,2009-06-30,1,289.9980,0.79,289.9980,0.00,0
600485,中创信测,2009-06-30,1,112.6240,0.82,112.6240,0.00,0
600489,中金黄金,2009-06-30,1,545.0000,0.69,301.6910,0.68,1
600487,亨通光电,2009-06-30,1,301.3250,1.81,95.7300,1.24,1
600547,山东黄金,2009-06-30,2,953.6270,1.34,632.0440,0.90,1
600449,宁夏建材,2009-06-30,2,546.9670,2.80,546.9670,0.00,0
600527,江南高纤,2009-06-30,1,565.9200,1.61,565.9200,0.00,0
600035,楚天高速,2009-06-30,2,1684.6700,1.81,1004.6810,0.73,1
600284,浦东建设,2009-06-30,2,734.2100,2.12,250.0000,1.40,1
600993,马应龙,2009-06-30,2,361.4850,2.18,59.8711,3.27,3
600495,晋西车轴,2009-06-30,3,475.9069,2.84,475.9069,0.00,0
600143,金发科技,2009-06-30,1,679.9990,0.49,679.9990,0.00,0
002009,天奇股份,2009-06-30,1,132.6000,0.60,-8.8700,0.64,1
002018,华星化工,2009-06-30,1,100.0000,0.41,100.0000,0.00,0
002025,航天电器,2009-06-30,1,361.6450,1.10,0.0000,1.10,1
600970,中材国际,2009-06-30,1,428.2110,1.02,212.3270,1.29,1
601991,大唐发电,2009-06-30,5,4613.2400,0.39,-1108.6010,0.49,6
601166,兴业银行,2009-06-30,1,63909.0000,12.78,0.0000,12.78,1
601628,中国人寿,2009-06-30,1,1912.2800,0.07,-774.6100,0.10,1
600018,上港集团,2009-06-30,1,1863.0500,0.09,-1030.1000,0.14,2
002110,三钢闽光,2009-06-30,1,400.0860,0.75,400.0860,0.00,0
601005,重庆钢铁,2009-06-30,1,300.0870,0.17,-200.0000,0.29,1
002056,横店东磁,2009-06-30,1,499.9950,1.22,499.9950,0.00,0
002142,宁波银行,2009-06-30,2,10729.9500,4.29,4609.9500,2.45,1
601727,上海电气,2009-06-30,1,184.8700,0.02,184.8700,0.00,0
601006,大秦铁路,2009-06-30,1,6715.0200,0.52,663.2000,0.47,1
002077,大港股份,2009-06-30,1,74.3400,0.30,74.3400,0.00,0
002069,獐子岛,2009-06-30,1,110.0600,0.49,-470.8620,2.57,3
002154,报喜鸟,2009-06-30,1,155.9950,0.63,35.9990,0.63,1
600017,日照港,2009-06-30,1,256.4310,0.20,0.0180,0.20,1
002083,孚日股份,2009-06-30,1,199.9920,0.21,199.9920,0.00,0
002104,恒宝股份,2009-06-30,3,1337.6600,4.55,447.5050,3.03,3
601002,晋亿实业,2009-06-30,2,523.8900,0.71,523.8900,0.00,0
002111,威海广泰,2009-06-30,3,230.4166,1.60,-2.4512,1.62,3
601003,柳钢股份,2009-06-30,1,518.7860,0.20,518.7860,0.00,0
002122,天马股份,2009-06-30,1,191.5470,0.32,191.5470,0.00,0
002132,恒星科技,2009-06-30,1,237.1720,0.97,237.1720,0.00,0
002164,东力传动,2009-06-30,1,285.4120,1.59,0.0000,1.59,1
002179,中航光电,2009-06-30,1,119.9870,0.45,119.9870,0.00,0
002191,劲嘉股份,2009-06-30,1,146.4500,0.23,146.4500,0.00,0
002197,证通电子,2009-06-30,1,286.4620,2.18,224.2008,0.71,1
002262,恩华药业,2009-06-30,1,67.0549,0.37,29.0638,0.32,1
002259,升达林业,2009-06-30,1,99.7000,0.46,99.7000,0.00,0
002269,美邦服饰,2009-06-30,1,140.1390,0.14,140.1390,0.00,0
002266,浙富股份,2009-06-30,2,97.1716,0.68,42.6304,0.38,1
