000006 深振业A 2010-12-31 1 246.3300 0.32 246.3300 0.00 0
000026 飞亚达A 2010-12-31 1 159.4970 0.57 159.4970 0.00 0
000049 德赛电池 2010-12-31 1 52.0000 0.38 52.0000 0.00 0
000065 北方国际 2010-12-31 1 100.0100 0.62 40.0088 0.37 1
000088 盐田港 2010-12-31 1 151.8100 0.12 -131.8900 0.23 1
000089 深圳机场 2010-12-31 2 929.4580 0.55 -283.4740 0.72 3
000402 金融街 2010-12-31 2 4307.3700 1.42 1882.4000 0.80 1
000410 沈阳机床 2010-12-31 1 313.7330 0.58 313.7330 0.00 0
000419 通程控股 2010-12-31 1 243.9950 0.70 243.9950 0.00 0
000423 东阿阿胶 2010-12-31 1 703.6820 1.08 8.9440 1.06 1
000428 华天酒店 2010-12-31 3 1650.5540 2.98 525.2730 2.03 2
000430 张家界 2010-12-31 1 399.9960 1.82 399.9960 0.00 0
000488 晨鸣纸业 2010-12-31 1 1540.7200 0.75 100.0000 0.70 1
000501 鄂武商A 2010-12-31 1 755.2770 1.49 755.2770 0.00 0
000507 珠海港 2010-12-31 2 580.0590 1.68 0.0000 1.68 2
000511 银基发展 2010-12-31 1 259.4500 0.22 259.4500 0.00 0
000528 柳工 2010-12-31 1 503.6300 0.77 -7.7520 0.79 1
000529 广弘控股 2010-12-31 1 152.4900 0.26 152.4900 0.00 0
000537 广宇发展 2010-12-31 1 572.9350 1.12 572.9350 0.00 0
000538 云南白药 2010-12-31 1 408.5470 0.59 -187.9260 0.86 1
000572 海马汽车 2010-12-31 1 130.0900 0.08 130.0900 0.00 0
000573 粤宏远A 2010-12-31 1 209.3300 0.34 209.3300 0.00 0
000589 黔轮胎A 2010-12-31 1 35.1800 0.14 35.1800 0.00 0
000599 青岛双星 2010-12-31 1 84.6400 0.16 84.6400 0.00 0
000608 阳光股份 2010-12-31 1 749.9800 1.00 749.9800 0.00 0
000626 如意集团 2010-12-31 1 38.7500 0.19 38.7500 0.00 0
000635 英力特 2010-12-31 1 359.9800 2.03 0.0000 2.03 1
000651 格力电器 2010-12-31 2 9899.9900 3.51 1618.6500 2.94 2
000656 金科股份 2010-12-31 2 733.9830 2.94 0.0000 2.94 2
000698 沈阳化工 2010-12-31 1 300.0000 0.45 -150.0000 0.68 1
000716 南方食品 2010-12-31 1 241.3300 1.35 241.3300 0.00 0
000729 燕京啤酒 2010-12-31 1 691.2440 0.57 -91.6870 0.65 1
000732 泰禾集团 2010-12-31 1 175.3000 0.17 175.3000 0.00 0
000751 *ST锌业 2010-12-31 1 129.1300 0.12 129.1300 0.00 0
000759 中百集团 2010-12-31 1 1176.6500 1.73 1176.6500 0.00 0
000767 漳泽电力 2010-12-31 1 173.3600 0.13 173.3600 0.00 0
000776 广发证券 2010-12-31 1 100.0780 0.04 100.0780 0.00 0
000777 中核科技 2010-12-31 1 145.7820 0.68 0.0000 0.72 1
000785 武汉中商 2010-12-31 1 442.3810 1.76 99.7730 1.36 1
000789 江西水泥 2010-12-31 1 1264.5000 3.19 -311.9920 3.98 2
000822 山东海化 2010-12-31 1 237.9700 0.27 0.0000 0.27 1
000829 天音控股 2010-12-31 1 606.9960 0.64 606.9960 0.00 0
000837 秦川发展 2010-12-31 2 925.5030 2.65 925.5030 0.00 0
000839 中信国安 2010-12-31 1 469.2900 0.30 469.2900 0.00 0
000858 五粮液 2010-12-31 3 4800.8900 1.26 -491.1000 1.39 2
000877 天山股份 2010-12-31 1 399.9720 1.03 0.0000 1.03 1
000880 潍柴重机 2010-12-31 1 328.6690 1.19 0.0000 1.19 1
000898 *ST鞍钢 2010-12-31 3 4002.2500 0.55 -30.5410 0.56 3
000899 赣能股份 2010-12-31 1 98.2548 0.15 98.2548 0.00 0
000912 泸天化 2010-12-31 1 71.2400 0.12 71.2400 0.00 0
000931 中关村 2010-12-31 1 142.0800 0.21 142.0800 0.00 0
000932 华菱钢铁 2010-12-31 3 3420.2470 1.25 3420.2470 0.00 0
000948 南天信息 2010-12-31 1 87.8525 0.42 87.8525 0.00 0
000969 安泰科技 2010-12-31 1 435.0080 0.51 435.0080 0.00 0
000970 中科三环 2010-12-31 1 348.3600 0.69 -412.4500 1.50 2
000978 桂林旅游 2010-12-31 1 226.7000 0.63 226.7000 0.00 0
000987 广州友谊 2010-12-31 1 694.4600 1.93 694.4600 0.00 0
000989 九芝堂 2010-12-31 1 302.6920 1.02 302.6920 0.00 0
002005 德豪润达 2010-12-31 1 159.9910 0.33 159.9910 0.00 0
002016 世荣兆业 2010-12-31 1 58.9100 0.13 58.9100 0.00 0
002017 东信和平 2010-12-31 1 144.3240 0.73 144.3240 0.00 0
002019 鑫富药业 2010-12-31 1 119.0990 0.54 119.0990 0.00 0
002051 中工国际 2010-12-31 1 265.2200 0.78 265.2200 0.00 0
002065 东华软件 2010-12-31 1 436.3500 1.02 436.3500 0.00 0
002067 景兴纸业 2010-12-31 1 166.4500 0.42 166.4500 0.00 0
002078 太阳纸业 2010-12-31 1 306.2080 0.30 306.2080 0.00 0
002080 中材科技 2010-12-31 1 86.6439 0.43 86.6439 0.00 0
002083 孚日股份 2010-12-31 1 247.0780 0.26 -69.6660 0.34 1
002087 新野纺织 2010-12-31 1 79.7200 0.15 79.7200 0.00 0
002088 鲁阳股份 2010-12-31 1 198.3340 0.85 198.3340 0.00 0
002104 恒宝股份 2010-12-31 1 501.6120 1.14 0.0000 1.14 1
002113 天润控股 2010-12-31 1 37.8800 0.32 37.8800 0.00 0
002121 科陆电子 2010-12-31 1 436.1320 1.65 -120.5670 2.32 1
002130 沃尔核材 2010-12-31 1 27.1000 0.11 27.1000 0.00 0
002142 宁波银行 2010-12-31 2 29609.9500 10.27 0.0000 11.84 2
002166 莱茵生物 2010-12-31 1 10.9778 0.08 10.9778 0.00 0
002178 延华智能 2010-12-31 1 25.3100 0.26 25.3100 0.00 0
002190 成飞集成 2010-12-31 1 51.7551 0.25 51.7551 0.00 0
002192 路翔股份 2010-12-31 1 37.7054 0.31 37.7054 0.00 0
002208 合肥城建 2010-12-31 1 263.9940 0.82 263.9940 0.00 0
002242 九阳股份 2010-12-31 1 443.6430 0.58 0.0000 0.58 1
002243 通产丽星 2010-12-31 1 230.8190 0.89 -205.6690 1.69 1
002253 川大智胜 2010-12-31 1 80.0000 1.07 80.0000 0.00 0
002261 拓维信息 2010-12-31 1 152.2100 1.05 0.0000 1.05 1
002262 恩华药业 2010-12-31 1 196.7910 0.84 0.0000 0.84 1
002269 美邦服饰 2010-12-31 1 494.8790 0.49 494.8790 0.00 0
002271 东方雨虹 2010-12-31 1 105.7680 0.67 105.7680 0.00 0
002301 齐心文具 2010-12-31 1 124.6620 0.67 124.6620 0.00 0
002342 巨力索具 2010-12-31 1 67.0000 0.14 67.0000 0.00 0
002352 鼎泰新材 2010-12-31 1 9.5300 0.12 9.5300 0.00 0
002358 森源电气 2010-12-31 1 37.6800 0.44 37.6800 0.00 0
002392 北京利尔 2010-12-31 1 23.2000 0.17 23.2000 0.00 0
002401 中海科技 2010-12-31 1 10.5029 0.20 10.5029 0.00 0
002405 四维图新 2010-12-31 1 237.6430 0.59 0.0000 0.59 1
002413 常发股份 2010-12-31 1 29.6491 0.20 29.6491 0.00 0
002438 江苏神通 2010-12-31 1 27.0599 0.26 -8.5467 0.34 1
002450 康得新 2010-12-31 1 39.9980 0.25 39.9980 0.00 0
002457 青龙管业 2010-12-31 2 99.0561 0.71 99.0561 0.00 0
002459 天业通联 2010-12-31 1 22.5490 0.13 22.5490 0.00 0
002461 珠江啤酒 2010-12-31 1 34.8800 0.05 34.8800 0.00 0
002485 希努尔 2010-12-31 1 98.9046 0.49 98.9046 0.00 0
300003 乐普医疗 2010-12-31 1 112.3620 0.14 -60.0000 0.21 2
300005 探路者 2010-12-31 1 450.2230 3.36 188.2210 1.96 1
300022 吉峰农机 2010-12-31 1 114.1830 0.64 114.1830 0.00 0
300025 华星创业 2010-12-31 1 130.0050 1.63 130.0050 0.00 0
300029 天龙光电 2010-12-31 1 199.2060 1.00 -88.1243 1.44 2
300041 回天胶业 2010-12-31 1 40.0888 0.61 40.0888 0.00 0
300043 星辉车模 2010-12-31 1 34.6913 0.44 34.6913 0.00 0
300068 南都电源 2010-12-31 1 143.4420 0.58 5.1038 0.56 2
300074 华平股份 2010-12-31 2 28.5295 0.71 28.5295 0.00 0
300085 银之杰 2010-12-31 2 68.7621 1.15 68.7621 0.00 0
300094 国联水产 2010-12-31 1 93.9603 0.29 93.9603 0.00 0
300099 尤洛卡 2010-12-31 1 32.0186 0.77 32.0186 0.00 0
300113 顺网科技 2010-12-31 1 27.9910 0.47 0.0000 0.47 1
300150 世纪瑞尔 2010-12-31 1 54.7942 0.41 54.7942 0.00 0
600004 白云机场 2010-12-31 1 1606.3800 1.40 0.0000 1.40 1
600006 东风汽车 2010-12-31 1 327.5300 0.16 327.5300 0.00 0
600010 包钢股份 2010-12-31 1 551.4960 0.09 551.4960 0.00 0
600012 皖通高速 2010-12-31 2 948.6600 0.57 548.6630 0.24 1
600019 宝钢股份 2010-12-31 1 7092.8400 0.41 -5432.0700 0.72 2
600026 中海发展 2010-12-31 1 374.2720 0.11 -748.2380 0.33 1
600030 中信证券 2010-12-31 1 5962.7000 0.60 16.0400 0.60 1
600035 楚天高速 2010-12-31 1 315.1000 0.34 -301.3600 0.66 1
600066 宇通客车 2010-12-31 2 1213.0480 2.33 9.9300 2.31 2
600074 *ST中达 2010-12-31 1 155.3300 0.23 155.3300 0.00 0
600095 哈高科 2010-12-31 1 199.9860 0.55 199.9860 0.00 0
600104 上汽集团 2010-12-31 1 1430.5100 0.15 1430.5100 0.00 0
600105 永鼎股份 2010-12-31 1 193.6210 0.51 193.6210 0.00 0
600116 三峡水利 2010-12-31 1 236.6650 0.88 0.0000 0.88 1
600118 中国卫星 2010-12-31 1 695.6000 0.99 0.0000 0.99 1
600138 中青旅 2010-12-31 1 550.9150 1.33 0.0000 1.33 1
600139 西部资源 2010-12-31 1 433.8680 1.83 0.0000 1.83 1
600161 天坛生物 2010-12-31 2 750.2680 1.46 -0.9100 1.46 2
600169 太原重工 2010-12-31 1 445.3070 0.55 445.3070 0.00 0
600170 上海建工 2010-12-31 1 288.6650 0.28 48.6810 0.23 1
600178 东安动力 2010-12-31 2 336.1680 0.73 -32.3000 0.80 1
600187 国中水务 2010-12-31 1 50.0200 0.15 50.0200 0.00 0
600188 兖州煤业 2010-12-31 2 840.6300 0.17 290.6300 0.11 1
600193 创兴资源 2010-12-31 2 475.4550 2.18 11.4900 2.13 1
600196 复星医药 2010-12-31 1 1298.7400 0.68 0.0000 0.68 1
600229 青岛碱业 2010-12-31 1 275.5150 0.70 0.0000 0.70 1
600231 凌钢股份 2010-12-31 2 1014.5140 1.26 95.9860 1.14 1
600270 外运发展 2010-12-31 1 215.8000 0.24 0.0000 0.24 1
600283 钱江水利 2010-12-31 1 193.7940 0.68 193.7940 0.00 0
600288 大恒科技 2010-12-31 1 206.7860 0.47 206.7860 0.00 0
600312 平高电气 2010-12-31 1 972.8970 1.19 0.0000 1.19 1
600320 振华重工 2010-12-31 1 920.8050 0.21 920.8050 0.00 0
600323 南海发展 2010-12-31 2 334.5190 1.23 8.2200 1.20 1
600325 华发股份 2010-12-31 1 657.2950 0.80 0.0000 0.80 1
600351 亚宝药业 2010-12-31 2 402.1370 0.64 402.1370 0.00 0
600355 精伦电子 2010-12-31 1 715.0350 2.91 553.9280 0.65 1
600361 华联综超 2010-12-31 1 986.7330 2.04 986.7330 0.00 0
600377 宁沪高速 2010-12-31 1 891.9100 0.18 891.9100 0.00 0
600388 龙净环保 2010-12-31 2 599.9870 2.89 0.0000 2.89 2
600397 安源煤业 2010-12-31 2 479.7580 1.78 63.5050 1.55 3
600409 三友化工 2010-12-31 1 790.1280 0.84 597.6300 0.20 1
600416 湘电股份 2010-12-31 1 293.0020 0.96 -87.1330 1.25 1
600419 新疆天宏 2010-12-31 1 48.1110 0.60 48.1110 0.00 0
600423 柳化股份 2010-12-31 1 999.9850 2.50 0.0000 2.50 1
600425 青松建化 2010-12-31 2 658.2490 1.38 658.2490 0.00 0
600449 宁夏建材 2010-12-31 1 286.7480 1.47 286.7480 0.00 0
600456 宝钛股份 2010-12-31 2 268.3150 0.62 268.3150 0.00 0
600460 士兰微 2010-12-31 1 346.2500 0.80 -26.1000 0.86 1
600480 凌云股份 2010-12-31 1 171.9900 0.48 171.9900 0.00 0
600495 晋西车轴 2010-12-31 2 612.7770 2.03 34.5800 1.91 2
600513 联环药业 2010-12-31 1 38.3212 0.33 38.3212 0.00 0
600517 置信电气 2010-12-31 2 1239.5360 2.00 600.0000 1.03 1
600518 康美药业 2010-12-31 1 2461.4300 1.45 -110.5600 1.52 1
600529 山东药玻 2010-12-31 2 656.1150 2.55 656.1150 0.00 0
600532 宏达矿业 2010-12-31 1 55.3800 0.36 55.3800 0.00 0
600547 山东黄金 2010-12-31 1 743.9120 0.52 -399.4480 0.80 1
600548 深高速 2010-12-31 1 705.9990 0.32 0.0000 0.32 1
600550 天威保变 2010-12-31 1 250.0450 0.21 250.0450 0.00 0
600552 方兴科技 2010-12-31 1 250.0240 2.14 250.0240 0.00 0
600585 海螺水泥 2010-12-31 2 3106.9800 0.88 -3803.0400 1.96 4
600587 新华医疗 2010-12-31 2 626.0970 4.66 300.0010 2.43 1
600588 用友软件 2010-12-31 2 3328.7210 4.08 -364.3070 4.53 3
600590 泰豪科技 2010-12-31 1 180.0000 0.40 180.0000 0.00 0
600594 益佰制药 2010-12-31 1 649.8440 1.84 649.8440 0.00 0
600596 新安股份 2010-12-31 1 657.7130 0.97 0.0000 0.97 1
600598 北大荒 2010-12-31 1 300.0050 0.17 300.0050 0.00 0
600616 金枫酒业 2010-12-31 2 750.7970 1.71 750.7970 0.00 0
600628 新世界 2010-12-31 2 1063.5610 2.00 0.0000 2.00 2
600639 浦东金桥 2010-12-31 1 358.4940 0.39 0.0000 0.39 1
600650 锦江投资 2010-12-31 1 166.3330 0.30 0.0000 0.30 1
600651 飞乐音响 2010-12-31 1 700.0190 1.14 400.0030 0.49 1
600655 豫园商城 2010-12-31 1 1158.7600 0.81 0.0000 0.81 1
600660 福耀玻璃 2010-12-31 1 1846.1200 0.92 1846.1200 0.00 0
600662 强生控股 2010-12-31 6 3732.1310 4.59 923.6480 3.45 5
600702 沱牌舍得 2010-12-31 1 270.2500 0.80 270.2500 0.00 0
600717 天津港 2010-12-31 1 332.8990 0.20 0.0000 0.20 1
600718 东软集团 2010-12-31 2 1270.4140 1.03 328.5760 0.77 1
600720 祁连山 2010-12-31 2 1743.0190 3.67 465.7590 2.69 1
600741 华域汽车 2010-12-31 1 1454.4800 0.56 1454.4800 0.00 0
600767 运盛实业 2010-12-31 1 127.4300 0.37 127.4300 0.00 0
600774 汉商集团 2010-12-31 1 405.3340 2.32 -263.9000 3.83 1
600779 水井坊 2010-12-31 4 1373.3850 2.81 420.3790 1.95 2
600801 华新水泥 2010-12-31 1 426.0080 1.06 0.0000 1.06 1
600812 华北制药 2010-12-31 1 814.2640 0.79 74.0940 0.72 1
600820 隧道股份 2010-12-31 2 1590.4060 2.17 7.6500 2.16 2
600823 世茂股份 2010-12-31 1 1038.7500 0.89 -80.0000 0.96 1
600859 王府井 2010-12-31 1 553.7740 1.33 -887.5290 3.67 3
600871 仪征化纤 2010-12-31 1 115.9980 0.03 115.9980 0.00 0
600884 杉杉股份 2010-12-31 1 144.1190 0.35 -124.0530 0.65 1
600893 航空动力 2010-12-31 1 275.3010 0.51 -0.6900 0.51 1
600895 张江高科 2010-12-31 1 687.5170 0.44 49.9980 0.41 1
600897 厦门空港 2010-12-31 2 322.5104 1.08 59.7554 0.88 1
600966 博汇纸业 2010-12-31 1 169.9900 0.34 169.9900 0.00 0
600993 马应龙 2010-12-31 2 562.2730 3.39 24.9890 3.24 2
600998 九州通 2010-12-31 2 200.0000 0.14 200.0000 0.00 0
601009 南京银行 2010-12-31 1 37652.1000 12.68 7530.4000 12.61 1
601088 中国神华 2010-12-31 1 1311.1800 0.07 1311.1800 0.00 0
601106 中国一重 2010-12-31 1 2583.9000 0.40 2583.9000 0.00 0
601166 兴业银行 2010-12-31 1 76690.8000 12.80 0.0000 12.80 1
601169 北京银行 2010-12-31 1 100048.0000 16.07 0.0000 16.07 1
601179 中国西电 2010-12-31 1 2634.4300 0.60 2634.4300 0.00 0
601186 中国铁建 2010-12-31 2 2861.9400 0.23 -3366.2200 0.50 3
601188 龙江交通 2010-12-31 1 130.9300 0.11 130.9300 0.00 0
601288 农业银行 2010-12-31 1 23492.7000 0.07 23492.7000 0.00 0
601299 中国北车 2010-12-31 1 7307.7000 0.88 7307.7000 0.00 0
601390 中国中铁 2010-12-31 3 7005.9800 0.33 1214.7500 0.27 3
601518 吉林高速 2010-12-31 1 111.9200 0.09 111.9200 0.00 0
601600 中国铝业 2010-12-31 1 1405.2900 0.10 -1556.4200 0.22 2
601607 上海医药 2010-12-31 1 1285.2000 0.64 1285.2000 0.00 0
601628 中国人寿 2010-12-31 3 6350.9700 0.22 -1343.1100 0.27 3
601717 郑煤机 2010-12-31 1 297.3900 0.42 297.3900 0.00 0
601898 中煤能源 2010-12-31 1 803.0540 0.06 803.0540 0.00 0
601991 大唐发电 2010-12-31 4 4111.7660 0.33 -2045.0340 0.50 4
601992 金隅股份 2010-12-31 1 480.0000 0.12 480.0000 0.00 0
