600012,皖通高速,2010-03-31,1,399.9970,0.24,0.0000,0.24,1
600019,宝钢股份,2010-03-31,1,6894.8100,0.39,-15794.6300,1.30,4
600059,古越龙山,2010-03-31,3,1534.5290,2.42,-353.0590,3.38,5
600063,皖维高新,2010-03-31,1,399.9920,1.09,399.9920,0.00,0
600066,宇通客车,2010-03-31,1,980.6440,1.89,-890.7970,3.60,2
600097,开创国际,2010-03-31,1,259.5160,1.28,0.0000,1.28,1
600111,包钢稀土,2010-03-31,1,253.1550,0.31,253.1550,0.00,0
600118,中国卫星,2010-03-31,1,349.7930,0.99,-19.9900,1.05,1
600119,长江投资,2010-03-31,1,125.6800,0.41,125.6800,0.00,0
600123,兰花科创,2010-03-31,1,584.5880,1.02,584.5880,0.00,0
600138,中青旅,2010-03-31,1,550.9150,1.33,0.0000,1.33,1
600150,中国船舶,2010-03-31,1,42.0600,0.06,42.0600,0.00,0
600161,天坛生物,2010-03-31,2,752.4480,1.54,395.7710,0.73,2
600176,中国玻纤,2010-03-31,1,600.0020,1.40,50.0010,1.29,1
600182,S佳通,2010-03-31,1,55.7000,0.16,55.7000,0.00,0
600183,生益科技,2010-03-31,1,592.1090,0.62,5.8800,0.61,1
600188,兖州煤业,2010-03-31,1,550.0000,0.11,249.9930,0.06,1
600189,吉林森工,2010-03-31,1,705.9680,2.27,59.7370,2.08,1
600196,复星医药,2010-03-31,1,865.8260,0.70,-803.9410,1.35,2
600209,罗顿发展,2010-03-31,1,160.8700,0.37,160.8700,0.00,0
600229,青岛碱业,2010-03-31,1,227.9950,0.58,227.9950,0.00,0
600231,凌钢股份,2010-03-31,2,1603.4140,1.99,-94.1960,2.11,2
600261,阳光照明,2010-03-31,1,493.4480,1.98,2.7100,1.96,1
600285,羚锐制药,2010-03-31,2,909.9910,4.53,-0.0070,4.53,2
600292,中电远达,2010-03-31,1,505.9960,1.51,505.9960,0.00,0
600298,安琪酵母,2010-03-31,1,209.0280,0.77,209.0280,0.00,0
600312,平高电气,2010-03-31,1,810.7480,1.19,0.0000,1.19,1
600323,南海发展,2010-03-31,2,844.6256,3.12,118.9353,2.68,2
600333,长春燃气,2010-03-31,1,55.2300,0.12,55.2300,0.00,0
600368,五洲交通,2010-03-31,1,398.0420,0.72,398.0420,0.00,0
600379,宝光股份,2010-03-31,1,560.8030,2.62,560.8030,0.00,0
600386,北巴传媒,2010-03-31,1,394.1370,0.98,394.1370,0.00,0
600388,龙净环保,2010-03-31,3,839.6170,4.04,489.5340,1.68,2
600397,安源煤业,2010-03-31,3,1182.4910,4.39,225.8400,3.55,3
600416,湘电股份,2010-03-31,1,344.4170,1.47,105.2320,1.02,1
600456,宝钛股份,2010-03-31,1,158.7150,0.37,0.0000,0.37,1
600458,时代新材,2010-03-31,1,504.6620,2.47,236.4340,1.31,1
600499,科达机电,2010-03-31,1,1194.3700,2.00,275.6210,2.03,1
600518,康美药业,2010-03-31,1,2516.1500,1.49,0.0000,1.49,1
600522,中天科技,2010-03-31,1,313.1440,0.98,313.1440,0.00,0
600529,山东药玻,2010-03-31,1,453.5290,1.76,0.0000,1.76,1
600536,中国软件,2010-03-31,1,173.6200,0.77,173.6200,0.00,0
600539,ST狮头,2010-03-31,1,48.1600,0.21,48.1600,0.00,0
600550,天威保变,2010-03-31,1,306.0290,0.26,-113.8870,0.36,1
600583,海油工程,2010-03-31,1,1008.2200,0.31,1008.2200,0.00,0
600585,海螺水泥,2010-03-31,4,3614.0980,2.05,2764.8420,0.48,1
600586,金晶科技,2010-03-31,1,602.3910,1.02,0.0000,1.02,1
600588,用友软件,2010-03-31,3,3370.2990,5.37,-551.3070,6.25,5
600590,泰豪科技,2010-03-31,1,655.2810,1.73,655.2810,0.00,0
600599,熊猫烟花,2010-03-31,1,26.0000,0.21,26.0000,0.00,0
600602,仪电电子,2010-03-31,1,419.9980,0.36,419.9980,0.00,0
600616,金枫酒业,2010-03-31,1,291.4820,0.80,0.0000,0.80,1
600628,新世界,2010-03-31,1,409.9840,0.77,409.9840,0.00,0
600655,豫园商城,2010-03-31,1,693.7500,0.87,693.7500,0.00,0
600662,强生控股,2010-03-31,6,3170.5030,3.90,-470.9870,4.48,7
600675,中华企业,2010-03-31,1,323.9050,0.30,323.9050,0.00,0
600682,南京新百,2010-03-31,1,315.2180,0.88,315.2180,0.00,0
600703,三安光电,2010-03-31,1,398.3170,0.72,123.0430,0.99,1
600717,天津港,2010-03-31,2,1374.3440,0.82,-4.1300,0.82,2
600718,东软集团,2010-03-31,1,613.3990,0.65,53.4790,0.59,1
600725,云维股份,2010-03-31,1,97.9704,0.29,-69.9996,0.49,1
600726,华电能源,2010-03-31,1,503.2220,0.26,0.0000,0.26,1
600737,中粮屯河,2010-03-31,1,659.8230,0.66,0.0000,0.66,1
600747,大连控股,2010-03-31,1,146.6800,0.14,146.6800,0.00,0
600897,厦门空港,2010-03-31,1,262.1050,0.88,-446.0180,2.38,2
000001,平安银行,2010-03-31,1,4292.3500,1.38,862.0700,1.10,1
000021,长城开发,2010-03-31,1,499.7650,0.57,499.7650,0.00,0
000022,深赤湾A,2010-03-31,1,399.9980,0.62,0.0000,0.62,1
000023,深天地A,2010-03-31,1,20.8300,0.15,20.8300,0.00,0
000027,深圳能源,2010-03-31,1,400.0940,0.18,400.0940,0.00,0
000061,农产品,2010-03-31,2,2299.9960,2.99,-749.6990,3.97,3
000088,盐田港,2010-03-31,1,564.4970,0.45,63.4850,0.40,2
000155,川化股份,2010-03-31,1,49.9985,0.11,49.9985,0.00,0
000157,中联重科,2010-03-31,1,1703.1100,0.86,1703.1100,0.00,0
000158,常山股份,2010-03-31,1,199.9930,0.28,199.9930,0.00,0
000402,金融街,2010-03-31,1,1787.6800,0.72,1787.6800,0.00,0
000410,沈阳机床,2010-03-31,1,197.7240,0.36,0.0000,0.36,1
000411,英特集团,2010-03-31,2,399.9900,1.93,0.0000,1.93,2
000423,东阿阿胶,2010-03-31,1,710.7130,1.09,-2.5170,1.09,1
000428,华天酒店,2010-03-31,2,853.9850,1.54,492.6370,0.65,1
600779,水井坊,2010-03-31,2,964.1610,1.97,-127.3600,2.23,2
600801,华新水泥,2010-03-31,1,431.1680,1.07,5.1600,1.06,1
600808,马钢股份,2010-03-31,2,3296.0000,0.43,3296.0000,0.00,0
600812,华北制药,2010-03-31,1,758.9200,0.74,0.0000,0.74,1
600820,隧道股份,2010-03-31,4,2409.6840,3.29,1292.1080,1.52,2
600823,世茂股份,2010-03-31,3,3320.9910,2.84,-769.4780,3.49,3
600827,友谊股份,2010-03-31,1,459.9920,0.97,0.0000,0.97,1
600828,成商集团,2010-03-31,2,292.9160,1.44,129.9110,0.80,1
601607,上海医药,2010-03-31,1,815.5690,0.41,815.5690,0.00,0
600859,王府井,2010-03-31,2,1376.9120,3.50,20.8000,3.45,2
600866,星湖科技,2010-03-31,1,352.6170,0.68,352.6170,0.00,0
600872,中炬高新,2010-03-31,1,2110.7300,2.91,0.0000,2.91,1
600873,梅花集团,2010-03-31,1,200.6500,1.85,200.6500,0.00,0
600884,杉杉股份,2010-03-31,1,324.0620,0.79,142.2620,0.44,1
600887,伊利股份,2010-03-31,3,6348.2800,7.94,-272.4900,8.28,3
600888,新疆众和,2010-03-31,1,280.1970,0.80,280.1970,0.00,0
000488,晨鸣纸业,2010-03-31,1,1949.5400,0.95,296.9600,0.80,1
000529,广弘控股,2010-03-31,1,92.5900,0.16,0.3600,0.16,1
000530,大冷股份,2010-03-31,1,221.9010,0.63,221.9010,0.00,0
000538,云南白药,2010-03-31,1,436.8700,0.82,0.0000,0.82,1
000554,泰山石油,2010-03-31,1,376.6020,0.78,376.6020,0.00,0
000566,海南海药,2010-03-31,1,372.9250,1.76,372.9250,0.00,0
000572,海马汽车,2010-03-31,1,200.0000,0.19,0.0000,0.19,1
000592,中福实业,2010-03-31,1,79.8300,0.14,33.2200,0.08,1
000593,大通燃气,2010-03-31,1,76.5200,0.34,76.5200,0.00,0
000598,兴蓉投资,2010-03-31,5,1286.7190,2.78,469.1950,2.70,3
000617,*ST济柴,2010-03-31,1,69.3540,0.24,0.0000,0.24,1
000626,如意集团,2010-03-31,1,53.1400,0.26,53.1400,0.00,0
000631,顺发恒业,2010-03-31,1,120.0900,0.11,120.0900,0.00,0
000633,合金投资,2010-03-31,1,111.0500,0.29,111.0500,0.00,0
000635,英力特,2010-03-31,1,249.9980,1.41,249.9980,0.00,0
000650,仁和药业,2010-03-31,1,341.1230,1.22,113.8960,0.81,1
000651,格力电器,2010-03-31,1,2836.9400,1.51,-1312.1400,2.21,2
000656,金科股份,2010-03-31,2,733.9830,2.94,300.0050,1.74,1
000698,沈阳化工,2010-03-31,1,759.9880,1.15,759.9880,0.00,0
000729,燕京啤酒,2010-03-31,2,2182.7260,1.80,-364.3640,2.10,2
000735,罗牛山,2010-03-31,1,538.9000,0.61,538.9000,0.00,0
000752,西藏发展,2010-03-31,1,51.9500,0.20,51.9500,0.00,0
000758,中色股份,2010-03-31,1,467.9980,0.73,0.0000,0.73,1
000777,中核科技,2010-03-31,2,175.7780,0.87,29.9960,0.72,1
000786,北新建材,2010-03-31,1,500.0000,0.87,0.0000,0.87,1
000789,江西水泥,2010-03-31,1,1264.5000,3.19,0.0000,3.19,1
000826,桑德环境,2010-03-31,1,553.3930,1.34,75.6700,1.16,1
000858,五粮液,2010-03-31,2,2796.3900,0.74,2796.3900,0.00,0
000860,顺鑫农业,2010-03-31,2,879.9890,2.01,399.9960,1.09,1
000862,银星能源,2010-03-31,1,156.5850,0.66,156.5850,0.00,0
000886,海南高速,2010-03-31,1,191.2800,0.19,191.2800,0.00,0
000897,津滨发展,2010-03-31,1,599.9960,0.37,599.9960,0.00,0
000908,*ST天一,2010-03-31,1,51.3120,0.18,51.3120,0.00,0
000911,南宁糖业,2010-03-31,2,499.3520,1.74,119.2570,1.33,2
000930,中粮生化,2010-03-31,1,599.9940,0.62,599.9940,0.00,0
000939,凯迪电力,2010-03-31,1,493.3780,0.84,170.2720,0.88,1
000961,中南建设,2010-03-31,1,819.1860,1.05,2.8100,1.05,1
000968,煤气化,2010-03-31,1,232.1060,0.45,232.1060,0.00,0
000970,中科三环,2010-03-31,2,798.6830,1.57,0.0000,1.57,2
000987,广州友谊,2010-03-31,1,490.8890,1.37,0.0000,1.37,1
600460,士兰微,2010-03-31,1,372.3500,0.92,47.3000,0.80,1
600004,白云机场,2010-03-31,1,2287.4800,1.99,-192.9000,2.16,1
600031,三一重工,2010-03-31,1,685.0320,0.43,685.0320,0.00,0
600423,柳化股份,2010-03-31,1,719.9840,2.70,0.0000,2.70,1
600485,中创信测,2010-03-31,1,460.6600,3.32,163.2300,2.18,1
600489,中金黄金,2010-03-31,1,383.5400,0.49,-119.6100,0.64,1
600547,山东黄金,2010-03-31,1,586.5810,0.82,11.7740,0.81,1
600517,置信电气,2010-03-31,1,639.5360,1.03,639.5360,0.00,0
600406,国电南瑞,2010-03-31,1,742.3310,1.46,433.2370,1.21,1
600021,上海电力,2010-03-31,1,218.6900,0.10,218.6900,0.00,0
600527,江南高纤,2010-03-31,1,554.7980,1.58,133.7990,1.20,1
600354,敦煌种业,2010-03-31,1,151.6700,0.82,151.6700,0.00,0
600467,好当家,2010-03-31,2,862.4900,1.36,262.4930,0.95,1
600993,马应龙,2010-03-31,2,618.7490,3.73,0.0000,3.73,2
600495,晋西车轴,2010-03-31,1,255.8350,1.52,9.5724,1.47,2
600461,洪城水业,2010-03-31,1,200.0000,1.43,200.0000,0.00,0
600143,金发科技,2010-03-31,1,699.1320,0.50,699.1320,0.00,0
600983,合肥三洋,2010-03-31,1,281.6560,0.85,-207.2320,1.47,2
002032,苏泊尔,2010-03-31,2,727.8920,1.64,-425.9900,2.60,3
600970,中材国际,2010-03-31,3,1059.0100,2.51,-38.9100,2.60,3
002041,登海种业,2010-03-31,1,169.5280,0.96,169.5280,0.00,0
002042,华孚色纺,2010-03-31,2,491.2020,2.09,0.0000,2.09,2
601991,大唐发电,2010-03-31,4,5011.5970,0.41,384.4820,0.39,4
002052,同洲电子,2010-03-31,1,176.8820,0.52,176.8820,0.00,0
600999,招商证券,2010-03-31,4,634.2380,0.18,634.2380,0.00,0
601788,光大证券,2010-03-31,1,268.4870,0.08,268.4870,0.00,0
601166,兴业银行,2010-03-31,1,63909.0000,12.78,0.0000,12.78,1
601628,中国人寿,2010-03-31,2,4983.9600,0.18,619.5700,0.15,2
600018,上港集团,2010-03-31,1,2254.5600,0.11,2254.5600,0.00,0
002110,三钢闽光,2010-03-31,1,250.0820,0.47,-100.0000,0.65,1
002298,鑫龙电器,2010-03-31,1,9.5500,0.09,9.5500,0.00,0
601600,中国铝业,2010-03-31,1,1288.5800,0.10,0.0000,0.10,1
002067,景兴纸业,2010-03-31,1,515.7030,1.32,515.7030,0.00,0
002088,鲁阳股份,2010-03-31,1,256.1700,1.09,-161.4550,1.78,1
601111,中国国航,2010-03-31,1,1919.9600,0.16,1919.9600,0.00,0
002056,横店东磁,2010-03-31,1,499.9950,1.22,0.0000,1.22,1
002142,宁波银行,2010-03-31,1,4609.9500,1.84,-3060.0000,3.07,2
002320,海峡股份,2010-03-31,1,110.7850,0.70,110.7850,0.00,0
002080,中材科技,2010-03-31,1,163.8100,1.09,-8.6200,1.15,1
002143,高金食品,2010-03-31,1,49.9978,0.31,49.9978,0.00,0
002096,南岭民爆,2010-03-31,1,42.2980,0.32,-58.0000,0.76,1
002208,合肥城建,2010-03-31,1,89.6800,0.56,-53.6530,0.90,1
002141,蓉胜超微,2010-03-31,1,24.6000,0.22,24.6000,0.00,0
600017,日照港,2010-03-31,1,1300.0200,0.86,1300.0200,0.00,0
002083,孚日股份,2010-03-31,1,590.8040,0.63,-0.1090,0.63,1
002104,恒宝股份,2010-03-31,1,334.4080,1.14,-473.0080,2.75,2
002121,科陆电子,2010-03-31,2,583.2480,2.43,210.6620,1.55,1
601958,金钼股份,2010-03-31,1,402.1210,0.12,402.1210,0.00,0
002144,宏达高科,2010-03-31,1,83.9989,0.78,83.9989,0.00,0
002157,正邦科技,2010-03-31,1,145.9920,0.54,145.9920,0.00,0
002189,利达光电,2010-03-31,1,48.8800,0.25,48.8800,0.00,0
601390,中国中铁,2010-03-31,1,2000.0100,0.09,2000.0100,0.00,0
002194,武汉凡谷,2010-03-31,1,375.8170,0.68,-7.1500,0.69,1
002204,大连重工,2010-03-31,1,245.0100,1.14,31.9310,1.00,1
601139,深圳燃气,2010-03-31,1,31.5400,0.03,31.5400,0.00,0
002227,奥特迅,2010-03-31,2,93.6000,0.86,93.6000,0.00,0
002245,澳洋顺昌,2010-03-31,1,23.4511,0.19,23.4511,0.00,0
002242,九阳股份,2010-03-31,3,612.4245,1.21,249.4275,0.72,2
002262,恩华药业,2010-03-31,1,143.6880,0.80,0.0000,0.80,1
002264,新华都,2010-03-31,1,59.9948,0.56,59.9948,0.00,0
002344,海宁皮城,2010-03-31,1,100.0000,0.36,100.0000,0.00,0
002277,友阿股份,2010-03-31,1,20.0000,0.10,0.0000,0.10,1
002294,信立泰,2010-03-31,1,27.9824,0.25,1.9945,0.23,1
300022,吉峰农机,2010-03-31,1,75.3452,0.84,75.3452,0.00,0
300003,乐普医疗,2010-03-31,2,95.8970,0.24,30.0970,0.16,1
300041,回天胶业,2010-03-31,1,15.5000,0.23,15.5000,0.00,0
601179,中国西电,2010-03-31,1,825.7000,0.19,825.7000,0.00,0
002329,皇氏乳业,2010-03-31,1,14.9949,0.14,14.9949,0.00,0
300030,阳普医疗,2010-03-31,1,53.3681,0.72,53.3681,0.00,0
002369,卓翼科技,2010-03-31,1,29.9910,0.30,29.9910,0.00,0
601106,中国一重,2010-03-31,1,1999.9900,0.31,1999.9900,0.00,0
300057,万顺股份,2010-03-31,1,45.7678,0.22,45.7678,0.00,0
