000002 万科A 2010-09-30 1 10024.1000 0.91 -20617.8200 2.79 3
000021 长城开发 2010-09-30 1 784.2520 0.59 784.2520 0.00 0
000029 深深房A 2010-09-30 1 131.0800 0.13 131.0800 0.00 0
000040 宝安地产 2010-09-30 1 137.7200 0.29 137.7200 0.00 0
000065 北方国际 2010-09-30 1 60.0012 0.37 60.0012 0.00 0
000066 长城电脑 2010-09-30 2 2045.4600 1.86 0.0000 1.86 2
000088 盐田港 2010-09-30 1 283.7000 0.23 0.0000 0.23 1
000089 深圳机场 2010-09-30 3 1212.9320 0.72 1212.9320 0.00 0
000151 中成股份 2010-09-30 1 67.2500 0.23 67.2500 0.00 0
000157 中联重科 2010-09-30 1 3605.4800 0.73 2157.9400 0.73 1
000159 国际实业 2010-09-30 1 92.2850 0.19 92.2850 0.00 0
000400 许继电气 2010-09-30 1 324.3920 0.86 324.3920 0.00 0
000402 金融街 2010-09-30 1 2424.9700 0.80 437.2900 0.80 1
000423 东阿阿胶 2010-09-30 1 694.7380 1.06 5.1500 1.05 1
000428 华天酒店 2010-09-30 2 1125.2810 2.03 361.3480 1.38 1
000488 晨鸣纸业 2010-09-30 1 1440.7200 0.70 -508.8200 0.95 1
000507 珠海港 2010-09-30 2 580.0590 1.68 150.9700 1.24 2
000517 荣安地产 2010-09-30 1 134.2600 0.13 134.2600 0.00 0
000528 柳工 2010-09-30 1 511.3820 0.79 -103.2770 0.95 1
000538 云南白药 2010-09-30 1 596.4730 0.86 137.6480 0.86 1
000546 光华控股 2010-09-30 1 274.0200 1.62 -246.9900 3.07 2
000554 泰山石油 2010-09-30 1 656.6040 1.37 176.6150 1.00 1
000564 西安民生 2010-09-30 1 299.9910 0.99 299.9910 0.00 0
000598 兴蓉投资 2010-09-30 2 914.8450 1.98 -605.6590 3.29 2
000616 亿城股份 2010-09-30 1 1025.4000 1.03 1025.4000 0.00 0
000617 *ST济柴 2010-09-30 1 69.3540 0.24 0.0000 0.24 1
000619 海螺型材 2010-09-30 1 169.9950 0.47 169.9950 0.00 0
000627 天茂集团 2010-09-30 1 135.8100 0.10 135.8100 0.00 0
000635 英力特 2010-09-30 1 359.9800 2.03 0.0000 2.03 1
000651 格力电器 2010-09-30 2 8281.3400 2.94 2814.7200 2.91 2
000656 金科股份 2010-09-30 2 733.9830 2.94 0.0000 2.94 2
000698 沈阳化工 2010-09-30 1 450.0000 0.68 -250.0000 1.06 1
000713 丰乐种业 2010-09-30 1 159.9960 0.59 0.0000 0.59 1
000729 燕京啤酒 2010-09-30 1 782.9310 0.65 -96.7550 0.73 1
000731 四川美丰 2010-09-30 1 135.0000 0.27 135.0000 0.00 0
000758 中色股份 2010-09-30 1 474.0490 0.74 474.0490 0.00 0
000777 中核科技 2010-09-30 1 145.7820 0.72 0.0000 0.72 1
000785 武汉中商 2010-09-30 1 342.6080 1.36 342.6080 0.00 0
000789 江西水泥 2010-09-30 2 1576.4920 3.98 311.9920 3.19 1
000795 太原刚玉 2010-09-30 1 66.2100 0.24 66.2100 0.00 0
000810 华润锦华 2010-09-30 1 78.3700 0.60 78.3700 0.00 0
000813 天山纺织 2010-09-30 1 57.8000 0.16 57.8000 0.00 0
000815 *ST美利 2010-09-30 1 293.0950 0.93 293.0950 0.00 0
000822 山东海化 2010-09-30 1 237.9700 0.27 237.9700 0.00 0
000833 贵糖股份 2010-09-30 1 424.9920 1.44 0.0000 1.44 1
000858 五粮液 2010-09-30 2 5291.9900 1.39 -239.2600 1.46 2
000862 银星能源 2010-09-30 1 94.9942 0.40 -5.0058 0.42 1
000877 天山股份 2010-09-30 1 399.9720 1.03 99.9990 0.77 1
000880 潍柴重机 2010-09-30 1 328.6690 1.19 328.6690 0.00 0
000898 *ST鞍钢 2010-09-30 3 4032.7910 0.56 4032.7910 0.00 0
000911 南宁糖业 2010-09-30 1 208.9910 0.73 208.9910 0.00 0
000961 中南建设 2010-09-30 1 436.7430 0.37 -636.0570 0.92 1
000970 中科三环 2010-09-30 2 760.8100 1.50 760.8100 0.00 0
000993 闽东电力 2010-09-30 1 199.9960 0.54 199.9960 0.00 0
000998 隆平高科 2010-09-30 1 378.1150 1.36 378.1150 0.00 0
002041 登海种业 2010-09-30 1 212.2240 1.21 212.2240 0.00 0
002083 孚日股份 2010-09-30 1 316.7440 0.34 0.0000 0.34 1
002090 金智科技 2010-09-30 1 66.3212 0.33 66.3212 0.00 0
002099 海翔药业 2010-09-30 1 255.5250 1.59 255.5250 0.00 0
002104 恒宝股份 2010-09-30 1 501.6120 1.14 0.0000 1.14 1
002108 沧州明珠 2010-09-30 1 130.9980 0.78 130.9980 0.00 0
002121 科陆电子 2010-09-30 1 556.6990 2.32 186.4930 1.54 1
002142 宁波银行 2010-09-30 2 29609.9500 11.84 25000.0000 1.84 1
002162 *ST上控 2010-09-30 2 377.6420 0.90 377.6420 0.00 0
002194 武汉凡谷 2010-09-30 1 148.5160 0.27 -108.8000 0.46 1
002242 九阳股份 2010-09-30 1 443.6430 0.58 -232.8340 0.89 3
002243 通产丽星 2010-09-30 1 436.4880 1.69 -10.5000 1.73 1
002261 拓维信息 2010-09-30 1 152.2100 1.05 0.0000 1.05 1
002262 恩华药业 2010-09-30 1 196.7910 0.84 0.0000 0.84 1
002272 川润股份 2010-09-30 1 18.1790 0.16 -1.8064 0.18 1
002280 新世纪 2010-09-30 1 26.1500 0.24 26.1500 0.00 0
002299 圣农发展 2010-09-30 1 200.0200 0.49 200.0200 0.00 0
002354 科冕木业 2010-09-30 1 17.1637 0.18 17.1637 0.00 0
002369 卓翼科技 2010-09-30 1 12.2300 0.12 -17.7610 0.30 1
002379 鲁丰股份 2010-09-30 1 9.1602 0.12 9.1602 0.00 0
002381 双箭股份 2010-09-30 1 13.7200 0.18 13.7200 0.00 0
002382 蓝帆股份 2010-09-30 1 9.6839 0.12 9.6839 0.00 0
002393 力生制药 2010-09-30 1 16.9373 0.09 16.9373 0.00 0
002404 嘉欣丝绸 2010-09-30 1 14.7900 0.11 14.7900 0.00 0
002405 四维图新 2010-09-30 1 237.6430 0.59 237.6430 0.00 0
002426 胜利精密 2010-09-30 1 24.9500 0.06 24.9500 0.00 0
002438 江苏神通 2010-09-30 1 35.6066 0.34 35.6066 0.00 0
002452 长高集团 2010-09-30 1 58.3700 0.58 58.3700 0.00 0
002466 天齐锂业 2010-09-30 1 15.0000 0.15 15.0000 0.00 0
002477 雏鹰农牧 2010-09-30 1 74.5890 0.56 74.5890 0.00 0
300003 乐普医疗 2010-09-30 2 172.3620 0.21 -86.1270 0.32 2
300004 南风股份 2010-09-30 1 26.6940 0.28 26.6940 0.00 0
300005 探路者 2010-09-30 1 262.0020 1.96 262.0020 0.00 0
300029 天龙光电 2010-09-30 2 287.3303 1.44 287.3303 0.00 0
300047 天源迪科 2010-09-30 1 74.9857 0.72 0.0000 0.72 1
300065 海兰信 2010-09-30 1 7.4800 0.14 7.4800 0.00 0
300068 南都电源 2010-09-30 2 138.3382 0.56 78.3382 0.24 1
300079 数码视讯 2010-09-30 1 59.9993 0.54 -106.8167 1.49 2
300081 恒信移动 2010-09-30 1 9.5300 0.14 9.5300 0.00 0
300093 金刚玻璃 2010-09-30 1 13.8290 0.12 13.8290 0.00 0
300105 龙源技术 2010-09-30 1 62.6350 0.71 62.6350 0.00 0
300113 顺网科技 2010-09-30 1 27.9910 0.47 27.9910 0.00 0
600004 白云机场 2010-09-30 1 1606.3800 1.40 0.0000 1.40 1
600012 皖通高速 2010-09-30 1 399.9970 0.24 0.0000 0.24 1
600018 上港集团 2010-09-30 2 4866.8600 0.23 -435.2100 0.25 2
600019 宝钢股份 2010-09-30 2 12524.9100 0.72 7994.1200 0.26 1
600021 上海电力 2010-09-30 1 90.0000 0.04 90.0000 0.00 0
600026 中海发展 2010-09-30 1 1122.5100 0.33 -41.8000 0.34 1
600027 华电国际 2010-09-30 1 293.4810 0.04 293.4810 0.00 0
600030 中信证券 2010-09-30 1 5946.6600 0.60 1123.5600 0.48 1
600031 三一重工 2010-09-30 1 954.8950 0.40 954.8950 0.00 0
600035 楚天高速 2010-09-30 1 616.4600 0.66 0.0000 0.66 1
600059 古越龙山 2010-09-30 1 1094.5100 1.72 0.0000 1.72 1
600066 宇通客车 2010-09-30 2 1203.1180 2.31 393.9040 1.56 1
600081 东风科技 2010-09-30 1 340.6970 1.09 340.6970 0.00 0
600116 三峡水利 2010-09-30 1 236.6650 0.88 236.6650 0.00 0
600118 中国卫星 2010-09-30 1 695.6000 0.99 0.0000 0.99 1
600119 长江投资 2010-09-30 1 99.1101 0.32 -9.4299 0.35 1
600123 兰花科创 2010-09-30 1 481.4700 0.84 0.0000 0.84 1
600125 铁龙物流 2010-09-30 1 1207.9800 1.20 45.2300 1.16 1
600133 东湖高新 2010-09-30 1 120.0650 0.24 120.0650 0.00 0
600138 中青旅 2010-09-30 1 550.9150 1.33 0.0000 1.33 1
600139 西部资源 2010-09-30 1 433.8680 1.83 433.8680 0.00 0
600146 大元股份 2010-09-30 1 307.6500 1.54 307.6500 0.00 0
600161 天坛生物 2010-09-30 2 751.1780 1.46 0.0000 1.54 2
600170 上海建工 2010-09-30 1 239.9840 0.23 239.9840 0.00 0
600176 中国玻纤 2010-09-30 1 600.0020 1.40 0.0000 1.40 1
600178 东安动力 2010-09-30 1 368.4680 0.80 368.4680 0.00 0
600188 兖州煤业 2010-09-30 1 550.0000 0.11 0.0000 0.11 1
600193 创兴资源 2010-09-30 1 463.9650 2.13 0.0000 2.13 1
600196 复星医药 2010-09-30 1 1298.7400 0.68 1298.7400 0.00 0
600229 青岛碱业 2010-09-30 1 275.5150 0.70 275.5150 0.00 0
600231 凌钢股份 2010-09-30 1 918.5280 1.14 -28.3210 1.18 2
600237 铜峰电子 2010-09-30 1 99.1200 0.25 99.1200 0.00 0
600246 万通地产 2010-09-30 1 701.4860 0.58 701.4860 0.00 0
600261 阳光照明 2010-09-30 1 256.7780 1.03 -208.8650 1.86 1
600270 外运发展 2010-09-30 1 215.8000 0.24 0.0000 0.24 1
600290 华仪电气 2010-09-30 1 160.0760 0.58 79.9992 0.29 1
600303 曙光股份 2010-09-30 1 355.5690 1.60 355.5690 0.00 0
600307 酒钢宏兴 2010-09-30 1 317.1060 0.16 0.0000 0.16 1
600312 平高电气 2010-09-30 1 972.8970 1.19 0.0000 1.19 1
600323 南海发展 2010-09-30 1 326.2990 1.20 -575.0900 3.33 2
600325 华发股份 2010-09-30 1 657.2950 0.80 657.2950 0.00 0
600355 精伦电子 2010-09-30 1 161.1070 0.65 31.1070 0.53 1
600388 龙净环保 2010-09-30 2 599.9870 2.89 -870.5000 7.07 4
600397 安源煤业 2010-09-30 3 416.2530 1.55 -699.5180 4.14 3
600409 三友化工 2010-09-30 1 192.4980 0.20 192.4980 0.00 0
600416 湘电股份 2010-09-30 1 380.1350 1.25 142.7080 1.01 1
600423 柳化股份 2010-09-30 1 999.9850 2.50 274.9900 1.82 1
600460 士兰微 2010-09-30 1 372.3500 0.86 0.0000 0.92 1
600478 科力远 2010-09-30 1 71.1401 0.23 71.1401 0.00 0
600485 中创信测 2010-09-30 1 156.7130 1.13 -118.7390 1.99 1
600495 晋西车轴 2010-09-30 2 578.1970 1.91 256.9763 1.91 2
600506 香梨股份 2010-09-30 1 50.2000 0.34 50.2000 0.00 0
600517 置信电气 2010-09-30 1 639.5360 1.03 639.5360 0.00 0
600518 康美药业 2010-09-30 1 2571.9900 1.52 184.4000 1.41 1
600519 贵州茅台 2010-09-30 1 527.3140 0.56 -16.1100 0.58 1
600521 华海药业 2010-09-30 1 664.9260 1.48 664.9260 0.00 0
600527 江南高纤 2010-09-30 1 554.7980 1.58 0.0000 1.58 1
600545 新疆城建 2010-09-30 1 143.0000 0.21 56.3200 0.13 1
600547 山东黄金 2010-09-30 1 1143.3600 0.80 -11.4200 0.81 1
600548 深高速 2010-09-30 1 705.9990 0.32 -31.8500 0.34 1
600583 海油工程 2010-09-30 1 1058.7900 0.27 0.0000 0.27 1
600585 海螺水泥 2010-09-30 4 6910.0200 1.96 -2226.4200 2.59 4
600587 新华医疗 2010-09-30 1 326.0960 2.43 326.0960 0.00 0
600588 用友软件 2010-09-30 3 3693.0280 4.53 -77.7670 4.62 3
600596 新安股份 2010-09-30 1 657.7130 0.97 0.0000 0.97 1
600621 华鑫股份 2010-09-30 1 151.4100 0.29 151.4100 0.00 0
600628 新世界 2010-09-30 2 1063.5610 2.00 0.0000 2.00 2
600639 浦东金桥 2010-09-30 1 358.4940 0.39 358.4940 0.00 0
600649 城投控股 2010-09-30 1 667.0280 0.29 667.0280 0.00 0
600650 锦江投资 2010-09-30 1 166.3330 0.30 166.3330 0.00 0
600651 飞乐音响 2010-09-30 1 300.0160 0.49 300.0160 0.00 0
600655 豫园商城 2010-09-30 1 1158.7600 0.81 1158.7600 0.00 0
600662 强生控股 2010-09-30 5 2808.4830 3.45 427.9230 2.93 5
600674 川投能源 2010-09-30 1 149.8230 0.16 149.8230 0.00 0
600675 中华企业 2010-09-30 1 332.5890 0.24 0.0000 0.24 1
600717 天津港 2010-09-30 1 332.8990 0.20 -457.9290 0.47 1
600718 东软集团 2010-09-30 1 941.8380 0.77 272.6420 0.71 1
600720 祁连山 2010-09-30 1 1277.2600 2.69 1277.2600 0.00 0
600760 *ST黑豹 2010-09-30 1 385.9820 1.12 385.9820 0.00 0
600774 汉商集团 2010-09-30 1 669.2340 3.83 669.2340 0.00 0
600779 水井坊 2010-09-30 2 953.0060 1.95 227.1110 1.49 1
600782 新钢股份 2010-09-30 1 452.2900 0.32 452.2900 0.00 0
600795 国电电力 2010-09-30 1 5206.8400 0.42 5206.8400 0.00 0
600801 华新水泥 2010-09-30 1 426.0080 1.06 -5.1600 1.07 1
600808 马钢股份 2010-09-30 1 1618.7900 0.21 1618.7900 0.00 0
600812 华北制药 2010-09-30 1 740.1700 0.72 -41.0000 0.76 1
600820 隧道股份 2010-09-30 2 1582.7560 2.16 11.8400 2.14 2
600823 世茂股份 2010-09-30 1 1118.7500 0.96 -497.0620 1.38 2
600827 友谊股份 2010-09-30 1 459.9920 0.97 0.0000 0.97 1
600828 成商集团 2010-09-30 1 452.5550 1.24 166.3550 0.78 1
600859 王府井 2010-09-30 3 1441.3030 3.67 359.1160 2.75 2
600884 杉杉股份 2010-09-30 1 268.1720 0.65 -6.0300 0.67 1
600887 伊利股份 2010-09-30 1 1291.1000 1.62 0.0000 1.62 1
600893 航空动力 2010-09-30 1 275.9910 0.51 275.9910 0.00 0
600895 张江高科 2010-09-30 1 637.5190 0.41 637.5190 0.00 0
600897 厦门空港 2010-09-30 1 262.7550 0.88 0.6500 0.88 1
600961 *ST株冶 2010-09-30 2 467.8740 0.89 249.9960 0.41 1
600962 国投中鲁 2010-09-30 1 166.0540 0.82 166.0540 0.00 0
600983 合肥三洋 2010-09-30 1 160.1740 0.48 160.1740 0.00 0
600993 马应龙 2010-09-30 2 537.2840 3.24 -88.2500 3.77 2
600999 招商证券 2010-09-30 4 1094.1890 0.31 -145.3030 0.35 5
601000 唐山港 2010-09-30 1 78.0100 0.08 78.0100 0.00 0
601009 南京银行 2010-09-30 1 30121.7000 12.61 30121.7000 0.00 0
601166 兴业银行 2010-09-30 1 76690.8000 12.80 0.0000 12.80 1
601169 北京银行 2010-09-30 1 100048.0000 16.07 100048.0000 0.00 0
601186 中国铁建 2010-09-30 3 6228.1600 0.50 3551.5200 0.22 2
601390 中国中铁 2010-09-30 3 5791.2300 0.27 71.2800 0.27 3
601600 中国铝业 2010-09-30 2 2961.7100 0.22 -169.5600 0.23 2
601628 中国人寿 2010-09-30 3 7694.0800 0.27 -2.0300 0.27 3
601899 紫金矿业 2010-09-30 1 2952.9200 0.20 363.3300 0.18 1
601991 大唐发电 2010-09-30 4 6156.8000 0.50 -258.1900 0.52 4
