000002 万科A 2010-06-30 3 30641.9200 2.79 30641.9200 0.00 0
000061 农产品 2010-06-30 1 1000.0000 1.30 -1299.9960 2.99 2
000066 长城电脑 2010-06-30 2 2045.4600 1.86 2045.4600 0.00 0
000088 盐田港 2010-06-30 1 283.7000 0.23 -280.7970 0.45 1
000157 中联重科 2010-06-30 1 1447.5400 0.73 -255.5700 0.86 1
000402 金融街 2010-06-30 1 1987.6800 0.80 200.0000 0.72 1
000411 英特集团 2010-06-30 2 399.9900 1.93 0.0000 1.93 2
000423 东阿阿胶 2010-06-30 1 689.5880 1.05 -21.1250 1.09 1
000428 华天酒店 2010-06-30 1 763.9330 1.38 -90.0520 1.54 2
000488 晨鸣纸业 2010-06-30 1 1949.5400 0.95 0.0000 0.95 1
000507 珠海港 2010-06-30 2 429.0890 1.24 429.0890 0.00 0
000528 柳工 2010-06-30 1 614.6590 0.95 614.6590 0.00 0
000529 广弘控股 2010-06-30 1 142.6600 0.24 50.0700 0.16 1
000538 云南白药 2010-06-30 1 458.8250 0.86 21.9550 0.82 1
000546 光华控股 2010-06-30 2 521.0100 3.07 521.0100 0.00 0
000554 泰山石油 2010-06-30 1 479.9890 1.00 103.3870 0.78 1
000598 兴蓉投资 2010-06-30 2 1520.5040 3.29 233.7850 2.78 5
000617 *ST济柴 2010-06-30 1 69.3540 0.24 0.0000 0.24 1
000635 英力特 2010-06-30 1 359.9800 2.03 109.9820 1.41 1
000636 风华高科 2010-06-30 1 391.0350 0.58 391.0350 0.00 0
000651 格力电器 2010-06-30 2 5466.6200 2.91 2629.6800 1.51 1
000656 金科股份 2010-06-30 2 733.9830 2.94 0.0000 2.94 2
000665 湖北广电 2010-06-30 1 171.5000 0.97 171.5000 0.00 0
000698 沈阳化工 2010-06-30 1 700.0000 1.06 -59.9880 1.15 1
000713 丰乐种业 2010-06-30 1 159.9960 0.59 159.9960 0.00 0
000729 燕京啤酒 2010-06-30 1 879.6860 0.73 -1303.0400 1.80 2
000777 中核科技 2010-06-30 1 145.7820 0.72 -29.9960 0.87 2
000778 新兴铸管 2010-06-30 1 576.3910 0.30 576.3910 0.00 0
000786 北新建材 2010-06-30 1 500.0000 0.87 0.0000 0.87 1
000789 江西水泥 2010-06-30 1 1264.5000 3.19 0.0000 3.19 1
000811 烟台冰轮 2010-06-30 1 354.5500 1.35 354.5500 0.00 0
000823 超声电子 2010-06-30 1 308.1780 0.70 308.1780 0.00 0
000833 贵糖股份 2010-06-30 1 424.9920 1.44 424.9920 0.00 0
000839 中信国安 2010-06-30 1 461.0000 0.29 461.0000 0.00 0
000858 五粮液 2010-06-30 2 5531.2500 1.46 2734.8600 0.74 2
000860 顺鑫农业 2010-06-30 1 479.9930 1.09 -399.9960 2.01 2
000862 银星能源 2010-06-30 1 100.0000 0.42 -56.5850 0.66 1
000877 天山股份 2010-06-30 1 299.9730 0.77 299.9730 0.00 0
000881 大连国际 2010-06-30 1 452.3420 1.46 452.3420 0.00 0
000939 凯迪电力 2010-06-30 1 859.1440 1.46 365.7660 0.84 1
000951 中国重汽 2010-06-30 1 218.4100 0.52 218.4100 0.00 0
000961 中南建设 2010-06-30 1 1072.8000 0.92 253.6140 1.05 1
000997 新大陆 2010-06-30 1 557.1570 1.09 557.1570 0.00 0
002017 东信和平 2010-06-30 1 171.9980 0.87 171.9980 0.00 0
002032 苏泊尔 2010-06-30 1 245.7430 0.43 -482.1490 1.64 2
002042 华孚色纺 2010-06-30 2 399.0260 1.70 -92.1760 2.09 2
002067 景兴纸业 2010-06-30 1 515.7030 1.32 0.0000 1.32 1
002083 孚日股份 2010-06-30 1 316.7440 0.34 -274.0600 0.63 1
002104 恒宝股份 2010-06-30 1 501.6120 1.14 167.2040 1.14 1
002115 三维通信 2010-06-30 1 148.5940 0.69 148.5940 0.00 0
002121 科陆电子 2010-06-30 1 370.2060 1.54 -213.0420 2.43 2
002142 宁波银行 2010-06-30 1 4609.9500 1.84 0.0000 1.84 1
002144 宏达高科 2010-06-30 1 203.9990 1.90 120.0001 0.78 1
002146 荣盛发展 2010-06-30 1 511.3400 0.36 511.3400 0.00 0
002179 中航光电 2010-06-30 1 149.9910 0.37 149.9910 0.00 0
002194 武汉凡谷 2010-06-30 1 257.3160 0.46 -118.5010 0.68 1
002204 大连重工 2010-06-30 1 107.3000 0.50 -137.7100 1.14 1
002208 合肥城建 2010-06-30 2 219.3024 0.69 129.6224 0.56 1
002227 奥特迅 2010-06-30 2 93.6000 0.86 0.0000 0.86 2
002228 合兴包装 2010-06-30 1 60.0959 0.28 60.0959 0.00 0
002233 塔牌集团 2010-06-30 2 138.1132 0.35 138.1132 0.00 0
002242 九阳股份 2010-06-30 3 676.4770 0.89 64.0525 1.21 3
002243 通产丽星 2010-06-30 1 446.9880 1.73 446.9880 0.00 0
002261 拓维信息 2010-06-30 1 152.2100 1.05 152.2100 0.00 0
002262 恩华药业 2010-06-30 1 196.7910 0.84 53.1030 0.80 1
002272 川润股份 2010-06-30 1 19.9854 0.18 19.9854 0.00 0
002294 信立泰 2010-06-30 1 50.0000 0.22 22.0176 0.25 1
002305 南国置业 2010-06-30 1 22.1700 0.05 22.1700 0.00 0
002369 卓翼科技 2010-06-30 1 29.9910 0.30 0.0000 0.30 1
002390 信邦制药 2010-06-30 1 59.9998 0.69 59.9998 0.00 0
300003 乐普医疗 2010-06-30 2 258.4890 0.32 162.5920 0.24 2
300030 阳普医疗 2010-06-30 1 56.6374 0.77 3.2693 0.72 1
300047 天源迪科 2010-06-30 1 74.9857 0.72 74.9857 0.00 0
300055 万邦达 2010-06-30 1 67.6467 0.59 67.6467 0.00 0
300068 南都电源 2010-06-30 1 60.0000 0.24 60.0000 0.00 0
300079 数码视讯 2010-06-30 2 166.8160 1.49 166.8160 0.00 0
600004 白云机场 2010-06-30 1 1606.3800 1.40 -681.1000 1.99 1
600007 中国国贸 2010-06-30 1 335.8500 0.33 335.8500 0.00 0
600012 皖通高速 2010-06-30 1 399.9970 0.24 0.0000 0.24 1
600017 日照港 2010-06-30 1 1089.0200 0.72 -211.0000 0.86 1
600018 上港集团 2010-06-30 2 5302.0700 0.25 3047.5100 0.11 1
600019 宝钢股份 2010-06-30 1 4530.7900 0.26 -2364.0200 0.39 1
600026 中海发展 2010-06-30 1 1164.3100 0.34 1164.3100 0.00 0
600030 中信证券 2010-06-30 1 4823.1000 0.48 4823.1000 0.00 0
600035 楚天高速 2010-06-30 1 616.4600 0.66 616.4600 0.00 0
600059 古越龙山 2010-06-30 1 1094.5100 1.72 -440.0190 2.42 3
600066 宇通客车 2010-06-30 1 809.2140 1.56 -171.4300 1.89 1
600097 开创国际 2010-06-30 1 259.5160 1.28 0.0000 1.28 1
600098 广州发展 2010-06-30 1 153.7630 0.07 153.7630 0.00 0
600118 中国卫星 2010-06-30 1 695.6000 0.99 345.8070 0.99 1
600119 长江投资 2010-06-30 1 108.5400 0.35 -17.1400 0.41 1
600123 兰花科创 2010-06-30 1 481.4700 0.84 -103.1180 1.02 1
600125 铁龙物流 2010-06-30 1 1162.7500 1.16 1162.7500 0.00 0
600136 道博股份 2010-06-30 1 27.6900 0.27 27.6900 0.00 0
600138 中青旅 2010-06-30 1 550.9150 1.33 0.0000 1.33 1
600143 金发科技 2010-06-30 1 1081.2900 0.77 382.1580 0.50 1
600161 天坛生物 2010-06-30 2 751.1780 1.54 -1.2700 1.54 2
600176 中国玻纤 2010-06-30 1 600.0020 1.40 0.0000 1.40 1
600188 兖州煤业 2010-06-30 1 550.0000 0.11 0.0000 0.11 1
600193 创兴资源 2010-06-30 1 463.9650 2.13 463.9650 0.00 0
600206 有研硅股 2010-06-30 1 65.0000 0.30 65.0000 0.00 0
600218 全柴动力 2010-06-30 1 79.9922 0.28 79.9922 0.00 0
600231 凌钢股份 2010-06-30 2 946.8490 1.18 -656.5650 1.99 2
600261 阳光照明 2010-06-30 1 465.6430 1.86 -27.8050 1.98 1
600270 外运发展 2010-06-30 1 215.8000 0.24 215.8000 0.00 0
600290 华仪电气 2010-06-30 1 80.0768 0.29 80.0768 0.00 0
600307 酒钢宏兴 2010-06-30 1 317.1060 0.16 317.1060 0.00 0
600312 平高电气 2010-06-30 1 972.8970 1.19 162.1490 1.19 1
600320 振华重工 2010-06-30 1 777.9050 0.18 777.9050 0.00 0
600323 南海发展 2010-06-30 2 901.3890 3.33 56.7634 3.12 2
600348 阳泉煤业 2010-06-30 1 769.7850 0.32 769.7850 0.00 0
600355 精伦电子 2010-06-30 1 130.0000 0.53 130.0000 0.00 0
600362 江西铜业 2010-06-30 1 249.9950 0.08 249.9950 0.00 0
600379 宝光股份 2010-06-30 1 357.4500 1.67 -203.3530 2.62 1
600386 北巴传媒 2010-06-30 1 394.1370 0.98 0.0000 0.98 1
600388 龙净环保 2010-06-30 4 1470.4870 7.07 630.8700 4.04 3
600395 盘江股份 2010-06-30 1 391.6970 0.36 391.6970 0.00 0
600397 安源煤业 2010-06-30 3 1115.7710 4.14 -66.7200 4.39 3
600416 湘电股份 2010-06-30 1 237.4270 1.01 -106.9900 1.47 1
600423 柳化股份 2010-06-30 1 724.9950 1.82 5.0110 2.70 1
600456 宝钛股份 2010-06-30 1 158.7150 0.37 0.0000 0.37 1
600460 士兰微 2010-06-30 1 372.3500 0.92 0.0000 0.92 1
600467 好当家 2010-06-30 1 599.9970 0.95 -262.4930 1.36 2
600480 凌云股份 2010-06-30 1 257.1400 0.82 257.1400 0.00 0
600481 双良节能 2010-06-30 1 706.1440 0.87 706.1440 0.00 0
600485 中创信测 2010-06-30 1 275.4520 1.99 -185.2080 3.32 1
600495 晋西车轴 2010-06-30 2 321.2207 1.91 65.3857 1.52 1
600499 科达机电 2010-06-30 1 931.0530 1.56 -263.3170 2.00 1
600518 康美药业 2010-06-30 1 2387.5900 1.41 -128.5600 1.49 1
600519 贵州茅台 2010-06-30 1 543.4240 0.58 543.4240 0.00 0
600527 江南高纤 2010-06-30 1 554.7980 1.58 0.0000 1.58 1
600529 山东药玻 2010-06-30 1 453.5290 1.76 0.0000 1.76 1
600545 新疆城建 2010-06-30 1 86.6800 0.13 86.6800 0.00 0
600547 山东黄金 2010-06-30 1 1154.7800 0.81 568.1990 0.82 1
600548 深高速 2010-06-30 1 737.8490 0.34 737.8490 0.00 0
600550 天威保变 2010-06-30 1 250.0450 0.21 -55.9840 0.26 1
600582 天地科技 2010-06-30 1 457.4430 0.68 457.4430 0.00 0
600583 海油工程 2010-06-30 1 1058.7900 0.27 50.5700 0.31 1
600585 海螺水泥 2010-06-30 4 9136.4400 2.59 5522.3420 2.05 4
600588 用友软件 2010-06-30 3 3770.7950 4.62 400.4960 5.37 3
600596 新安股份 2010-06-30 1 657.7130 0.97 657.7130 0.00 0
600616 金枫酒业 2010-06-30 1 349.7780 0.80 58.2960 0.80 1
600628 新世界 2010-06-30 2 1063.5610 2.00 653.5770 0.77 1
600660 福耀玻璃 2010-06-30 1 1764.3200 0.88 1764.3200 0.00 0
600662 强生控股 2010-06-30 5 2380.5600 2.93 -789.9430 3.90 6
600675 中华企业 2010-06-30 1 332.5890 0.24 8.6840 0.30 1
600683 京投银泰 2010-06-30 1 389.2770 0.53 389.2770 0.00 0
600717 天津港 2010-06-30 1 790.8280 0.47 -583.5160 0.82 2
600718 东软集团 2010-06-30 1 669.1960 0.71 55.7970 0.65 1
600726 华电能源 2010-06-30 1 503.2220 0.26 0.0000 0.26 1
600737 中粮屯河 2010-06-30 1 659.8230 0.66 0.0000 0.66 1
600741 华域汽车 2010-06-30 1 1020.2200 0.39 1020.2200 0.00 0
600742 一汽富维 2010-06-30 1 233.8450 1.11 233.8450 0.00 0
600779 水井坊 2010-06-30 1 725.8950 1.49 -238.2660 1.97 2
600784 鲁银投资 2010-06-30 1 179.4800 0.72 179.4800 0.00 0
600789 鲁抗医药 2010-06-30 1 300.0000 0.52 300.0000 0.00 0
600801 华新水泥 2010-06-30 1 431.1680 1.07 0.0000 1.07 1
600812 华北制药 2010-06-30 1 781.1700 0.76 22.2500 0.74 1
600815 厦工股份 2010-06-30 2 536.9200 0.77 536.9200 0.00 0
600820 隧道股份 2010-06-30 2 1570.9160 2.14 -838.7680 3.29 4
600823 世茂股份 2010-06-30 2 1615.8120 1.38 -1705.1790 2.84 3
600827 友谊股份 2010-06-30 1 459.9920 0.97 0.0000 0.97 1
600828 成商集团 2010-06-30 1 286.2000 0.78 -6.7160 1.44 2
600859 王府井 2010-06-30 2 1082.1870 2.75 -294.7250 3.50 2
600872 中炬高新 2010-06-30 1 1730.7300 2.39 -380.0000 2.91 1
600884 杉杉股份 2010-06-30 1 274.2020 0.67 -49.8600 0.79 1
600887 伊利股份 2010-06-30 1 1291.1000 1.62 -5057.1800 7.94 3
600897 厦门空港 2010-06-30 1 262.1050 0.88 0.0000 0.88 1
600961 *ST株冶 2010-06-30 1 217.8780 0.41 217.8780 0.00 0
600970 中材国际 2010-06-30 1 699.5810 0.92 -359.4290 2.51 3
600993 马应龙 2010-06-30 2 625.5340 3.77 6.7850 3.73 2
600999 招商证券 2010-06-30 5 1239.4920 0.35 605.2540 0.18 4
601006 大秦铁路 2010-06-30 1 5963.3300 0.46 5963.3300 0.00 0
601166 兴业银行 2010-06-30 1 76690.8000 12.80 12781.8000 12.78 1
601186 中国铁建 2010-06-30 2 2676.6400 0.22 2676.6400 0.00 0
601390 中国中铁 2010-06-30 3 5719.9500 0.27 3719.9400 0.09 1
601600 中国铝业 2010-06-30 2 3131.2700 0.23 1842.6900 0.10 1
601628 中国人寿 2010-06-30 3 7696.1100 0.27 2712.1500 0.18 2
601788 光大证券 2010-06-30 2 352.6500 0.10 84.1630 0.08 1
601899 紫金矿业 2010-06-30 1 2589.5900 0.18 2589.5900 0.00 0
601991 大唐发电 2010-06-30 4 6414.9900 0.52 1403.3930 0.41 4
