000002 万科A 2011-06-30 1 8080.0600 0.73 535.8500 0.69 1
000026 飞亚达A 2011-06-30 2 400.6570 1.02 241.1600 0.57 1
000059 辽通化工 2011-06-30 1 557.7880 0.46 557.7880 0.00 0
000065 北方国际 2011-06-30 1 120.0160 0.74 0.0000 0.74 1
000089 深圳机场 2011-06-30 2 854.9280 0.51 62.9540 0.47 1
000420 吉林化纤 2011-06-30 2 867.6890 2.29 867.6890 0.00 0
000423 东阿阿胶 2011-06-30 1 860.0710 1.32 -31.4600 1.36 1
000428 华天酒店 2011-06-30 2 1150.4460 1.60 -717.1260 2.60 2
000488 晨鸣纸业 2011-06-30 1 2403.6200 1.17 0.0000 1.17 1
000538 云南白药 2011-06-30 1 407.8780 0.59 -320.2240 1.05 2
000563 陕国投A 2011-06-30 1 92.6973 0.26 92.6973 0.00 0
000568 泸州老窖 2011-06-30 1 951.4530 0.68 107.4750 0.61 1
000651 格力电器 2011-06-30 1 5525.4700 1.96 -4087.4300 3.41 2
000656 金科股份 2011-06-30 1 698.5300 2.79 264.5520 1.74 1
000659 珠海中富 2011-06-30 1 434.0000 0.57 0.0000 0.57 1
000666 经纬纺机 2011-06-30 1 274.9950 0.46 274.9950 0.00 0
000669 金鸿能源 2011-06-30 1 182.6970 1.98 182.6970 0.00 0
000680 山推股份 2011-06-30 1 556.3400 0.73 556.3400 0.00 0
000715 中兴商业 2011-06-30 1 800.5920 2.87 257.3580 1.95 1
000758 中色股份 2011-06-30 1 296.4040 0.46 296.4040 0.00 0
000759 中百集团 2011-06-30 2 2637.8800 3.87 274.6500 3.47 2
000786 北新建材 2011-06-30 1 383.0960 0.67 383.0960 0.00 0
000789 江西水泥 2011-06-30 1 1264.5000 3.19 0.0000 3.19 1
000822 山东海化 2011-06-30 1 237.9700 0.27 237.9700 0.00 0
000829 天音控股 2011-06-30 1 260.8310 0.28 260.8310 0.00 0
000837 秦川发展 2011-06-30 1 660.8190 1.90 401.4910 0.74 1
000858 五粮液 2011-06-30 4 6488.6900 1.71 1399.6400 1.34 3
000860 顺鑫农业 2011-06-30 4 1625.5310 3.71 1145.5380 1.09 1
000880 潍柴重机 2011-06-30 1 296.6910 1.07 296.6910 0.00 0
000895 双汇发展 2011-06-30 2 1433.0060 2.36 1433.0060 0.00 0
000918 嘉凯城 2011-06-30 4 1908.9950 1.06 0.0000 1.06 4
000930 中粮生化 2011-06-30 1 529.9980 0.55 0.0000 0.55 1
000932 华菱钢铁 2011-06-30 3 4220.3300 1.40 1200.0000 1.00 2
000935 四川双马 2011-06-30 1 79.0700 0.13 79.0700 0.00 0
000939 凯迪电力 2011-06-30 1 830.3840 0.88 830.3840 0.00 0
000962 东方钽业 2011-06-30 1 136.0790 0.38 0.0000 0.38 1
000970 中科三环 2011-06-30 1 240.2400 0.47 -108.1200 0.69 1
000987 广州友谊 2011-06-30 1 553.4800 1.54 -140.9800 1.93 1
000989 九芝堂 2011-06-30 1 317.8880 1.07 -26.2650 1.16 1
002019 鑫富药业 2011-06-30 1 250.0860 1.13 -180.3460 1.95 2
002020 京新药业 2011-06-30 1 103.8440 1.02 103.8440 0.00 0
002024 苏宁云商 2011-06-30 1 6376.6700 0.91 445.8700 0.85 1
002041 登海种业 2011-06-30 1 120.0340 0.34 120.0340 0.00 0
002051 中工国际 2011-06-30 1 438.5140 1.00 143.1960 0.87 1
002056 横店东磁 2011-06-30 1 220.0000 0.52 0.0000 0.52 1
002075 沙钢股份 2011-06-30 1 137.7510 0.09 137.7510 0.00 0
002078 太阳纸业 2011-06-30 1 306.2080 0.30 306.2080 0.00 0
002083 孚日股份 2011-06-30 1 159.2680 0.17 0.0000 0.17 1
002088 鲁阳股份 2011-06-30 1 143.0730 0.61 -233.7760 1.61 2
002104 恒宝股份 2011-06-30 3 1461.6320 3.32 284.4560 2.67 2
002131 利欧股份 2011-06-30 1 306.1700 1.02 -10.3980 1.05 1
002136 安纳达 2011-06-30 1 32.1685 0.30 32.1685 0.00 0
002142 宁波银行 2011-06-30 2 29609.9500 10.27 0.0000 10.27 2
002176 江特电机 2011-06-30 1 245.9790 1.26 245.9790 0.00 0
002190 成飞集成 2011-06-30 1 44.9264 0.17 5.4100 0.19 1
002223 鱼跃医疗 2011-06-30 2 684.9890 1.68 294.7744 1.53 3
002242 九阳股份 2011-06-30 1 236.8400 0.31 -720.0640 1.26 3
002261 拓维信息 2011-06-30 1 228.3150 1.05 76.1050 1.05 1
002262 恩华药业 2011-06-30 1 196.7910 0.84 0.0000 0.84 1
002271 东方雨虹 2011-06-30 1 151.5360 0.44 75.7681 0.44 1
002298 鑫龙电器 2011-06-30 1 99.9997 0.61 0.0000 0.61 1
002303 美盈森 2011-06-30 1 75.1465 0.42 0.0000 0.42 1
002313 日海通讯 2011-06-30 1 57.4739 0.57 0.0000 0.57 1
002334 英威腾 2011-06-30 1 49.9927 0.41 0.0000 0.41 1
002376 新北洋 2011-06-30 1 120.4400 0.40 60.2200 0.40 1
002405 四维图新 2011-06-30 1 285.1720 0.59 -30.2140 0.79 2
002413 常发股份 2011-06-30 1 57.4269 0.39 3.2543 0.37 1
002515 金字火腿 2011-06-30 1 8.8980 0.09 -2.3559 0.15 1
002589 瑞康医药 2011-06-30 1 80.0848 0.85 80.0848 0.00 0
300003 乐普医疗 2011-06-30 2 497.3430 0.61 384.9810 0.14 1
300005 探路者 2011-06-30 1 1139.1600 4.25 569.5820 4.25 1
300008 上海佳豪 2011-06-30 1 232.3350 1.60 232.3350 0.00 0
300068 南都电源 2011-06-30 1 202.8230 0.68 59.3810 0.58 1
300113 顺网科技 2011-06-30 1 175.9540 1.33 95.9750 1.33 1
300117 嘉寓股份 2011-06-30 1 59.9982 0.28 7.4991 0.48 2
300136 信维通信 2011-06-30 1 63.2637 0.47 18.0887 0.68 1
300148 天舟文化 2011-06-30 1 12.5580 0.13 12.5580 0.00 0
300168 万达信息 2011-06-30 1 45.8358 0.38 45.8358 0.00 0
300187 永清环保 2011-06-30 1 175.2030 2.62 21.7450 2.30 1
600004 白云机场 2011-06-30 1 1606.3800 1.40 0.0000 1.40 1
600006 东风汽车 2011-06-30 1 336.3900 0.17 0.0000 0.17 1
600007 中国国贸 2011-06-30 1 354.8800 0.35 354.8800 0.00 0
600012 皖通高速 2011-06-30 1 773.3170 0.47 224.6540 0.33 1
600015 华夏银行 2011-06-30 1 29500.0000 4.31 29500.0000 0.00 0
600021 上海电力 2011-06-30 1 459.9920 0.22 459.9920 0.00 0
600026 中海发展 2011-06-30 1 374.2720 0.11 0.0000 0.11 1
600030 中信证券 2011-06-30 1 5095.8400 0.51 508.7700 0.46 1
600035 楚天高速 2011-06-30 2 540.3420 0.58 -24.7580 0.61 2
600063 皖维高新 2011-06-30 1 400.4940 0.86 0.0000 0.86 1
600066 宇通客车 2011-06-30 1 652.1430 1.25 0.0000 1.25 1
600096 云天化 2011-06-30 1 330.0130 0.48 69.9920 0.44 1
600104 上汽集团 2011-06-30 1 1722.3300 0.19 1722.3300 0.00 0
600105 永鼎股份 2011-06-30 2 291.8880 0.77 -24.7400 0.83 2
600118 中国卫星 2011-06-30 1 695.6000 0.99 0.0000 0.99 1
600125 铁龙物流 2011-06-30 1 1219.1500 0.93 1219.1500 0.00 0
600138 中青旅 2011-06-30 2 1519.9790 3.66 -223.4120 4.20 2
600153 建发股份 2011-06-30 1 1530.8400 0.68 1530.8400 0.00 0
600161 天坛生物 2011-06-30 2 750.2680 1.46 0.0000 1.46 2
600170 上海建工 2011-06-30 1 377.3430 0.36 12.5980 0.35 1
600188 兖州煤业 2011-06-30 1 500.0000 0.10 0.0000 0.10 1
600193 创兴资源 2011-06-30 2 369.9790 1.70 -105.4760 2.18 2
600196 复星医药 2011-06-30 2 2200.8060 1.16 -432.8920 1.38 3
600219 南山铝业 2011-06-30 1 797.3010 0.41 0.0000 0.41 1
600229 青岛碱业 2011-06-30 1 275.5150 0.70 0.0000 0.70 1
600231 凌钢股份 2011-06-30 1 456.5530 0.57 -1311.9410 2.20 2
600258 首旅酒店 2011-06-30 1 499.9880 2.16 -106.2000 2.62 2
600270 外运发展 2011-06-30 1 215.8000 0.24 215.8000 0.00 0
600284 浦东建设 2011-06-30 1 286.1500 0.83 -9.5400 0.85 1
600288 大恒科技 2011-06-30 1 128.5760 0.29 0.0000 0.29 1
600312 平高电气 2011-06-30 1 972.8970 1.19 0.0000 1.19 1
600325 华发股份 2011-06-30 1 917.2950 1.12 -582.4920 1.84 2
600350 山东高速 2011-06-30 1 359.9950 0.11 159.9950 0.06 1
600355 精伦电子 2011-06-30 1 627.1350 2.55 -258.7190 3.60 1
600361 华联综超 2011-06-30 1 1055.0100 1.58 31.2800 2.11 1
600377 宁沪高速 2011-06-30 1 732.8530 0.15 -693.2580 0.28 2
600388 龙净环保 2011-06-30 2 559.9870 2.62 -135.7000 3.35 2
600397 安源煤业 2011-06-30 2 473.7480 1.76 0.0000 1.76 2
600423 柳化股份 2011-06-30 2 2654.1900 6.65 1444.2100 3.03 1
600486 扬农化工 2011-06-30 1 195.0290 1.13 0.0000 1.13 1
600517 置信电气 2011-06-30 2 1365.0950 2.21 0.0000 2.21 2
600518 康美药业 2011-06-30 1 3011.8600 1.37 -100.0000 1.42 1
600519 贵州茅台 2011-06-30 1 369.4500 0.39 369.4500 0.00 0
600529 山东药玻 2011-06-30 2 674.4770 2.62 18.3620 2.55 2
600535 天士力 2011-06-30 1 369.9650 0.72 369.9650 0.00 0
600550 天威保变 2011-06-30 1 306.8530 0.22 46.8080 0.22 1
600552 方兴科技 2011-06-30 1 250.0240 2.14 0.0000 2.14 1
600572 康恩贝 2011-06-30 2 358.3150 0.51 358.3150 0.00 0
600583 海油工程 2011-06-30 1 1058.7900 0.27 1058.7900 0.00 0
600587 新华医疗 2011-06-30 1 326.0960 2.43 -236.1010 4.18 2
600588 用友软件 2011-06-30 2 3774.0200 4.62 185.0400 4.40 2
600594 益佰制药 2011-06-30 1 649.8440 1.84 0.0000 1.84 1
600596 新安股份 2011-06-30 1 657.7130 0.97 0.0000 0.97 1
600600 青岛啤酒 2011-06-30 1 1149.8500 0.85 1149.8500 0.00 0
600601 方正科技 2011-06-30 1 473.4950 0.22 95.8900 0.17 1
600628 新世界 2011-06-30 2 1063.5610 2.00 0.0000 2.00 2
600639 浦东金桥 2011-06-30 1 358.4940 0.39 0.0000 0.39 1
600644 乐山电力 2011-06-30 1 119.4940 0.37 -311.5400 1.32 1
600651 飞乐音响 2011-06-30 1 1000.0400 1.62 0.0000 1.62 1
600655 豫园商城 2011-06-30 1 1158.7600 0.81 -1104.6300 1.57 2
600662 强生控股 2011-06-30 6 3741.8210 3.55 108.6800 4.47 6
600686 金龙汽车 2011-06-30 1 168.7210 0.38 168.7210 0.00 0
600690 青岛海尔 2011-06-30 1 1488.7500 1.11 1488.7500 0.00 0
600697 欧亚集团 2011-06-30 2 763.1200 4.80 763.1200 0.00 0
600712 南宁百货 2011-06-30 1 70.3298 0.27 70.3298 0.00 0
600718 东软集团 2011-06-30 1 1059.6100 0.86 0.0000 0.86 1
600729 重庆百货 2011-06-30 1 317.0640 0.85 317.0640 0.00 0
600741 华域汽车 2011-06-30 1 1806.9700 0.70 352.4900 0.56 1
600779 水井坊 2011-06-30 3 1233.2290 2.52 -145.1900 2.82 4
600787 中储股份 2011-06-30 1 892.4480 1.06 892.4480 0.00 0
600801 华新水泥 2011-06-30 1 852.0150 1.06 426.0070 1.06 1
600808 马钢股份 2011-06-30 2 1896.2630 0.25 1119.1800 0.10 1
600812 华北制药 2011-06-30 1 814.2640 0.79 0.0000 0.79 1
600820 隧道股份 2011-06-30 2 1200.1850 1.64 -328.6810 2.08 2
600823 世茂股份 2011-06-30 1 1038.7500 0.89 0.0000 0.89 1
600859 王府井 2011-06-30 1 562.9730 1.35 -53.2180 1.48 1
600860 北人股份 2011-06-30 1 110.4900 0.26 0.0000 0.26 1
600884 杉杉股份 2011-06-30 2 224.3320 0.55 -138.9340 0.88 2
600887 伊利股份 2011-06-30 1 3108.9100 1.94 3108.9100 0.00 0
600893 航空动力 2011-06-30 1 709.0370 0.65 709.0370 0.00 0
600897 厦门空港 2011-06-30 2 364.0030 1.22 0.0000 1.22 2
600966 博汇纸业 2011-06-30 1 169.9900 0.34 -147.0600 0.63 2
600978 宜华木业 2011-06-30 1 999.9970 0.87 0.0000 0.87 1
600980 *ST北磁 2011-06-30 1 32.8237 0.25 9.5437 0.18 1
600993 马应龙 2011-06-30 1 607.5060 1.83 62.2260 3.29 2
600998 九州通 2011-06-30 2 219.7660 0.15 0.0000 0.15 2
601006 大秦铁路 2011-06-30 1 10717.2000 0.72 2455.8900 0.56 1
601009 南京银行 2011-06-30 1 37652.1000 12.68 0.0000 12.68 1
601106 中国一重 2011-06-30 1 2883.6900 0.44 1225.8500 0.25 1
601117 中国化学 2011-06-30 1 2466.3600 0.50 2466.3600 0.00 0
601166 兴业银行 2011-06-30 1 138043.0000 12.80 61352.2000 12.80 1
601169 北京银行 2011-06-30 1 100048.0000 16.07 0.0000 16.07 1
601186 中国铁建 2011-06-30 2 3215.7300 0.26 1375.8500 0.15 1
601288 农业银行 2011-06-30 1 25740.9000 0.08 -4945.8000 0.09 1
601390 中国中铁 2011-06-30 3 5806.0200 0.27 1804.4900 0.19 2
601607 上海医药 2011-06-30 1 1808.1400 0.67 -1306.4840 1.56 3
601628 中国人寿 2011-06-30 2 3611.0300 0.13 -337.6300 0.14 2
601717 郑煤机 2011-06-30 1 310.1400 0.44 12.7500 0.42 1
601766 中国南车 2011-06-30 1 2439.4100 0.21 -620.4100 0.26 1
601899 紫金矿业 2011-06-30 1 2058.3900 0.14 13.1200 0.14 1
