000002 万科A 2011-03-31 1 7544.2100 0.69 7544.2100 0.00 0
000026 飞亚达A 2011-03-31 1 159.4970 0.57 0.0000 0.57 1
000065 北方国际 2011-03-31 1 120.0160 0.74 20.0060 0.62 1
000088 盐田港 2011-03-31 1 131.4100 0.11 -20.4000 0.12 1
000089 深圳机场 2011-03-31 1 791.9740 0.47 -137.4840 0.55 2
000410 沈阳机床 2011-03-31 1 313.7330 0.58 0.0000 0.58 1
000411 英特集团 2011-03-31 2 409.9160 1.98 409.9160 0.00 0
000422 湖北宜化 2011-03-31 1 394.7210 0.73 394.7210 0.00 0
000423 东阿阿胶 2011-03-31 1 891.5310 1.36 187.8490 1.08 1
000428 华天酒店 2011-03-31 2 1867.5720 2.60 217.0180 2.98 3
000488 晨鸣纸业 2011-03-31 1 2403.6200 1.17 862.9000 0.75 1
000501 鄂武商A 2011-03-31 1 755.2770 1.49 0.0000 1.49 1
000538 云南白药 2011-03-31 2 728.1020 1.05 319.5550 0.59 1
000568 泸州老窖 2011-03-31 1 843.9780 0.61 843.9780 0.00 0
000571 新大洲A 2011-03-31 1 140.0930 0.19 140.0930 0.00 0
000608 阳光股份 2011-03-31 1 649.9910 0.87 -99.9890 1.00 1
000635 英力特 2011-03-31 1 250.0000 1.41 -109.9800 2.03 1
000638 万方发展 2011-03-31 1 45.1000 0.29 45.1000 0.00 0
000651 格力电器 2011-03-31 2 9612.9000 3.41 -287.0900 3.51 2
000656 金科股份 2011-03-31 1 433.9780 1.74 -300.0050 2.94 2
000659 珠海中富 2011-03-31 1 434.0000 0.57 434.0000 0.00 0
000713 丰乐种业 2011-03-31 1 55.5500 0.19 55.5500 0.00 0
000715 中兴商业 2011-03-31 1 543.2340 1.95 543.2340 0.00 0
000732 泰禾集团 2011-03-31 1 49.1300 0.05 -126.1700 0.17 1
000759 中百集团 2011-03-31 2 2363.2300 3.47 1186.5800 1.73 1
000789 江西水泥 2011-03-31 1 1264.5000 3.19 0.0000 3.19 1
000797 中国武夷 2011-03-31 1 83.2300 0.21 83.2300 0.00 0
000837 秦川发展 2011-03-31 1 259.3280 0.74 -666.1750 2.65 2
000839 中信国安 2011-03-31 1 469.1350 0.30 -0.1550 0.30 1
000858 五粮液 2011-03-31 3 5089.0500 1.34 288.1600 1.26 3
000860 顺鑫农业 2011-03-31 1 479.9930 1.09 479.9930 0.00 0
000893 东凌粮油 2011-03-31 1 99.9927 0.45 99.9927 0.00 0
000918 嘉凯城 2011-03-31 4 1908.9950 1.06 1908.9950 0.00 0
000930 中粮生化 2011-03-31 1 529.9980 0.55 529.9980 0.00 0
000932 华菱钢铁 2011-03-31 2 3020.3300 1.00 -399.9170 1.25 3
000948 南天信息 2011-03-31 1 75.7715 0.36 -12.0810 0.42 1
000962 东方钽业 2011-03-31 1 136.0790 0.38 136.0790 0.00 0
000969 安泰科技 2011-03-31 1 435.0080 0.51 0.0000 0.51 1
000970 中科三环 2011-03-31 1 348.3600 0.69 0.0000 0.69 1
000987 广州友谊 2011-03-31 1 694.4600 1.93 0.0000 1.93 1
000989 九芝堂 2011-03-31 1 344.1530 1.16 41.4610 1.02 1
002006 精功科技 2011-03-31 1 97.1280 0.67 97.1280 0.00 0
002019 鑫富药业 2011-03-31 2 430.4320 1.95 311.3330 0.54 1
002024 苏宁云商 2011-03-31 1 5930.8000 0.85 5930.8000 0.00 0
002051 中工国际 2011-03-31 1 295.3180 0.87 30.0980 0.78 1
002056 横店东磁 2011-03-31 1 220.0000 0.52 220.0000 0.00 0
002083 孚日股份 2011-03-31 1 159.2680 0.17 -87.8100 0.26 1
002088 鲁阳股份 2011-03-31 2 376.8490 1.61 178.5150 0.85 1
002104 恒宝股份 2011-03-31 2 1177.1760 2.67 675.5640 1.14 1
002116 中国海诚 2011-03-31 1 8.2200 0.07 8.2200 0.00 0
002131 利欧股份 2011-03-31 1 316.5680 1.05 316.5680 0.00 0
002142 宁波银行 2011-03-31 2 29609.9500 10.27 0.0000 10.27 2
002190 成飞集成 2011-03-31 1 39.5164 0.19 -12.2387 0.25 1
002223 鱼跃医疗 2011-03-31 3 390.2146 1.53 390.2146 0.00 0
002240 威华股份 2011-03-31 1 86.7299 0.28 86.7299 0.00 0
002242 九阳股份 2011-03-31 3 956.9040 1.26 513.2610 0.58 1
002261 拓维信息 2011-03-31 1 152.2100 1.05 0.0000 1.05 1
002262 恩华药业 2011-03-31 1 196.7910 0.84 0.0000 0.84 1
002269 美邦服饰 2011-03-31 1 330.9360 0.33 -163.9430 0.49 1
002271 东方雨虹 2011-03-31 1 75.7679 0.44 -30.0001 0.67 1
002289 宇顺电子 2011-03-31 1 29.0000 0.39 29.0000 0.00 0
002298 鑫龙电器 2011-03-31 1 99.9997 0.61 99.9997 0.00 0
002303 美盈森 2011-03-31 1 75.1465 0.42 75.1465 0.00 0
002311 海大集团 2011-03-31 1 99.1351 0.34 99.1351 0.00 0
002313 日海通讯 2011-03-31 1 57.4739 0.57 57.4739 0.00 0
002334 英威腾 2011-03-31 1 49.9927 0.41 49.9927 0.00 0
002344 海宁皮城 2011-03-31 1 96.1319 0.34 96.1319 0.00 0
002376 新北洋 2011-03-31 1 60.2200 0.40 60.2200 0.00 0
002389 南洋科技 2011-03-31 1 10.0000 0.15 10.0000 0.00 0
002392 北京利尔 2011-03-31 1 23.2000 0.17 0.0000 0.17 1
002396 星网锐捷 2011-03-31 2 110.4494 0.63 110.4494 0.00 0
002404 嘉欣丝绸 2011-03-31 1 13.5000 0.10 13.5000 0.00 0
002405 四维图新 2011-03-31 2 315.3860 0.79 77.7430 0.59 1
002413 常发股份 2011-03-31 1 54.1726 0.37 24.5235 0.20 1
002418 康盛股份 2011-03-31 1 13.3100 0.09 13.3100 0.00 0
002426 胜利精密 2011-03-31 1 14.4700 0.04 14.4700 0.00 0
002436 兴森科技 2011-03-31 1 18.1022 0.16 18.1022 0.00 0
002457 青龙管业 2011-03-31 2 57.5244 0.41 -41.5317 0.71 2
002464 金利科技 2011-03-31 1 31.2000 0.23 31.2000 0.00 0
002473 圣莱达 2011-03-31 1 14.9280 0.19 14.9280 0.00 0
002499 科林环保 2011-03-31 1 9.9600 0.13 9.9600 0.00 0
002509 天广消防 2011-03-31 1 14.1600 0.14 14.1600 0.00 0
002512 达华智能 2011-03-31 1 12.9098 0.11 12.9098 0.00 0
002513 蓝丰生化 2011-03-31 1 11.2100 0.15 11.2100 0.00 0
002514 宝馨科技 2011-03-31 1 8.8800 0.13 8.8800 0.00 0
002515 金字火腿 2011-03-31 1 11.2539 0.15 11.2539 0.00 0
002521 齐峰新材 2011-03-31 1 15.4300 0.10 15.4300 0.00 0
002524 光正集团 2011-03-31 1 26.2970 0.29 26.2970 0.00 0
002534 杭锅股份 2011-03-31 1 132.9840 0.33 132.9840 0.00 0
300003 乐普医疗 2011-03-31 1 112.3620 0.14 0.0000 0.14 1
300005 探路者 2011-03-31 1 569.5780 4.25 119.3550 3.36 1
300012 华测检测 2011-03-31 1 77.3392 0.63 77.3392 0.00 0
300022 吉峰农机 2011-03-31 1 87.3662 0.49 -26.8168 0.64 1
300068 南都电源 2011-03-31 1 143.4420 0.58 0.0000 0.58 1
300113 顺网科技 2011-03-31 1 79.9790 1.33 51.9880 0.47 1
300116 坚瑞消防 2011-03-31 1 8.9298 0.11 8.9298 0.00 0
300117 嘉寓股份 2011-03-31 2 52.4991 0.48 52.4991 0.00 0
300136 信维通信 2011-03-31 1 45.1750 0.68 45.1750 0.00 0
300164 通源石油 2011-03-31 1 20.0000 0.30 20.0000 0.00 0
300187 永清环保 2011-03-31 1 153.4580 2.30 153.4580 0.00 0
600004 白云机场 2011-03-31 1 1606.3800 1.40 0.0000 1.40 1
600006 东风汽车 2011-03-31 1 336.3900 0.17 8.8600 0.16 1
600012 皖通高速 2011-03-31 1 548.6630 0.33 -399.9970 0.57 2
600019 宝钢股份 2011-03-31 1 5469.3300 0.31 -1623.5100 0.41 1
600026 中海发展 2011-03-31 1 374.2720 0.11 0.0000 0.11 1
600030 中信证券 2011-03-31 1 4587.0700 0.46 -1375.6300 0.60 1
600031 三一重工 2011-03-31 1 1910.2900 0.38 1910.2900 0.00 0
600035 楚天高速 2011-03-31 2 565.1000 0.61 250.0000 0.34 1
600063 皖维高新 2011-03-31 1 400.4940 0.86 400.4940 0.00 0
600066 宇通客车 2011-03-31 1 652.1430 1.25 -560.9050 2.33 2
600096 云天化 2011-03-31 1 260.0210 0.44 260.0210 0.00 0
600105 永鼎股份 2011-03-31 2 316.6280 0.83 123.0070 0.51 1
600118 中国卫星 2011-03-31 1 695.6000 0.99 0.0000 0.99 1
600138 中青旅 2011-03-31 2 1743.3910 4.20 1192.4760 1.33 1
600161 天坛生物 2011-03-31 2 750.2680 1.46 0.0000 1.46 2
600170 上海建工 2011-03-31 1 364.7450 0.35 76.0800 0.28 1
600188 兖州煤业 2011-03-31 1 500.0000 0.10 -340.6300 0.17 2
600193 创兴资源 2011-03-31 2 475.4550 2.18 0.0000 2.18 2
600196 复星医药 2011-03-31 3 2633.6980 1.38 1334.9580 0.68 1
600219 南山铝业 2011-03-31 1 797.3010 0.41 797.3010 0.00 0
600229 青岛碱业 2011-03-31 1 275.5150 0.70 0.0000 0.70 1
600231 凌钢股份 2011-03-31 2 1768.4940 2.20 753.9800 1.26 2
600258 首旅酒店 2011-03-31 2 606.1880 2.62 606.1880 0.00 0
600284 浦东建设 2011-03-31 1 295.6900 0.85 295.6900 0.00 0
600288 大恒科技 2011-03-31 1 128.5760 0.29 -78.2100 0.47 1
600312 平高电气 2011-03-31 1 972.8970 1.19 0.0000 1.19 1
600318 巢东股份 2011-03-31 1 514.2390 2.12 514.2390 0.00 0
600323 南海发展 2011-03-31 1 86.7051 0.32 -247.8139 1.23 2
600325 华发股份 2011-03-31 2 1499.7870 1.84 842.4920 0.80 1
600350 山东高速 2011-03-31 1 200.0000 0.06 200.0000 0.00 0
600351 亚宝药业 2011-03-31 2 402.1370 0.64 0.0000 0.64 2
600355 精伦电子 2011-03-31 1 885.8540 3.60 170.8190 2.91 1
600361 华联综超 2011-03-31 1 1023.7300 2.11 36.9970 2.04 1
600377 宁沪高速 2011-03-31 2 1426.1110 0.28 534.2010 0.18 1
600388 龙净环保 2011-03-31 2 695.6870 3.35 95.7000 2.89 2
600397 安源煤业 2011-03-31 2 473.7480 1.76 -6.0100 1.78 2
600409 三友化工 2011-03-31 1 790.1280 0.75 0.0000 0.84 1
600416 湘电股份 2011-03-31 1 581.3710 1.91 288.3690 0.96 1
600423 柳化股份 2011-03-31 1 1209.9800 3.03 209.9950 2.50 1
600425 青松建化 2011-03-31 1 378.2490 0.79 -280.0000 1.38 2
600449 宁夏建材 2011-03-31 1 204.0880 1.05 -82.6600 1.47 1
600456 宝钛股份 2011-03-31 1 158.7150 0.37 -109.6000 0.62 2
600479 千金药业 2011-03-31 1 303.5940 1.00 303.5940 0.00 0
600486 扬农化工 2011-03-31 1 195.0290 1.13 195.0290 0.00 0
600517 置信电气 2011-03-31 2 1365.0950 2.21 125.5590 2.00 2
600518 康美药业 2011-03-31 1 3111.8600 1.42 650.4300 1.45 1
600527 江南高纤 2011-03-31 1 348.6630 0.99 348.6630 0.00 0
600529 山东药玻 2011-03-31 2 656.1150 2.55 0.0000 2.55 2
600547 山东黄金 2011-03-31 1 548.1200 0.39 -195.7920 0.52 1
600548 深高速 2011-03-31 1 705.9990 0.32 0.0000 0.32 1
600550 天威保变 2011-03-31 1 260.0450 0.22 10.0000 0.21 1
600552 方兴科技 2011-03-31 1 250.0240 2.14 0.0000 2.14 1
600585 海螺水泥 2011-03-31 1 1680.1700 0.48 -1426.8100 0.88 2
600587 新华医疗 2011-03-31 2 562.1970 4.18 -63.9000 4.66 2
600588 用友软件 2011-03-31 2 3588.9800 4.40 260.2590 4.08 2
600590 泰豪科技 2011-03-31 1 180.0000 0.40 0.0000 0.40 1
600594 益佰制药 2011-03-31 1 649.8440 1.84 0.0000 1.84 1
600596 新安股份 2011-03-31 1 657.7130 0.97 0.0000 0.97 1
600601 方正科技 2011-03-31 1 377.6050 0.17 377.6050 0.00 0
600628 新世界 2011-03-31 2 1063.5610 2.00 0.0000 2.00 2
600639 浦东金桥 2011-03-31 1 358.4940 0.39 0.0000 0.39 1
600641 万业企业 2011-03-31 1 799.9990 0.99 799.9990 0.00 0
600644 乐山电力 2011-03-31 1 431.0340 1.32 431.0340 0.00 0
600651 飞乐音响 2011-03-31 1 1000.0400 1.62 300.0210 1.14 1
600655 豫园商城 2011-03-31 2 2263.3900 1.57 1104.6300 0.81 1
600662 强生控股 2011-03-31 6 3633.1410 4.47 -98.9900 4.59 6
600718 东软集团 2011-03-31 1 1059.6100 0.86 -210.8040 1.03 2
600720 祁连山 2011-03-31 1 1334.1000 2.81 -408.9190 3.67 2
600741 华域汽车 2011-03-31 1 1454.4800 0.56 0.0000 0.56 1
600779 水井坊 2011-03-31 4 1378.4190 2.82 5.0340 2.81 4
600801 华新水泥 2011-03-31 1 426.0080 1.06 0.0000 1.06 1
600808 马钢股份 2011-03-31 1 777.0830 0.10 777.0830 0.00 0
600812 华北制药 2011-03-31 1 814.2640 0.79 0.0000 0.79 1
600820 隧道股份 2011-03-31 2 1528.8660 2.08 -61.5400 2.17 2
600823 世茂股份 2011-03-31 1 1038.7500 0.89 0.0000 0.89 1
600859 王府井 2011-03-31 1 616.1910 1.48 62.4170 1.33 1
600860 北人股份 2011-03-31 1 110.4900 0.26 110.4900 0.00 0
600884 杉杉股份 2011-03-31 2 363.2660 0.88 219.1470 0.35 1
600897 厦门空港 2011-03-31 2 364.0030 1.22 41.4926 1.08 2
600961 *ST株冶 2011-03-31 1 350.0000 0.66 350.0000 0.00 0
600966 博汇纸业 2011-03-31 2 317.0500 0.63 147.0600 0.34 1
600978 宜华木业 2011-03-31 1 999.9970 0.87 999.9970 0.00 0
600980 *ST北磁 2011-03-31 1 23.2800 0.18 23.2800 0.00 0
600993 马应龙 2011-03-31 2 545.2800 3.29 -16.9930 3.39 2
600998 九州通 2011-03-31 2 219.7660 0.15 19.7660 0.14 2
601002 晋亿实业 2011-03-31 1 80.0000 0.11 80.0000 0.00 0
601006 大秦铁路 2011-03-31 1 8261.3100 0.56 8261.3100 0.00 0
601009 南京银行 2011-03-31 1 37652.1000 12.68 0.0000 12.68 1
601018 宁波港 2011-03-31 1 1412.2400 0.11 1412.2400 0.00 0
601106 中国一重 2011-03-31 1 1657.8400 0.25 -926.0600 0.40 1
601118 海南橡胶 2011-03-31 1 227.4400 0.06 227.4400 0.00 0
601158 重庆水务 2011-03-31 1 141.6100 0.03 141.6100 0.00 0
601166 兴业银行 2011-03-31 1 76690.8000 12.80 0.0000 12.80 1
601169 北京银行 2011-03-31 1 100048.0000 16.07 0.0000 16.07 1
601186 中国铁建 2011-03-31 1 1839.8800 0.15 -1022.0600 0.23 2
601288 农业银行 2011-03-31 1 30686.7000 0.09 7194.0000 0.07 1
601299 中国北车 2011-03-31 1 2229.1000 0.27 -5078.6000 0.88 1
601390 中国中铁 2011-03-31 2 4001.5300 0.19 -3004.4500 0.33 3
601518 吉林高速 2011-03-31 1 122.3200 0.10 10.4000 0.09 1
601607 上海医药 2011-03-31 3 3114.6240 1.56 1829.4240 0.64 1
601628 中国人寿 2011-03-31 2 3948.6600 0.14 -2402.3100 0.22 3
601717 郑煤机 2011-03-31 1 297.3900 0.42 0.0000 0.42 1
601766 中国南车 2011-03-31 1 3059.8200 0.26 3059.8200 0.00 0
601799 星宇股份 2011-03-31 1 99.9126 0.42 99.9126 0.00 0
601899 紫金矿业 2011-03-31 1 2045.2700 0.14 2045.2700 0.00 0
601992 金隅股份 2011-03-31 1 460.0000 0.11 -20.0000 0.12 1
