600006,东风汽车,2011-09-30,1,336.3900,0.17,0.0000,0.17,1
600007,中国国贸,2011-09-30,2,1327.8660,1.32,972.9860,0.35,1
600012,皖通高速,2011-09-30,1,773.3170,0.47,0.0000,0.47,1
600026,中海发展,2011-09-30,1,374.2720,0.11,0.0000,0.11,1
600066,宇通客车,2011-09-30,1,652.1430,1.25,0.0000,1.25,1
600068,葛洲坝,2011-09-30,1,1981.3800,0.57,1981.3800,0.00,0
600096,云天化,2011-09-30,2,570.2610,0.82,240.2480,0.48,1
600104,上汽集团,2011-09-30,1,1851.5600,0.20,129.2300,0.19,1
600105,永鼎股份,2011-09-30,2,291.1980,0.76,-0.6900,0.77,2
600118,中国卫星,2011-09-30,1,695.6000,0.99,0.0000,0.99,1
600125,铁龙物流,2011-09-30,1,1335.7800,1.02,116.6300,0.93,1
600138,中青旅,2011-09-30,2,2103.1460,5.06,583.1670,3.66,2
600153,建发股份,2011-09-30,1,1638.1900,0.73,107.3500,0.68,1
600161,天坛生物,2011-09-30,2,750.2680,1.46,0.0000,1.46,2
600170,上海建工,2011-09-30,1,213.2430,0.18,-164.1000,0.36,1
600188,兖州煤业,2011-09-30,1,500.0000,0.10,0.0000,0.10,1
600196,复星医药,2011-09-30,2,2200.8060,1.16,0.0000,1.16,2
600219,南山铝业,2011-09-30,1,797.3010,0.41,0.0000,0.41,1
600229,青岛碱业,2011-09-30,1,275.5150,0.70,0.0000,0.70,1
600270,外运发展,2011-09-30,1,215.8000,0.24,0.0000,0.24,1
600283,钱江水利,2011-09-30,1,136.0620,0.48,136.0620,0.00,0
600288,大恒科技,2011-09-30,1,128.5760,0.29,0.0000,0.29,1
600312,平高电气,2011-09-30,1,972.8970,1.19,0.0000,1.19,1
600339,天利高新,2011-09-30,1,259.4970,0.45,259.4970,0.00,0
600350,山东高速,2011-09-30,1,359.9950,0.07,0.0000,0.11,1
600355,精伦电子,2011-09-30,1,481.5310,1.96,-145.6040,2.55,1
600361,华联综超,2011-09-30,1,1107.7000,1.66,52.6900,1.58,1
600388,龙净环保,2011-09-30,1,299.9950,1.40,-259.9920,2.62,2
600397,安源煤业,2011-09-30,2,473.7480,1.76,0.0000,1.76,2
600416,湘电股份,2011-09-30,1,332.9820,0.55,332.9820,0.00,0
600486,扬农化工,2011-09-30,1,195.0290,1.13,0.0000,1.13,1
600518,康美药业,2011-09-30,1,2257.9600,1.03,-753.9000,1.37,1
600519,贵州茅台,2011-09-30,1,427.7920,0.41,58.3420,0.39,1
600535,天士力,2011-09-30,1,357.1670,0.69,-12.7980,0.72,1
600550,天威保变,2011-09-30,1,306.8530,0.22,0.0000,0.22,1
600552,方兴科技,2011-09-30,2,382.6706,3.27,132.6466,2.14,1
600583,海油工程,2011-09-30,1,1058.7900,0.27,0.0000,0.27,1
600587,新华医疗,2011-09-30,1,326.0960,2.43,0.0000,2.43,1
600588,用友软件,2011-09-30,3,4848.6700,5.94,1074.6500,4.62,2
600598,北大荒,2011-09-30,1,700.0080,0.39,700.0080,0.00,0
600600,青岛啤酒,2011-09-30,1,1012.2500,0.75,-137.6000,0.85,1
600601,方正科技,2011-09-30,1,434.4350,0.20,-39.0600,0.22,1
600628,新世界,2011-09-30,2,964.3150,1.81,-99.2460,2.00,2
600639,浦东金桥,2011-09-30,1,358.4940,0.39,0.0000,0.39,1
600651,飞乐音响,2011-09-30,1,1000.0400,1.62,0.0000,1.62,1
600655,豫园商城,2011-09-30,1,1173.8200,0.82,15.0600,0.81,1
600660,福耀玻璃,2011-09-30,1,1860.8800,0.93,1860.8800,0.00,0
600662,强生控股,2011-09-30,4,2001.2440,1.90,-1740.5770,3.55,6
600697,欧亚集团,2011-09-30,1,378.5700,2.38,-384.5500,4.80,2
600718,东软集团,2011-09-30,1,1059.6100,0.86,0.0000,0.86,1
600741,华域汽车,2011-09-30,1,2796.7800,1.08,989.8100,0.70,1
600742,一汽富维,2011-09-30,1,300.0000,1.42,300.0000,0.00,0
600893,航空动力,2011-09-30,1,685.7940,0.63,-23.2430,0.65,1
600897,厦门空港,2011-09-30,2,436.9320,1.47,72.9290,1.22,2
000002,万科A,2011-09-30,1,6955.5900,0.63,-1124.4700,0.73,1
000065,北方国际,2011-09-30,1,120.0160,0.74,0.0000,0.74,1
000069,华侨城A,2011-09-30,1,3037.8900,0.54,3037.8900,0.00,0
000088,盐田港,2011-09-30,1,157.6920,0.11,157.6920,0.00,0
000089,深圳机场,2011-09-30,2,857.1080,0.51,2.1800,0.51,2
000417,合肥百货,2011-09-30,1,709.9370,1.37,709.9370,0.00,0
000423,东阿阿胶,2011-09-30,1,648.2610,0.99,-211.8100,1.32,1
000428,华天酒店,2011-09-30,2,1150.4460,1.60,0.0000,1.60,2
600787,中储股份,2011-09-30,2,2690.5200,3.20,1798.0720,1.06,1
600797,浙大网新,2011-09-30,1,150.2900,0.18,150.2900,0.00,0
600805,悦达投资,2011-09-30,1,700.1760,0.99,700.1760,0.00,0
600808,马钢股份,2011-09-30,2,2714.9430,0.35,818.6800,0.25,2
600812,华北制药,2011-09-30,1,692.8440,0.67,-121.4200,0.79,1
600823,世茂股份,2011-09-30,1,1038.7500,0.89,0.0000,0.89,1
601607,上海医药,2011-09-30,1,1879.3300,0.70,71.1900,0.67,1
600859,王府井,2011-09-30,2,858.1950,2.05,295.2220,1.35,1
600887,伊利股份,2011-09-30,3,7606.3000,4.76,4497.3900,1.94,1
000430,张家界,2011-09-30,1,306.3180,0.95,306.3180,0.00,0
000488,晨鸣纸业,2011-09-30,1,2403.6200,1.17,0.0000,1.17,1
000538,云南白药,2011-09-30,1,466.9140,0.67,59.0360,0.59,1
000651,格力电器,2011-09-30,1,4644.0300,1.65,-881.4400,1.96,1
000656,金科股份,2011-09-30,1,403.9830,0.35,-294.5470,2.79,1
000679,大连友谊,2011-09-30,2,264.0970,0.74,264.0970,0.00,0
000758,中色股份,2011-09-30,1,303.9460,0.40,7.5420,0.46,1
000759,中百集团,2011-09-30,2,2637.8800,3.87,0.0000,3.87,2
000786,北新建材,2011-09-30,1,722.7630,1.26,339.6670,0.67,1
000789,江西水泥,2011-09-30,1,980.4880,2.48,-284.0120,3.19,1
000822,山东海化,2011-09-30,2,405.0200,0.45,167.0500,0.27,1
000837,秦川发展,2011-09-30,1,660.8190,1.90,0.0000,1.90,1
000856,冀东装备,2011-09-30,3,636.6910,2.80,636.6910,0.00,0
000858,五粮液,2011-09-30,2,4106.4400,1.08,-2382.2500,1.71,4
000860,顺鑫农业,2011-09-30,2,808.9870,1.84,-816.5440,3.71,4
000877,天山股份,2011-09-30,2,663.3750,1.71,663.3750,0.00,0
000895,双汇发展,2011-09-30,3,1934.9620,3.19,501.9560,2.36,2
000911,南宁糖业,2011-09-30,1,64.7309,0.23,64.7309,0.00,0
000918,嘉凯城,2011-09-30,1,589.4000,0.33,-1319.5950,1.06,4
000932,华菱钢铁,2011-09-30,3,4220.3300,1.40,0.0000,1.40,3
000935,四川双马,2011-09-30,1,100.0700,0.16,21.0000,0.13,1
000939,凯迪电力,2011-09-30,1,966.4570,1.02,136.0730,0.88,1
000973,佛塑科技,2011-09-30,1,161.4800,0.26,161.4800,0.00,0
000987,广州友谊,2011-09-30,1,341.1480,0.95,-212.3320,1.54,1
600004,白云机场,2011-09-30,2,1961.1550,1.71,354.7750,1.40,1
600423,柳化股份,2011-09-30,2,2654.1900,6.65,0.0000,6.65,2
600015,华夏银行,2011-09-30,1,29500.0000,4.31,0.0000,4.31,1
600517,置信电气,2011-09-30,2,1365.0950,2.21,0.0000,2.21,2
600325,华发股份,2011-09-30,1,740.1680,0.91,-177.1270,1.12,1
600594,益佰制药,2011-09-30,1,649.8440,1.84,0.0000,1.84,1
600572,康恩贝,2011-09-30,2,358.3150,0.51,0.0000,0.51,2
600114,东睦股份,2011-09-30,1,51.8500,0.27,51.8500,0.00,0
600993,马应龙,2011-09-30,1,607.5060,1.83,0.0000,1.83,1
002017,东信和平,2011-09-30,1,129.9930,0.60,129.9930,0.00,0
002024,苏宁云商,2011-09-30,1,6301.5600,0.90,-75.1100,0.91,1
600978,宜华木业,2011-09-30,1,999.9970,0.87,0.0000,0.87,1
002044,江苏三友,2011-09-30,1,397.9220,1.77,397.9220,0.00,0
002051,中工国际,2011-09-30,1,438.5140,1.00,0.0000,1.00,1
601901,方正证券,2011-09-30,1,615.1120,0.10,615.1120,0.00,0
601166,兴业银行,2011-09-30,1,138043.0000,12.80,0.0000,12.80,1
601169,北京银行,2011-09-30,1,100048.0000,16.07,0.0000,16.07,1
601009,南京银行,2011-09-30,1,37652.1000,12.68,0.0000,12.68,1
300205,天喻信息,2011-09-30,1,59.9903,0.75,59.9903,0.00,0
601126,四方股份,2011-09-30,1,153.3790,0.38,153.3790,0.00,0
002056,横店东磁,2011-09-30,1,220.0000,0.52,0.0000,0.52,1
002142,宁波银行,2011-09-30,2,29609.9500,10.27,0.0000,10.27,2
002261,拓维信息,2011-09-30,1,228.3150,1.05,0.0000,1.05,1
002405,四维图新,2011-09-30,1,285.1720,0.59,0.0000,0.59,1
002176,江特电机,2011-09-30,1,127.1530,0.60,-118.8260,1.26,1
002078,太阳纸业,2011-09-30,1,628.4010,0.63,322.1930,0.30,1
002104,恒宝股份,2011-09-30,2,1141.1900,2.59,-320.4420,3.32,3
002131,利欧股份,2011-09-30,1,285.3120,0.95,-20.8580,1.02,1
002136,安纳达,2011-09-30,1,45.7970,0.21,13.6285,0.30,1
601390,中国中铁,2011-09-30,2,4256.6300,0.20,-1549.3900,0.27,3
002190,成飞集成,2011-09-30,1,33.4564,0.13,-11.4700,0.17,1
601992,金隅股份,2011-09-30,1,188.3790,0.04,188.3790,0.00,0
002223,鱼跃医疗,2011-09-30,2,701.8340,1.72,16.8450,1.68,2
002601,佰利联,2011-09-30,1,40.9838,0.44,40.9838,0.00,0
601117,中国化学,2011-09-30,1,2465.3500,0.50,-1.0100,0.50,1
002301,齐心文具,2011-09-30,1,106.6320,0.56,106.6320,0.00,0
300005,探路者,2011-09-30,1,1167.3900,4.36,28.2300,4.25,1
300003,乐普医疗,2011-09-30,2,497.3430,0.61,0.0000,0.61,2
300008,上海佳豪,2011-09-30,1,205.6250,1.41,-26.7100,1.60,1
002311,海大集团,2011-09-30,1,313.0890,0.54,313.0890,0.00,0
002313,日海通讯,2011-09-30,1,57.4739,0.57,0.0000,0.57,1
300252,金信诺,2011-09-30,1,14.9844,0.14,14.9844,0.00,0
300025,华星创业,2011-09-30,1,141.3600,1.18,141.3600,0.00,0
002334,英威腾,2011-09-30,1,49.9927,0.41,0.0000,0.41,1
601106,中国一重,2011-09-30,1,1000.0000,0.15,-1883.6900,0.44,1
300078,中瑞思创,2011-09-30,1,119.9960,0.72,119.9960,0.00,0
300253,卫宁软件,2011-09-30,1,39.9955,0.75,39.9955,0.00,0
300113,顺网科技,2011-09-30,1,142.9600,1.08,-32.9940,1.33,1
300136,信维通信,2011-09-30,1,73.7309,0.55,10.4672,0.47,1
002511,中顺洁柔,2011-09-30,2,265.0307,1.66,265.0307,0.00,0
002508,老板电器,2011-09-30,1,79.9862,0.31,79.9862,0.00,0
002559,亚威股份,2011-09-30,1,14.9959,0.17,14.9959,0.00,0
300187,永清环保,2011-09-30,1,172.7030,2.59,-2.5000,2.62,1
002586,围海股份,2011-09-30,1,122.5920,1.15,122.5920,0.00,0
300234,开尔新材,2011-09-30,1,14.1000,0.18,14.1000,0.00,0
300242,明家科技,2011-09-30,1,16.6356,0.22,16.6356,0.00,0
