000002 万科A 2011-12-31 1 7493.6100 0.68 538.0200 0.63 1
000065 北方国际 2011-12-31 1 120.0160 0.74 0.0000 0.74 1
000069 华侨城A 2011-12-31 1 3016.6700 0.54 -21.2200 0.54 1
000089 深圳机场 2011-12-31 1 690.7940 0.41 -166.3140 0.51 2
000423 东阿阿胶 2011-12-31 1 604.2610 0.92 -44.0000 0.99 1
000428 华天酒店 2011-12-31 2 1125.1540 1.57 -25.2920 1.60 2
000430 张家界 2011-12-31 1 306.3180 0.95 0.0000 0.95 1
000488 晨鸣纸业 2011-12-31 1 2346.0300 1.14 -57.5900 1.17 1
000528 柳工 2011-12-31 1 389.9380 0.35 389.9380 0.00 0
000538 云南白药 2011-12-31 1 458.7740 0.66 -8.1400 0.67 1
000598 兴蓉投资 2011-12-31 1 380.5080 0.33 380.5080 0.00 0
000612 焦作万方 2011-12-31 1 68.8000 0.14 68.8000 0.00 0
000630 铜陵有色 2011-12-31 1 499.9830 0.35 499.9830 0.00 0
000651 格力电器 2011-12-31 1 4695.2400 1.67 51.2100 1.65 1
000656 金科股份 2011-12-31 1 403.9830 0.35 0.0000 0.35 1
000671 阳光城 2011-12-31 1 115.4600 0.22 115.4600 0.00 0
000708 大冶特钢 2011-12-31 1 284.6340 0.63 284.6340 0.00 0
000758 中色股份 2011-12-31 1 298.0210 0.39 -5.9250 0.40 1
000759 中百集团 2011-12-31 1 1931.4700 2.84 -706.4100 3.87 2
000786 北新建材 2011-12-31 1 722.7630 1.26 0.0000 1.26 1
000789 江西水泥 2011-12-31 1 980.4880 2.48 0.0000 2.48 1
000822 山东海化 2011-12-31 2 405.0200 0.45 0.0000 0.45 2
000823 超声电子 2011-12-31 1 319.9800 0.73 319.9800 0.00 0
000837 秦川发展 2011-12-31 2 878.2330 2.52 217.4140 1.90 1
000856 冀东装备 2011-12-31 3 642.3960 2.83 5.7050 2.80 3
000858 五粮液 2011-12-31 2 3502.1900 0.92 -604.2500 1.08 2
000860 顺鑫农业 2011-12-31 2 649.0170 1.48 -159.9700 1.84 2
000877 天山股份 2011-12-31 1 413.3750 1.06 -250.0000 1.71 2
000895 双汇发展 2011-12-31 3 2317.3680 3.82 382.4060 3.19 3
000912 泸天化 2011-12-31 1 89.8000 0.15 89.8000 0.00 0
000918 嘉凯城 2011-12-31 1 433.4300 0.24 -155.9700 0.33 1
000932 华菱钢铁 2011-12-31 4 5018.6240 1.66 798.2940 1.40 3
000935 四川双马 2011-12-31 1 100.0610 0.16 -0.0090 0.16 1
000939 凯迪电力 2011-12-31 1 949.3330 1.01 -17.1240 1.02 1
002017 东信和平 2011-12-31 1 129.9930 0.60 0.0000 0.60 1
002024 苏宁云商 2011-12-31 1 5047.4700 0.72 -1254.0900 0.90 1
002044 江苏三友 2011-12-31 1 340.1520 1.52 -57.7700 1.77 1
002051 中工国际 2011-12-31 1 438.5140 1.00 0.0000 1.00 1
002056 横店东磁 2011-12-31 1 299.9920 0.70 79.9920 0.52 1
002078 太阳纸业 2011-12-31 1 306.2080 0.30 -322.1930 0.63 1
002104 恒宝股份 2011-12-31 2 1141.1900 2.59 0.0000 2.59 2
002142 宁波银行 2011-12-31 2 29609.9500 10.27 0.0000 10.27 2
002223 鱼跃医疗 2011-12-31 2 701.8340 1.72 0.0000 1.72 2
002261 拓维信息 2011-12-31 1 228.3150 1.05 0.0000 1.05 1
002292 奥飞动漫 2011-12-31 1 94.9217 0.23 94.9217 0.00 0
002301 齐心文具 2011-12-31 1 159.6890 0.83 53.0570 0.56 1
002303 美盈森 2011-12-31 1 45.1465 0.25 45.1465 0.00 0
002309 中利科技 2011-12-31 1 135.2710 0.56 135.2710 0.00 0
002313 日海通讯 2011-12-31 1 57.4739 0.57 0.0000 0.57 1
002333 罗普斯金 2011-12-31 1 17.2300 0.07 17.2300 0.00 0
002400 省广股份 2011-12-31 1 245.1300 1.65 245.1300 0.00 0
002445 中南重工 2011-12-31 2 1009.9920 4.01 1009.9920 0.00 0
002511 中顺洁柔 2011-12-31 1 192.9840 1.21 -72.0467 1.66 2
002535 林州重机 2011-12-31 1 153.6000 0.37 153.6000 0.00 0
002570 贝因美 2011-12-31 2 77.0548 0.18 77.0548 0.00 0
002586 围海股份 2011-12-31 1 131.6760 1.23 9.0840 1.15 1
002600 江粉磁材 2011-12-31 1 38.1200 0.12 38.1200 0.00 0
300003 乐普医疗 2011-12-31 2 545.0050 0.67 47.6620 0.61 2
300005 探路者 2011-12-31 1 1176.0900 4.39 8.7000 4.36 1
300008 上海佳豪 2011-12-31 1 154.2950 1.06 -51.3300 1.41 1
300012 华测检测 2011-12-31 1 82.3962 0.45 82.3962 0.00 0
300025 华星创业 2011-12-31 1 141.3600 1.18 0.0000 1.18 1
300078 中瑞思创 2011-12-31 1 119.9960 0.72 0.0000 0.72 1
300127 银河磁体 2011-12-31 1 18.6600 0.12 18.6600 0.00 0
300170 汉得信息 2011-12-31 1 112.9040 0.67 112.9040 0.00 0
300183 东软载波 2011-12-31 1 34.8849 0.35 34.8849 0.00 0
300187 永清环保 2011-12-31 1 175.7030 2.63 3.0000 2.59 1
300205 天喻信息 2011-12-31 1 59.9903 0.75 0.0000 0.75 1
300239 东宝生物 2011-12-31 1 7.2200 0.10 7.2200 0.00 0
300254 仟源制药 2011-12-31 1 23.1600 0.17 23.1600 0.00 0
600004 白云机场 2011-12-31 1 962.0010 0.84 -999.1540 1.71 2
600006 东风汽车 2011-12-31 1 336.3900 0.17 0.0000 0.17 1
600007 中国国贸 2011-12-31 2 1670.0520 1.66 342.1860 1.32 2
600012 皖通高速 2011-12-31 1 773.3170 0.47 0.0000 0.47 1
600015 华夏银行 2011-12-31 1 56237.3000 8.21 26737.3000 4.31 1
600019 宝钢股份 2011-12-31 2 10070.6600 0.58 10070.6600 0.00 0
600026 中海发展 2011-12-31 1 439.7260 0.13 65.4540 0.11 1
600030 中信证券 2011-12-31 1 6568.8100 0.60 6568.8100 0.00 0
600068 葛洲坝 2011-12-31 1 1981.7200 0.57 0.3400 0.57 1
600096 云天化 2011-12-31 1 350.0210 0.50 -220.2400 0.82 2
600105 永鼎股份 2011-12-31 2 258.6980 0.68 -32.5000 0.76 2
600111 包钢稀土 2011-12-31 1 292.2620 0.24 292.2620 0.00 0
600118 中国卫星 2011-12-31 1 695.6000 0.99 0.0000 0.99 1
600125 铁龙物流 2011-12-31 1 1336.1900 1.02 0.4100 1.02 1
600138 中青旅 2011-12-31 2 2103.1460 5.06 0.0000 5.06 2
600153 建发股份 2011-12-31 1 1613.3900 0.72 -24.8000 0.73 1
600161 天坛生物 2011-12-31 2 750.0700 1.46 -0.1980 1.46 2
600188 兖州煤业 2011-12-31 1 500.0000 0.10 0.0000 0.10 1
600195 中牧股份 2011-12-31 1 359.9830 0.92 359.9830 0.00 0
600196 复星医药 2011-12-31 2 2061.1300 1.08 -139.6760 1.16 2
600219 南山铝业 2011-12-31 1 797.3010 0.41 0.0000 0.41 1
600229 青岛碱业 2011-12-31 2 370.7150 0.94 95.2000 0.70 1
600270 外运发展 2011-12-31 1 215.8000 0.24 0.0000 0.24 1
600283 钱江水利 2011-12-31 1 136.0620 0.48 0.0000 0.48 1
600307 酒钢宏兴 2011-12-31 1 738.2360 0.18 738.2360 0.00 0
600323 南海发展 2011-12-31 1 512.1650 1.57 512.1650 0.00 0
600350 山东高速 2011-12-31 1 359.9950 0.07 0.0000 0.07 1
600352 浙江龙盛 2011-12-31 1 1619.9700 1.10 1619.9700 0.00 0
600355 精伦电子 2011-12-31 1 481.5310 1.96 0.0000 1.96 1
600361 华联综超 2011-12-31 1 1027.7100 1.54 -79.9900 1.66 1
600397 安源煤业 2011-12-31 2 259.6042 0.96 -214.1438 1.76 2
600416 湘电股份 2011-12-31 1 332.9820 0.55 0.0000 0.55 1
600423 柳化股份 2011-12-31 2 2654.1900 6.65 0.0000 6.65 2
600456 宝钛股份 2011-12-31 1 141.4050 0.33 141.4050 0.00 0
600486 扬农化工 2011-12-31 1 195.0290 1.13 0.0000 1.13 1
600517 置信电气 2011-12-31 1 655.0050 1.06 -710.0900 2.21 2
600519 贵州茅台 2011-12-31 1 447.7910 0.43 19.9990 0.41 1
600550 天威保变 2011-12-31 1 306.8530 0.22 0.0000 0.22 1
600552 方兴科技 2011-12-31 1 300.0330 2.56 -82.6376 3.27 2
600572 康恩贝 2011-12-31 1 252.0910 0.36 -106.2240 0.51 2
600583 海油工程 2011-12-31 1 1058.7900 0.27 0.0000 0.27 1
600585 海螺水泥 2011-12-31 2 5560.8700 1.05 5560.8700 0.00 0
600587 新华医疗 2011-12-31 1 326.0960 2.43 0.0000 2.43 1
600588 用友软件 2011-12-31 3 4993.0200 6.12 144.3500 5.94 3
600594 益佰制药 2011-12-31 1 649.8440 1.84 0.0000 1.84 1
600596 新安股份 2011-12-31 1 657.7130 0.97 657.7130 0.00 0
600598 北大荒 2011-12-31 1 750.0130 0.42 50.0050 0.39 1
600600 青岛啤酒 2011-12-31 1 664.8040 0.49 -347.4460 0.75 1
600628 新世界 2011-12-31 2 964.3150 1.81 0.0000 1.81 2
600636 三爱富 2011-12-31 1 116.6000 0.34 116.6000 0.00 0
600639 浦东金桥 2011-12-31 1 358.4940 0.39 0.0000 0.39 1
600650 锦江投资 2011-12-31 1 194.3810 0.35 194.3810 0.00 0
600651 飞乐音响 2011-12-31 1 1000.0400 1.62 0.0000 1.62 1
600655 豫园商城 2011-12-31 1 1333.9200 0.93 160.1000 0.82 1
600660 福耀玻璃 2011-12-31 1 2140.0400 1.07 279.1600 0.93 1
600662 强生控股 2011-12-31 2 576.5790 0.55 -1424.6650 1.90 4
600686 金龙汽车 2011-12-31 1 249.3040 0.56 249.3040 0.00 0
600697 欧亚集团 2011-12-31 1 349.9900 2.20 -28.5800 2.38 1
600741 华域汽车 2011-12-31 1 1571.9300 0.61 -1224.8500 1.08 1
600787 中储股份 2011-12-31 1 1000.0000 1.19 -1690.5200 3.20 2
600797 浙大网新 2011-12-31 1 150.2820 0.18 -0.0080 0.18 1
600801 华新水泥 2011-12-31 1 662.3850 0.71 662.3850 0.00 0
600805 悦达投资 2011-12-31 1 926.2710 1.31 226.0950 0.99 1
600808 马钢股份 2011-12-31 2 1965.7030 0.26 -749.2400 0.35 2
600812 华北制药 2011-12-31 1 696.9380 0.68 4.0940 0.67 1
600823 世茂股份 2011-12-31 1 1038.7500 0.89 0.0000 0.89 1
600884 杉杉股份 2011-12-31 1 104.3320 0.25 104.3320 0.00 0
600887 伊利股份 2011-12-31 2 5111.8600 3.20 -2494.4400 4.76 3
600893 航空动力 2011-12-31 1 672.3150 0.62 -13.4790 0.63 1
600897 厦门空港 2011-12-31 2 485.7220 1.63 48.7900 1.47 2
600993 马应龙 2011-12-31 1 579.4060 1.75 -28.1000 1.83 1
601006 大秦铁路 2011-12-31 1 8716.7800 0.59 8716.7800 0.00 0
601009 南京银行 2011-12-31 1 37652.1000 12.68 0.0000 12.68 1
601098 中南传媒 2011-12-31 1 185.2310 0.10 185.2310 0.00 0
601126 四方股份 2011-12-31 1 153.3790 0.38 0.0000 0.38 1
601166 兴业银行 2011-12-31 1 138043.0000 12.80 0.0000 12.80 1
601169 北京银行 2011-12-31 1 100048.0000 16.07 0.0000 16.07 1
601390 中国中铁 2011-12-31 3 6059.2800 0.28 1802.6500 0.20 2
601628 中国人寿 2011-12-31 1 1655.2300 0.06 1655.2300 0.00 0
601666 平煤股份 2011-12-31 1 421.5010 0.18 421.5010 0.00 0
601717 郑煤机 2011-12-31 1 731.6410 1.05 731.6410 0.00 0
