600006,东风汽车,2012-03-31,1,222.5900,0.11,-113.8000,0.17,1
600007,中国国贸,2012-03-31,2,2637.8100,2.62,967.7580,1.66,2
600012,皖通高速,2012-03-31,1,773.3170,0.47,0.0000,0.47,1
600019,宝钢股份,2012-03-31,1,4634.6200,0.26,-5436.0400,0.58,2
600026,中海发展,2012-03-31,1,625.1460,0.18,185.4200,0.13,1
600030,中信证券,2012-03-31,1,5869.3600,0.53,-699.4500,0.60,1
600066,宇通客车,2012-03-31,1,1017.2500,1.51,1017.2500,0.00,0
600068,葛洲坝,2012-03-31,1,1948.0300,0.56,-33.6900,0.57,1
600096,云天化,2012-03-31,1,350.0210,0.50,0.0000,0.50,1
600104,上汽集团,2012-03-31,1,5401.2900,0.49,5401.2900,0.00,0
600118,中国卫星,2012-03-31,1,695.6000,0.99,0.0000,0.99,1
600161,天坛生物,2012-03-31,2,790.0750,1.53,40.0050,1.46,2
600195,中牧股份,2012-03-31,1,249.9690,0.64,-110.0140,0.92,1
600217,秦岭水泥,2012-03-31,1,199.9970,0.30,199.9970,0.00,0
600218,全柴动力,2012-03-31,1,200.0990,0.71,200.0990,0.00,0
600219,南山铝业,2012-03-31,1,797.3010,0.41,0.0000,0.41,1
600221,海南航空,2012-03-31,1,622.9270,0.15,622.9270,0.00,0
600229,青岛碱业,2012-03-31,2,370.7150,0.94,0.0000,0.94,2
600270,外运发展,2012-03-31,2,485.0170,0.54,269.2170,0.24,1
600307,酒钢宏兴,2012-03-31,1,538.2320,0.13,-200.0040,0.18,1
600323,南海发展,2012-03-31,1,724.7670,2.23,212.6020,1.57,1
600350,山东高速,2012-03-31,3,894.9970,0.19,535.0020,0.07,1
600355,精伦电子,2012-03-31,1,481.5310,1.96,0.0000,1.96,1
600361,华联综超,2012-03-31,1,1138.1900,1.71,110.4800,1.54,1
600416,湘电股份,2012-03-31,1,332.9820,0.55,0.0000,0.55,1
600456,宝钛股份,2012-03-31,3,405.1570,0.94,263.7520,0.33,1
600486,扬农化工,2012-03-31,1,195.0290,1.13,0.0000,1.13,1
600511,国药股份,2012-03-31,1,296.2010,0.62,296.2010,0.00,0
600519,贵州茅台,2012-03-31,1,423.6920,0.41,-24.0990,0.43,1
600550,天威保变,2012-03-31,1,350.8530,0.26,44.0000,0.22,1
600552,方兴科技,2012-03-31,1,300.0330,2.56,0.0000,2.56,1
600581,八一钢铁,2012-03-31,1,404.5090,0.53,404.5090,0.00,0
600583,海油工程,2012-03-31,1,1058.7900,0.27,0.0000,0.27,1
600585,海螺水泥,2012-03-31,2,4530.8500,0.86,-1030.0200,1.05,2
600588,用友软件,2012-03-31,3,5261.8700,6.45,268.8500,6.12,3
600596,新安股份,2012-03-31,1,657.7130,0.97,0.0000,0.97,1
600598,北大荒,2012-03-31,1,800.0220,0.45,50.0090,0.42,1
600639,浦东金桥,2012-03-31,1,295.4170,0.32,-63.0770,0.39,1
600651,飞乐音响,2012-03-31,1,1000.0400,1.62,0.0000,1.62,1
600655,豫园商城,2012-03-31,1,1333.9200,0.93,0.0000,0.93,1
600660,福耀玻璃,2012-03-31,1,2499.2500,1.25,359.2100,1.07,1
600893,航空动力,2012-03-31,1,672.3150,0.62,0.0000,0.62,1
600897,厦门空港,2012-03-31,2,494.0520,1.66,8.3300,1.63,2
000002,万科A,2012-03-31,1,8306.5200,0.76,812.9100,0.68,1
000009,中国宝安,2012-03-31,1,841.1230,0.77,841.1230,0.00,0
000065,北方国际,2012-03-31,1,150.0160,0.92,30.0000,0.74,1
000089,深圳机场,2012-03-31,1,455.3840,0.27,-235.4100,0.41,1
000401,冀东水泥,2012-03-31,1,2179.7700,1.62,2179.7700,0.00,0
000423,东阿阿胶,2012-03-31,1,576.9710,0.88,-27.2900,0.92,1
000428,华天酒店,2012-03-31,1,719.6410,1.00,-405.5130,1.57,2
600779,水井坊,2012-03-31,1,147.4920,0.30,147.4920,0.00,0
600787,中储股份,2012-03-31,1,1285.0000,1.53,285.0000,1.19,1
600797,浙大网新,2012-03-31,1,200.2690,0.24,49.9870,0.18,1
600801,华新水泥,2012-03-31,1,662.3850,0.71,0.0000,0.71,1
600808,马钢股份,2012-03-31,1,1573.9500,0.20,-391.7530,0.26,2
600812,华北制药,2012-03-31,1,605.9400,0.59,-90.9980,0.68,1
600823,世茂股份,2012-03-31,1,1038.7500,0.89,0.0000,0.89,1
600826,兰生股份,2012-03-31,1,239.3640,0.57,239.3640,0.00,0
600827,友谊股份,2012-03-31,1,1048.5500,0.61,1048.5500,0.00,0
600887,伊利股份,2012-03-31,2,4386.3700,2.74,-725.4900,3.20,2
000430,张家界,2012-03-31,1,306.3180,0.95,0.0000,0.95,1
000488,晨鸣纸业,2012-03-31,3,4137.4920,2.01,1791.4620,1.14,1
000538,云南白药,2012-03-31,2,837.5530,1.21,378.7790,0.66,1
000552,靖远煤电,2012-03-31,1,54.0890,0.30,54.0890,0.00,0
000598,兴蓉投资,2012-03-31,1,380.5080,0.33,0.0000,0.33,1
000610,西安旅游,2012-03-31,1,42.2243,0.21,42.2243,0.00,0
000620,新华联,2012-03-31,1,106.6900,0.07,106.6900,0.00,0
000651,格力电器,2012-03-31,5,21212.0900,7.05,16516.8500,1.67,1
000656,金科股份,2012-03-31,1,367.4130,0.32,-36.5700,0.35,1
000708,大冶特钢,2012-03-31,1,274.6340,0.61,-10.0000,0.63,1
000719,大地传媒,2012-03-31,1,47.7400,0.11,47.7400,0.00,0
000731,四川美丰,2012-03-31,1,366.2000,0.73,366.2000,0.00,0
000758,中色股份,2012-03-31,1,333.7460,0.44,35.7250,0.39,1
000759,中百集团,2012-03-31,1,1511.8000,2.22,-419.6700,2.84,1
000789,江西水泥,2012-03-31,1,980.4880,2.48,0.0000,2.48,1
000822,山东海化,2012-03-31,2,405.0200,0.45,0.0000,0.45,2
000837,秦川发展,2012-03-31,2,929.2620,2.66,51.0290,2.52,2
000856,冀东装备,2012-03-31,1,102.9860,0.45,-539.4100,2.83,3
000858,五粮液,2012-03-31,1,1690.0300,0.45,-1812.1600,0.92,2
000860,顺鑫农业,2012-03-31,1,199.9680,0.46,-449.0490,1.48,2
000877,天山股份,2012-03-31,1,261.2980,0.53,-152.0770,1.06,1
000895,双汇发展,2012-03-31,3,2224.2460,3.67,-93.1220,3.82,3
000932,华菱钢铁,2012-03-31,4,5127.8240,1.70,109.2000,1.66,4
000939,凯迪电力,2012-03-31,1,803.1710,0.85,-146.1620,1.01,1
000987,广州友谊,2012-03-31,1,403.5360,1.12,403.5360,0.00,0
600004,白云机场,2012-03-31,1,1020.0000,0.89,57.9990,0.84,1
600423,柳化股份,2012-03-31,2,2227.5540,5.58,-426.6360,6.65,2
600352,浙江龙盛,2012-03-31,1,1391.6900,0.95,-228.2800,1.10,1
600547,山东黄金,2012-03-31,1,440.0070,0.31,440.0070,0.00,0
600015,华夏银行,2012-03-31,1,56237.3000,8.21,0.0000,8.21,1
600517,置信电气,2012-03-31,1,737.9000,1.19,82.8950,1.06,1
600340,华夏幸福,2012-03-31,1,147.4760,0.25,147.4760,0.00,0
600594,益佰制药,2012-03-31,1,720.5560,2.00,70.7120,1.84,1
600572,康恩贝,2012-03-31,1,252.0910,0.36,0.0000,0.36,1
600993,马应龙,2012-03-31,1,564.1230,1.70,-15.2830,1.75,1
002014,永新股份,2012-03-31,1,184.0360,0.99,184.0360,0.00,0
002017,东信和平,2012-03-31,1,129.9930,0.60,0.0000,0.60,1
002024,苏宁云商,2012-03-31,1,5200.4400,0.74,152.9700,0.72,1
002031,巨轮股份,2012-03-31,1,142.3400,0.35,142.3400,0.00,0
600970,中材国际,2012-03-31,1,552.9260,0.61,552.9260,0.00,0
002041,登海种业,2012-03-31,1,185.5870,0.53,185.5870,0.00,0
002051,中工国际,2012-03-31,1,438.5070,1.00,-0.0070,1.00,1
601166,兴业银行,2012-03-31,1,138043.0000,12.80,0.0000,12.80,1
601169,北京银行,2012-03-31,1,100048.0000,13.64,0.0000,16.07,1
601009,南京银行,2012-03-31,1,37652.1000,12.68,0.0000,12.68,1
601628,中国人寿,2012-03-31,1,1629.1300,0.06,-26.1000,0.06,1
600018,上港集团,2012-03-31,1,1801.9200,0.08,1801.9200,0.00,0
601126,四方股份,2012-03-31,1,170.5200,0.42,17.1410,0.38,1
002142,宁波银行,2012-03-31,2,29609.9500,10.27,0.0000,10.27,2
002570,贝因美,2012-03-31,1,33.5559,0.08,-43.4989,0.18,2
002261,拓维信息,2012-03-31,1,228.3150,1.05,0.0000,1.05,1
002347,泰尔重工,2012-03-31,1,13.6257,0.13,13.6257,0.00,0
002078,太阳纸业,2012-03-31,1,306.2080,0.30,0.0000,0.30,1
601678,滨化股份,2012-03-31,1,242.0910,0.37,242.0910,0.00,0
002086,东方海洋,2012-03-31,1,199.9940,0.82,199.9940,0.00,0
601390,中国中铁,2012-03-31,3,6155.5400,0.29,96.2600,0.28,3
002218,拓日新能,2012-03-31,1,577.5000,1.18,577.5000,0.00,0
002223,鱼跃医疗,2012-03-31,1,235.7740,0.58,-466.0600,1.72,2
002228,合兴包装,2012-03-31,1,425.6910,1.23,425.6910,0.00,0
002266,浙富股份,2012-03-31,1,264.1060,0.88,264.1060,0.00,0
601233,桐昆股份,2012-03-31,1,171.8910,0.18,171.8910,0.00,0
002292,奥飞动漫,2012-03-31,1,84.9297,0.21,-9.9920,0.23,1
002478,常宝股份,2012-03-31,1,270.8480,0.68,270.8480,0.00,0
002301,齐心文具,2012-03-31,1,159.6890,0.83,0.0000,0.83,1
002303,美盈森,2012-03-31,1,45.1465,0.25,0.0000,0.25,1
300071,华谊嘉信,2012-03-31,1,14.5200,0.14,14.5200,0.00,0
300005,探路者,2012-03-31,1,1176.0900,4.39,0.0000,4.39,1
300003,乐普医疗,2012-03-31,3,718.0350,0.88,173.0300,0.67,2
300006,莱美药业,2012-03-31,2,245.9210,1.34,245.9210,0.00,0
300041,回天胶业,2012-03-31,1,119.9940,1.14,119.9940,0.00,0
300127,银河磁体,2012-03-31,1,14.8100,0.09,-3.8500,0.12,1
002313,日海通讯,2012-03-31,1,33.0974,0.33,-24.3765,0.57,1
002400,省广股份,2012-03-31,1,286.8320,1.93,41.7020,1.65,1
300025,华星创业,2012-03-31,1,116.8020,0.97,-24.5580,1.18,1
601106,中国一重,2012-03-31,1,1200.0000,0.18,1200.0000,0.00,0
300078,中瑞思创,2012-03-31,1,119.9960,0.72,0.0000,0.72,1
002445,中南重工,2012-03-31,1,74.9353,0.30,-935.0567,4.01,2
601717,郑煤机,2012-03-31,2,2641.3600,1.89,1909.7190,1.05,1
002511,中顺洁柔,2012-03-31,1,192.9840,1.21,0.0000,1.21,1
300146,汤臣倍健,2012-03-31,1,119.0480,0.54,119.0480,0.00,0
300203,聚光科技,2012-03-31,1,125.0950,0.28,125.0950,0.00,0
300187,永清环保,2012-03-31,1,90.1890,1.35,-85.5140,2.63,1
002586,围海股份,2012-03-31,1,66.6758,0.62,-65.0002,1.23,1
002656,卡奴迪路,2012-03-31,1,56.0837,0.56,56.0837,0.00,0
