600007,中国国贸,2012-12-31,2,2670.1100,2.65,-1.7000,2.65,2
600009,上海机场,2012-12-31,2,3340.4100,1.73,1587.5400,0.91,1
600012,皖通高速,2012-12-31,2,1044.6170,0.63,-48.8700,0.66,2
600019,宝钢股份,2012-12-31,1,5200.9400,0.30,-1264.8800,0.37,1
600026,中海发展,2012-12-31,1,308.2740,0.09,308.2740,0.00,0
600050,中国联通,2012-12-31,1,5606.4000,0.26,5606.4000,0.00,0
600062,华润双鹤,2012-12-31,1,710.2480,1.24,67.9820,1.12,1
600068,葛洲坝,2012-12-31,1,1393.3300,0.40,0.0000,0.40,1
600075,新疆天业,2012-12-31,1,112.4600,0.26,0.0000,0.26,1
600104,上汽集团,2012-12-31,1,7447.5100,0.68,2443.3900,0.45,1
600111,包钢稀土,2012-12-31,3,2236.2140,0.92,2236.2140,0.00,0
600117,西宁特钢,2012-12-31,1,194.9970,0.26,0.0000,0.26,1
600118,中国卫星,2012-12-31,1,591.6800,0.65,0.0000,0.65,1
600138,中青旅,2012-12-31,1,739.9970,1.78,0.0000,1.78,1
600161,天坛生物,2012-12-31,2,790.0740,1.53,0.0000,1.53,2
600170,上海建工,2012-12-31,1,190.1700,0.08,190.1700,0.00,0
600172,黄河旋风,2012-12-31,1,139.8490,0.26,-187.7000,0.61,1
600178,东安动力,2012-12-31,1,52.5800,0.11,52.5800,0.00,0
600188,兖州煤业,2012-12-31,2,451.7880,0.09,451.7880,0.00,0
600218,全柴动力,2012-12-31,2,601.3850,2.12,-32.7200,2.24,2
600219,南山铝业,2012-12-31,1,754.9110,0.39,-42.3900,0.41,1
600229,青岛碱业,2012-12-31,2,378.1150,0.96,138.2000,0.61,1
600270,外运发展,2012-12-31,2,506.7020,0.56,0.0000,0.56,2
600285,羚锐制药,2012-12-31,2,480.5980,2.39,-65.7200,2.72,2
600305,恒顺醋业,2012-12-31,1,367.6000,2.89,0.0000,2.89,1
600307,酒钢宏兴,2012-12-31,1,238.6940,0.06,238.6940,0.00,0
600323,南海发展,2012-12-31,1,1105.8100,1.91,0.0000,1.91,1
600339,天利高新,2012-12-31,1,149.1540,0.26,0.0000,0.26,1
600350,山东高速,2012-12-31,1,359.9950,0.07,0.0000,0.07,1
600361,华联综超,2012-12-31,1,825.1540,1.24,-198.9960,1.54,1
600362,江西铜业,2012-12-31,1,548.8870,0.16,548.8870,0.00,0
600377,宁沪高速,2012-12-31,4,4415.7250,0.88,104.2880,0.86,3
600389,江山股份,2012-12-31,1,262.3280,1.32,38.2800,1.13,1
600456,宝钛股份,2012-12-31,1,164.5290,0.38,-104.1310,0.62,2
600486,扬农化工,2012-12-31,1,284.1800,1.65,-143.2960,2.48,2
600498,烽火通信,2012-12-31,1,677.0160,1.40,0.0000,1.40,1
600519,贵州茅台,2012-12-31,3,1339.3440,1.29,396.9570,0.91,2
600522,中天科技,2012-12-31,1,199.5380,0.28,199.5380,0.00,0
600531,豫光金铅,2012-12-31,1,65.7566,0.22,0.0000,0.22,1
600550,天威保变,2012-12-31,1,350.8530,0.26,0.0000,0.26,1
600552,方兴科技,2012-12-31,1,300.0330,2.56,0.0000,2.56,1
600569,安阳钢铁,2012-12-31,1,515.4120,0.22,515.4120,0.00,0
600571,信雅达,2012-12-31,2,700.7630,3.45,700.7630,0.00,0
600585,海螺水泥,2012-12-31,3,9788.1100,1.85,4335.2100,1.03,2
600588,用友软件,2012-12-31,4,5346.6200,5.46,253.1200,5.20,3
600595,中孚实业,2012-12-31,1,210.1710,0.14,210.1710,0.00,0
600596,新安股份,2012-12-31,1,769.5720,1.13,-460.6900,1.81,2
600598,北大荒,2012-12-31,1,1000.0200,0.56,0.0000,0.56,1
600601,方正科技,2012-12-31,1,355.9470,0.16,0.0000,0.16,1
600639,浦东金桥,2012-12-31,1,268.3630,0.29,-27.0540,0.32,1
600651,飞乐音响,2012-12-31,1,1300.0600,1.76,100.0100,1.62,1
600655,豫园商城,2012-12-31,1,1333.9200,0.93,0.0000,0.93,1
600660,福耀玻璃,2012-12-31,1,2901.0400,1.45,114.3100,1.39,1
600674,川投能源,2012-12-31,1,3000.0000,1.52,-1971.0800,2.52,2
600697,欧亚集团,2012-12-31,1,347.6240,2.19,2.6900,2.17,1
600720,祁连山,2012-12-31,1,557.9720,0.93,557.9720,0.00,0
600731,湖南海利,2012-12-31,1,189.9660,0.74,189.9660,0.00,0
600742,一汽富维,2012-12-31,1,459.1600,2.17,14.9800,2.10,1
600897,厦门空港,2012-12-31,2,542.3430,1.82,0.0000,1.82,2
000002,万科A,2012-12-31,2,16794.6000,1.53,8807.8300,0.73,1
000065,北方国际,2012-12-31,1,150.0160,0.92,0.0000,0.92,1
000089,深圳机场,2012-12-31,1,526.9940,0.31,0.0000,0.31,1
000420,吉林化纤,2012-12-31,1,278.4010,0.74,0.0000,0.74,1
600755,厦门国贸,2012-12-31,1,261.2900,0.20,261.2900,0.00,0
600776,东方通信,2012-12-31,1,132.1800,0.11,0.0000,0.11,1
600779,水井坊,2012-12-31,4,1279.2410,2.62,981.6100,0.61,1
600797,浙大网新,2012-12-31,1,182.8000,0.22,-150.2690,0.40,2
600820,隧道股份,2012-12-31,1,304.4040,0.23,304.4040,0.00,0
600823,世茂股份,2012-12-31,2,1800.0570,1.54,761.3070,0.89,1
600826,兰生股份,2012-12-31,1,413.5310,0.98,0.0000,0.98,1
600835,上海机电,2012-12-31,1,702.6640,0.69,702.6640,0.00,0
600839,四川长虹,2012-12-31,1,1025.7000,0.22,1025.7000,0.00,0
600887,伊利股份,2012-12-31,3,8996.7200,5.63,2420.5000,4.11,3
000488,晨鸣纸业,2012-12-31,3,3934.2520,1.91,1018.1700,1.41,2
000538,云南白药,2012-12-31,2,807.2830,1.16,369.7680,0.63,1
000610,西安旅游,2012-12-31,1,46.4800,0.24,46.4800,0.00,0
000616,亿城股份,2012-12-31,1,1735.4800,1.46,0.0000,1.46,1
000650,仁和药业,2012-12-31,1,588.0790,0.59,588.0790,0.00,0
000651,格力电器,2012-12-31,5,27290.6000,9.07,2968.5700,8.09,5
000698,沈阳化工,2012-12-31,1,168.5970,0.26,0.0000,0.26,1
000707,双环科技,2012-12-31,1,117.9900,0.25,0.0000,0.25,1
000731,四川美丰,2012-12-31,1,291.2000,0.58,0.0000,0.58,1
000759,中百集团,2012-12-31,1,1851.7500,2.72,339.9500,2.22,1
000789,江西水泥,2012-12-31,1,980.4880,2.40,0.0000,2.48,1
000822,山东海化,2012-12-31,2,569.3740,0.64,91.3940,0.53,2
000859,国风塑业,2012-12-31,1,174.3520,0.41,0.0000,0.41,1
000895,双汇发展,2012-12-31,1,448.3400,0.41,-747.5490,1.09,2
000898,*ST鞍钢,2012-12-31,2,2292.4380,0.32,2292.4380,0.00,0
000932,华菱钢铁,2012-12-31,1,1200.0000,0.40,-1336.9120,0.84,3
000939,凯迪电力,2012-12-31,1,1229.5400,1.30,42.4400,1.26,1
000949,新乡化纤,2012-12-31,1,317.7180,0.38,0.0000,0.38,1
000987,广州友谊,2012-12-31,1,265.5740,0.74,265.5740,0.00,0
000999,华润三九,2012-12-31,1,1151.2100,1.18,1151.2100,0.00,0
600004,白云机场,2012-12-31,2,3436.4500,2.99,1862.7700,1.37,1
600031,三一重工,2012-12-31,1,2510.6200,0.33,510.5500,0.26,1
600423,柳化股份,2012-12-31,1,800.0000,2.00,0.0000,2.00,1
600352,浙江龙盛,2012-12-31,1,1000.0000,0.68,1000.0000,0.00,0
600547,山东黄金,2012-12-31,1,440.0070,0.31,440.0070,0.00,0
600015,华夏银行,2012-12-31,1,56237.3000,8.21,0.0000,8.21,1
600517,置信电气,2012-12-31,2,1337.9000,2.16,0.0000,2.16,2
600594,益佰制药,2012-12-31,1,857.8290,2.38,175.1970,1.89,1
600993,马应龙,2012-12-31,1,443.2130,1.34,-10.6900,1.37,1
002001,新和成,2012-12-31,1,538.8920,0.74,538.8920,0.00,0
002005,德豪润达,2012-12-31,1,416.4920,0.36,416.4920,0.00,0
600022,山东钢铁,2012-12-31,1,556.3030,0.09,556.3030,0.00,0
600978,宜华木业,2012-12-31,1,2709.9800,2.35,0.0000,2.35,1
601899,紫金矿业,2012-12-31,1,5225.0500,0.24,5225.0500,0.00,0
601169,北京银行,2012-12-31,1,120058.0000,13.64,0.0000,13.64,1
601998,中信银行,2012-12-31,1,3169.7800,0.07,3169.7800,0.00,0
601009,南京银行,2012-12-31,2,43764.7000,14.74,6112.6000,12.68,1
600018,上港集团,2012-12-31,1,3262.2300,0.14,1369.0100,0.08,1
601857,中国石油,2012-12-31,1,2676.7500,0.01,2676.7500,0.00,0
601600,中国铝业,2012-12-31,1,2534.0100,0.19,2534.0100,0.00,0
002116,中国海诚,2012-12-31,1,115.9970,0.57,115.9970,0.00,0
002142,宁波银行,2012-12-31,2,29609.9500,10.27,0.0000,10.27,2
601158,重庆水务,2012-12-31,1,288.9410,0.06,288.9410,0.00,0
002448,中原内配,2012-12-31,1,99.9752,0.85,99.9752,0.00,0
002430,杭氧股份,2012-12-31,1,410.9670,0.51,-30.0000,0.54,1
601898,中煤能源,2012-12-31,1,1210.3400,0.09,1210.3400,0.00,0
002085,万丰奥威,2012-12-31,1,130.1660,0.33,-23.4400,0.39,1
601800,中国交建,2012-12-31,5,13398.5400,0.83,684.6400,0.79,5
002386,天原集团,2012-12-31,1,128.9890,0.27,128.9890,0.00,0
002099,海翔药业,2012-12-31,1,289.6450,0.89,289.6450,0.00,0
601101,昊华能源,2012-12-31,1,137.1250,0.11,137.1250,0.00,0
002111,威海广泰,2012-12-31,1,96.6200,0.31,20.1914,0.25,1
601390,中国中铁,2012-12-31,4,11405.9000,0.54,4681.2000,0.32,3
601558,华锐风电,2012-12-31,2,467.8850,0.12,467.8850,0.00,0
601766,中国南车,2012-12-31,2,7260.9100,0.53,3785.6600,0.25,1
002221,东华能源,2012-12-31,1,142.2490,0.49,22.2750,0.53,1
601186,中国铁建,2012-12-31,5,27398.2300,2.22,4274.8900,1.87,4
002228,合兴包装,2012-12-31,1,425.6910,1.23,0.0000,1.23,1
002372,伟星新材,2012-12-31,1,86.1900,0.34,-15.5300,0.40,1
002242,九阳股份,2012-12-31,1,162.7010,0.21,-29.3100,0.25,1
002255,海陆重工,2012-12-31,1,276.6200,1.07,276.6200,0.00,0
002342,巨力索具,2012-12-31,3,634.4570,0.66,-80.9860,0.75,4
300200,高盟新材,2012-12-31,2,50.7571,0.48,-10.7200,0.58,2
002683,宏大爆破,2012-12-31,1,52.0600,0.24,52.0600,0.00,0
002478,常宝股份,2012-12-31,1,105.1090,0.26,-163.6290,0.67,1
601888,中国国旅,2012-12-31,1,578.0910,0.66,578.0910,0.00,0
002301,齐心文具,2012-12-31,1,852.0320,2.22,0.0000,2.22,1
300047,天源迪科,2012-12-31,1,56.5378,0.36,0.0000,0.36,1
300032,金龙机电,2012-12-31,2,373.3780,2.62,100.2080,1.91,2
300003,乐普医疗,2012-12-31,1,245.2910,0.30,-382.8920,0.77,2
002309,中利科技,2012-12-31,1,312.5420,0.65,312.5420,0.00,0
002400,省广股份,2012-12-31,1,233.3490,1.21,-159.5330,2.04,1
601799,星宇股份,2012-12-31,1,37.6775,0.16,37.6775,0.00,0
002341,新纶科技,2012-12-31,1,217.8350,0.74,217.8350,0.00,0
002390,信邦制药,2012-12-31,1,46.0893,0.27,46.0893,0.00,0
002399,海普瑞,2012-12-31,1,62.3918,0.08,62.3918,0.00,0
002414,高德红外,2012-12-31,2,141.2892,0.47,65.8833,0.25,1
300078,中瑞思创,2012-12-31,1,119.9960,0.72,0.0000,0.72,1
002466,天齐锂业,2012-12-31,1,23.4133,0.16,-5.0568,0.19,1
002595,豪迈科技,2012-12-31,1,236.8840,1.18,0.0000,1.18,1
300128,锦富新材,2012-12-31,1,134.5370,0.66,134.5370,0.00,0
601098,中南传媒,2012-12-31,1,403.7690,0.22,403.7690,0.00,0
300121,阳谷华泰,2012-12-31,1,31.8400,0.29,-28.9200,0.56,2
002493,荣盛石化,2012-12-31,1,71.7749,0.06,71.7749,0.00,0
002697,红旗连锁,2012-12-31,1,124.4830,0.62,50.9550,0.37,1
002508,老板电器,2012-12-31,1,139.9850,0.55,39.9987,0.39,1
002528,英飞拓,2012-12-31,1,35.2252,0.10,35.2252,0.00,0
002532,新界泵业,2012-12-31,2,43.3490,0.27,43.3490,0.00,0
300170,汉得信息,2012-12-31,1,372.7980,2.22,71.7550,1.79,1
300330,华虹计通,2012-12-31,1,11.3300,0.14,11.3300,0.00,0
300214,日科化学,2012-12-31,2,387.6240,1.91,251.6740,0.67,1
300226,上海钢联,2012-12-31,2,146.4294,1.83,-20.5800,2.09,2
002578,闽发铝业,2012-12-31,1,24.6339,0.14,24.6339,0.00,0
300232,洲明科技,2012-12-31,1,25.0000,0.25,25.0000,0.00,0
300259,新天科技,2012-12-31,2,227.6820,1.50,157.2836,0.47,1
002612,朗姿股份,2012-12-31,1,197.0530,0.99,42.8110,0.77,1
002668,奥马电器,2012-12-31,1,30.3480,0.18,30.3480,0.00,0
002684,猛狮科技,2012-12-31,1,15.8560,0.30,7.7000,0.15,1
002664,信质电机,2012-12-31,2,292.9800,2.20,20.6780,2.04,2
002650,加加食品,2012-12-31,3,221.1227,1.15,221.1227,0.00,0
002661,克明面业,2012-12-31,1,38.5518,0.46,0.0000,0.46,1
002674,兴业科技,2012-12-31,2,132.2728,0.55,-18.7600,0.63,2
300320,海达股份,2012-12-31,1,11.3500,0.17,11.3500,0.00,0
300311,任子行,2012-12-31,1,13.6800,0.19,13.6800,0.00,0
002682,龙洲股份,2012-12-31,1,19.7500,0.12,19.7500,0.00,0
603366,日出东方,2012-12-31,1,62.2190,0.16,62.2190,0.00,0
300337,银邦股份,2012-12-31,1,60.1068,0.32,0.0000,0.32,1
002687,乔治白,2012-12-31,1,49.9918,0.51,0.0000,0.51,1
300347,泰格医药,2012-12-31,1,37.7314,0.71,-21.5162,1.11,2
