600007,中国国贸,2012-09-30,2,2671.8100,2.65,0.0000,2.65,2
600009,上海机场,2012-09-30,1,1752.8700,0.91,194.2000,0.81,1
600012,皖通高速,2012-09-30,2,1093.4870,0.66,320.1700,0.47,1
600019,宝钢股份,2012-09-30,1,6465.8200,0.37,1453.9100,0.29,1
600062,华润双鹤,2012-09-30,1,642.2660,1.12,642.2660,0.00,0
600066,宇通客车,2012-09-30,1,753.3770,1.07,-107.8300,1.28,1
600068,葛洲坝,2012-09-30,1,1393.3300,0.40,0.0000,0.40,1
600075,新疆天业,2012-09-30,1,112.4600,0.26,112.4600,0.00,0
600098,广州发展,2012-09-30,1,535.0310,0.20,0.0000,0.26,1
600101,明星电力,2012-09-30,1,299.9900,0.93,0.0000,0.93,1
600104,上汽集团,2012-09-30,1,5004.1200,0.45,-786.9000,0.53,1
600117,西宁特钢,2012-09-30,1,194.9970,0.26,194.9970,0.00,0
600118,中国卫星,2012-09-30,1,591.6800,0.65,-312.6000,0.99,1
600138,中青旅,2012-09-30,1,739.9970,1.78,39.9970,1.69,1
600161,天坛生物,2012-09-30,2,790.0740,1.53,0.0000,1.53,2
600172,黄河旋风,2012-09-30,1,327.5490,0.61,327.5490,0.00,0
600218,全柴动力,2012-09-30,2,634.1050,2.24,113.3890,1.84,2
600219,南山铝业,2012-09-30,1,797.3010,0.41,0.0000,0.41,1
600229,青岛碱业,2012-09-30,1,239.9150,0.61,-130.8000,0.94,2
600239,云南城投,2012-09-30,1,708.4270,0.86,708.4270,0.00,0
600260,凯乐科技,2012-09-30,1,224.5180,0.43,224.5180,0.00,0
600270,外运发展,2012-09-30,2,506.7020,0.56,290.9020,0.24,1
600285,羚锐制药,2012-09-30,2,546.3180,2.72,412.0110,0.67,1
600299,蓝星新材,2012-09-30,1,133.8000,0.26,133.8000,0.00,0
600305,恒顺醋业,2012-09-30,1,367.6000,2.89,367.6000,0.00,0
600311,荣华实业,2012-09-30,1,224.0910,0.34,224.0910,0.00,0
600323,南海发展,2012-09-30,1,1105.8100,1.91,-350.1360,2.98,2
600339,天利高新,2012-09-30,1,149.1540,0.26,149.1540,0.00,0
600350,山东高速,2012-09-30,1,359.9950,0.07,0.0000,0.07,1
600355,精伦电子,2012-09-30,1,283.5860,1.15,-197.9450,1.96,1
600361,华联综超,2012-09-30,1,1024.1500,1.54,-18.8100,1.57,1
600377,宁沪高速,2012-09-30,3,4311.4370,0.86,4311.4370,0.00,0
600389,江山股份,2012-09-30,1,224.0480,1.13,224.0480,0.00,0
600418,江淮汽车,2012-09-30,1,599.9970,0.47,0.0000,0.47,1
600456,宝钛股份,2012-09-30,2,268.6600,0.62,-15.6900,0.66,2
600486,扬农化工,2012-09-30,2,427.4760,2.48,-60.0640,2.83,2
600498,烽火通信,2012-09-30,1,677.0160,1.40,276.0080,0.91,1
600509,天富热电,2012-09-30,2,323.5000,0.49,323.5000,0.00,0
600519,贵州茅台,2012-09-30,2,942.3870,0.91,152.5380,0.76,2
600531,豫光金铅,2012-09-30,1,65.7566,0.22,65.7566,0.00,0
600550,天威保变,2012-09-30,1,350.8530,0.26,0.0000,0.26,1
600552,方兴科技,2012-09-30,1,300.0330,2.56,0.0000,2.56,1
600581,八一钢铁,2012-09-30,1,370.2690,0.48,-34.2400,0.53,1
600585,海螺水泥,2012-09-30,2,5452.9000,1.03,2817.6500,0.50,1
600588,用友软件,2012-09-30,3,5093.5000,5.20,-775.0200,5.99,3
600596,新安股份,2012-09-30,2,1230.2620,1.81,572.5490,0.97,1
600598,北大荒,2012-09-30,1,1000.0200,0.56,99.9980,0.51,1
600601,方正科技,2012-09-30,1,355.9470,0.16,355.9470,0.00,0
600639,浦东金桥,2012-09-30,1,295.4170,0.32,0.0000,0.32,1
600651,飞乐音响,2012-09-30,1,1200.0500,1.62,200.0100,1.62,1
600655,豫园商城,2012-09-30,1,1333.9200,0.93,0.0000,0.93,1
600660,福耀玻璃,2012-09-30,1,2786.7300,1.39,21.5800,1.38,1
600674,川投能源,2012-09-30,2,4971.0800,2.52,-412.0200,2.73,2
600697,欧亚集团,2012-09-30,1,344.9340,2.17,344.9340,0.00,0
600742,一汽富维,2012-09-30,1,444.1800,2.10,444.1800,0.00,0
600897,厦门空港,2012-09-30,2,542.3430,1.82,0.0000,1.82,2
000002,万科A,2012-09-30,1,7986.7700,0.73,-7118.0000,1.37,2
000009,中国宝安,2012-09-30,1,800.0000,0.73,0.0000,0.73,1
000065,北方国际,2012-09-30,1,150.0160,0.92,0.0000,0.92,1
000089,深圳机场,2012-09-30,1,526.9940,0.31,-245.2960,0.46,2
000155,川化股份,2012-09-30,1,191.7100,0.41,191.7100,0.00,0
000401,冀东水泥,2012-09-30,2,1960.5210,1.45,30.7570,1.43,2
000420,吉林化纤,2012-09-30,1,278.4010,0.74,278.4010,0.00,0
600776,东方通信,2012-09-30,1,132.1800,0.11,132.1800,0.00,0
600779,水井坊,2012-09-30,1,297.6310,0.61,-343.9160,1.31,2
600783,鲁信创投,2012-09-30,1,125.1200,0.17,0.0000,0.17,1
600797,浙大网新,2012-09-30,2,333.0690,0.40,132.8000,0.24,1
600801,华新水泥,2012-09-30,1,662.3850,0.71,0.0000,0.71,1
600823,世茂股份,2012-09-30,1,1038.7500,0.89,0.0000,0.89,1
600826,兰生股份,2012-09-30,1,413.5310,0.98,0.0000,0.98,1
600859,王府井,2012-09-30,1,338.0450,0.73,0.0000,0.73,1
600887,伊利股份,2012-09-30,3,6576.2200,4.11,-12.9100,4.12,3
000488,晨鸣纸业,2012-09-30,2,2916.0820,1.41,-1221.4100,2.01,3
000516,开元投资,2012-09-30,1,406.0000,0.57,-8.0000,0.58,1
000538,云南白药,2012-09-30,1,437.5150,0.63,0.0000,0.63,1
000616,亿城股份,2012-09-30,1,1735.4800,1.46,0.0000,1.46,1
000631,顺发恒业,2012-09-30,1,512.1340,0.49,0.0000,0.49,1
000651,格力电器,2012-09-30,5,24322.0300,8.09,6600.3100,5.89,4
000698,沈阳化工,2012-09-30,1,168.5970,0.26,168.5970,0.00,0
000707,双环科技,2012-09-30,1,117.9900,0.25,117.9900,0.00,0
000708,大冶特钢,2012-09-30,1,274.6340,0.61,0.0000,0.61,1
000731,四川美丰,2012-09-30,1,291.2000,0.58,-75.0000,0.73,1
000759,中百集团,2012-09-30,1,1511.8000,2.22,0.0000,2.22,1
000789,江西水泥,2012-09-30,1,980.4880,2.48,0.0000,2.48,1
000818,方大化工,2012-09-30,1,223.7380,0.33,223.7380,0.00,0
000822,山东海化,2012-09-30,2,477.9800,0.53,72.9600,0.45,2
000859,国风塑业,2012-09-30,1,174.3520,0.41,174.3520,0.00,0
000895,双汇发展,2012-09-30,2,1195.8890,1.09,-772.4620,3.25,3
000932,华菱钢铁,2012-09-30,3,2536.9120,0.84,-2481.7120,1.66,4
000935,四川双马,2012-09-30,1,93.7000,0.15,93.7000,0.00,0
000939,凯迪电力,2012-09-30,1,1187.1000,1.26,562.6010,0.66,1
000949,新乡化纤,2012-09-30,1,317.7180,0.38,317.7180,0.00,0
000951,中国重汽,2012-09-30,1,63.7900,0.15,63.7900,0.00,0
000973,佛塑科技,2012-09-30,1,202.3390,0.22,202.3390,0.00,0
000998,隆平高科,2012-09-30,1,452.8580,1.09,452.8580,0.00,0
600004,白云机场,2012-09-30,1,1573.6800,1.37,232.7900,1.17,1
600031,三一重工,2012-09-30,1,2000.0700,0.26,0.0000,0.26,1
600423,柳化股份,2012-09-30,1,800.0000,2.00,0.0000,2.00,1
600015,华夏银行,2012-09-30,1,56237.3000,8.21,0.0000,8.21,1
600517,置信电气,2012-09-30,2,1337.9000,2.16,600.0000,1.19,1
600594,益佰制药,2012-09-30,1,682.6320,1.89,0.0000,1.89,1
600543,莫高股份,2012-09-30,1,123.4550,0.38,123.4550,0.00,0
600993,马应龙,2012-09-30,1,453.9030,1.37,-11.2900,1.40,1
002024,苏宁云商,2012-09-30,1,6370.4700,0.86,0.0000,0.91,1
600978,宜华木业,2012-09-30,1,2709.9800,2.35,10.0000,2.34,1
002051,中工国际,2012-09-30,1,417.0290,0.73,-230.0000,1.13,1
601166,兴业银行,2012-09-30,1,138043.0000,12.80,0.0000,12.80,1
601169,北京银行,2012-09-30,1,120058.0000,13.64,20010.0000,13.64,1
601009,南京银行,2012-09-30,1,37652.1000,12.68,0.0000,12.68,1
002307,北新路桥,2012-09-30,1,91.6970,0.21,91.6970,0.00,0
600018,上港集团,2012-09-30,1,1893.2200,0.08,53.9300,0.08,1
002306,湘鄂情,2012-09-30,1,174.1210,0.44,174.1210,0.00,0
002167,东方锆业,2012-09-30,1,474.0540,1.15,474.0540,0.00,0
002142,宁波银行,2012-09-30,2,29609.9500,10.27,0.0000,10.27,2
002430,杭氧股份,2012-09-30,1,440.9670,0.54,440.9670,0.00,0
601006,大秦铁路,2012-09-30,1,8105.9700,0.55,8105.9700,0.00,0
002308,威创股份,2012-09-30,1,131.1670,0.20,131.1670,0.00,0
002085,万丰奥威,2012-09-30,1,153.6060,0.39,153.6060,0.00,0
601800,中国交建,2012-09-30,5,12713.9000,0.79,11386.4100,0.08,1
002111,威海广泰,2012-09-30,1,76.4286,0.25,76.4286,0.00,0
002211,宏达新材,2012-09-30,1,124.9410,0.29,124.9410,0.00,0
601390,中国中铁,2012-09-30,3,6724.7000,0.32,2378.1900,0.20,2
300284,苏交科,2012-09-30,2,219.0881,0.91,-290.8399,2.12,2
601766,中国南车,2012-09-30,1,3475.2500,0.25,3475.2500,0.00,0
002221,东华能源,2012-09-30,1,119.9740,0.53,119.9740,0.00,0
601186,中国铁建,2012-09-30,4,23123.3400,1.87,5606.8300,1.42,4
002228,合兴包装,2012-09-30,1,425.6910,1.23,0.0000,1.23,1
002372,伟星新材,2012-09-30,1,101.7200,0.40,101.7200,0.00,0
002242,九阳股份,2012-09-30,1,192.0110,0.25,192.0110,0.00,0
002342,巨力索具,2012-09-30,4,715.4430,0.75,-200.7400,0.95,4
300115,长盈精密,2012-09-30,1,169.0280,0.66,169.0280,0.00,0
002277,友阿股份,2012-09-30,1,493.5320,0.88,222.7250,0.78,1
300200,高盟新材,2012-09-30,2,61.4771,0.58,61.4771,0.00,0
002478,常宝股份,2012-09-30,1,268.7380,0.67,-2.1100,0.68,1
002301,齐心文具,2012-09-30,1,852.0320,2.22,484.9480,1.92,1
300047,天源迪科,2012-09-30,1,56.5378,0.36,56.5378,0.00,0
300032,金龙机电,2012-09-30,2,273.1700,1.91,273.1700,0.00,0
300005,探路者,2012-09-30,1,483.9360,1.37,-199.5430,1.96,1
300003,乐普医疗,2012-09-30,2,628.1830,0.77,0.0000,0.77,2
002400,省广股份,2012-09-30,1,392.8820,2.04,0.0000,2.04,1
300025,华星创业,2012-09-30,1,151.8430,0.97,0.0000,0.97,1
002334,英威腾,2012-09-30,1,38.0567,0.17,38.0567,0.00,0
300103,达刚路机,2012-09-30,1,47.9190,0.23,47.9190,0.00,0
002414,高德红外,2012-09-30,1,75.4059,0.25,75.4059,0.00,0
300078,中瑞思创,2012-09-30,1,119.9960,0.72,0.0000,0.72,1
002466,天齐锂业,2012-09-30,1,28.4701,0.19,-48.2284,0.52,3
002445,中南重工,2012-09-30,2,622.1050,2.47,622.1050,0.00,0
002619,巨龙管业,2012-09-30,1,198.3860,1.63,-60.0000,2.13,1
002595,豪迈科技,2012-09-30,1,236.8840,1.18,236.8840,0.00,0
300121,阳谷华泰,2012-09-30,2,60.7600,0.56,28.9200,0.29,1
002697,红旗连锁,2012-09-30,1,73.5280,0.37,73.5280,0.00,0
002511,中顺洁柔,2012-09-30,1,197.1630,0.95,-152.6622,1.68,2
002508,老板电器,2012-09-30,1,99.9863,0.39,99.9863,0.00,0
300155,安居宝,2012-09-30,1,18.2480,0.10,18.2480,0.00,0
300170,汉得信息,2012-09-30,1,301.0430,1.79,111.4330,1.13,1
002541,鸿路钢构,2012-09-30,1,47.4641,0.18,47.4641,0.00,0
300176,鸿特精密,2012-09-30,1,14.1500,0.16,14.1500,0.00,0
300214,日科化学,2012-09-30,1,135.9500,0.67,135.9500,0.00,0
300226,上海钢联,2012-09-30,2,167.0094,2.09,167.0094,0.00,0
300259,新天科技,2012-09-30,1,70.3984,0.47,70.3984,0.00,0
002612,朗姿股份,2012-09-30,1,154.2420,0.77,0.0000,0.77,1
002684,猛狮科技,2012-09-30,1,8.1560,0.15,8.1560,0.00,0
002664,信质电机,2012-09-30,2,272.3020,2.04,272.3020,0.00,0
300291,华录百纳,2012-09-30,1,32.7275,0.55,32.7275,0.00,0
002661,克明面业,2012-09-30,1,38.5518,0.46,0.0000,0.46,1
002674,兴业科技,2012-09-30,2,151.0328,0.63,151.0328,0.00,0
300336,新文化,2012-09-30,1,100.0000,1.04,100.0000,0.00,0
300337,银邦股份,2012-09-30,1,60.1068,0.32,60.1068,0.00,0
002687,乔治白,2012-09-30,1,49.9918,0.51,49.9918,0.00,0
300347,泰格医药,2012-09-30,2,59.2476,1.11,59.2476,0.00,0
