600007,中国国贸,2012-06-30,2,2671.8100,2.65,34.0000,2.62,2
600009,上海机场,2012-06-30,1,1558.6700,0.81,1558.6700,0.00,0
600012,皖通高速,2012-06-30,1,773.3170,0.47,0.0000,0.47,1
600019,宝钢股份,2012-06-30,1,5011.9100,0.29,377.2900,0.26,1
600066,宇通客车,2012-06-30,1,861.2070,1.28,-156.0430,1.51,1
600068,葛洲坝,2012-06-30,1,1393.3300,0.40,-554.7000,0.56,1
600098,广州发展,2012-06-30,1,535.0310,0.26,535.0310,0.00,0
600101,明星电力,2012-06-30,1,299.9900,0.93,299.9900,0.00,0
600104,上汽集团,2012-06-30,1,5791.0200,0.53,389.7300,0.49,1
600111,包钢稀土,2012-06-30,1,787.4720,0.33,787.4720,0.00,0
600118,中国卫星,2012-06-30,1,904.2800,0.99,208.6800,0.99,1
600138,中青旅,2012-06-30,1,700.0000,1.69,700.0000,0.00,0
600153,建发股份,2012-06-30,1,1534.0300,0.69,1534.0300,0.00,0
600161,天坛生物,2012-06-30,2,790.0740,1.53,-0.0010,1.53,2
600170,上海建工,2012-06-30,1,146.7290,0.06,146.7290,0.00,0
600216,浙江医药,2012-06-30,1,234.9660,0.52,234.9660,0.00,0
600218,全柴动力,2012-06-30,2,520.7160,1.84,320.6170,0.71,1
600219,南山铝业,2012-06-30,1,797.3010,0.41,0.0000,0.41,1
600229,青岛碱业,2012-06-30,2,370.7150,0.94,0.0000,0.94,2
600270,外运发展,2012-06-30,1,215.8000,0.24,-269.2170,0.54,2
600285,羚锐制药,2012-06-30,1,134.3070,0.67,134.3070,0.00,0
600297,美罗药业,2012-06-30,1,39.8400,0.11,39.8400,0.00,0
600307,酒钢宏兴,2012-06-30,1,211.5340,0.05,-326.6980,0.13,1
600323,南海发展,2012-06-30,2,1455.9460,2.98,731.1790,2.23,1
600350,山东高速,2012-06-30,1,359.9950,0.07,-535.0020,0.19,3
600355,精伦电子,2012-06-30,1,481.5310,1.96,0.0000,1.96,1
600361,华联综超,2012-06-30,1,1042.9600,1.57,-95.2300,1.71,1
600380,健康元,2012-06-30,1,194.7650,0.13,194.7650,0.00,0
600418,江淮汽车,2012-06-30,1,599.9970,0.47,599.9970,0.00,0
600456,宝钛股份,2012-06-30,2,284.3500,0.66,-120.8070,0.94,3
600486,扬农化工,2012-06-30,2,487.5400,2.83,292.5110,1.13,1
600498,烽火通信,2012-06-30,1,401.0080,0.91,401.0080,0.00,0
600519,贵州茅台,2012-06-30,2,789.8490,0.76,366.1570,0.41,1
600550,天威保变,2012-06-30,1,350.8530,0.26,0.0000,0.26,1
600552,方兴科技,2012-06-30,1,300.0330,2.56,0.0000,2.56,1
600581,八一钢铁,2012-06-30,1,404.5090,0.53,0.0000,0.53,1
600585,海螺水泥,2012-06-30,1,2635.2500,0.50,-1895.6000,0.86,2
600588,用友软件,2012-06-30,3,5868.5200,5.99,606.6500,6.45,3
600589,广东榕泰,2012-06-30,1,541.5190,0.90,541.5190,0.00,0
600596,新安股份,2012-06-30,1,657.7130,0.97,0.0000,0.97,1
600598,北大荒,2012-06-30,1,900.0220,0.51,100.0000,0.45,1
600639,浦东金桥,2012-06-30,1,295.4170,0.32,0.0000,0.32,1
600651,飞乐音响,2012-06-30,1,1000.0400,1.62,0.0000,1.62,1
600655,豫园商城,2012-06-30,1,1333.9200,0.93,0.0000,0.93,1
600660,福耀玻璃,2012-06-30,1,2765.1500,1.38,265.9000,1.25,1
600674,川投能源,2012-06-30,2,5383.1000,2.73,5383.1000,0.00,0
600720,祁连山,2012-06-30,1,360.4500,0.76,360.4500,0.00,0
600893,航空动力,2012-06-30,1,689.5150,0.63,17.2000,0.62,1
600897,厦门空港,2012-06-30,2,542.3430,1.82,48.2910,1.66,2
000002,万科A,2012-06-30,2,15104.7700,1.37,6798.2500,0.76,1
000009,中国宝安,2012-06-30,1,800.0000,0.73,-41.1230,0.77,1
000065,北方国际,2012-06-30,1,150.0160,0.92,0.0000,0.92,1
000089,深圳机场,2012-06-30,2,772.2900,0.46,316.9060,0.27,1
000401,冀东水泥,2012-06-30,2,1929.7640,1.43,-250.0060,1.62,1
600779,水井坊,2012-06-30,2,641.5470,1.31,494.0550,0.30,1
600783,鲁信创投,2012-06-30,1,125.1200,0.17,125.1200,0.00,0
600797,浙大网新,2012-06-30,1,200.2690,0.24,0.0000,0.24,1
600801,华新水泥,2012-06-30,1,662.3850,0.71,0.0000,0.71,1
600808,马钢股份,2012-06-30,1,1900.5800,0.25,326.6300,0.20,1
600823,世茂股份,2012-06-30,1,1038.7500,0.89,0.0000,0.89,1
600826,兰生股份,2012-06-30,1,413.5310,0.98,174.1670,0.57,1
600859,王府井,2012-06-30,1,338.0450,0.73,338.0450,0.00,0
600887,伊利股份,2012-06-30,3,6589.1300,4.12,2202.7600,2.74,2
000488,晨鸣纸业,2012-06-30,3,4137.4920,2.01,0.0000,2.01,3
000516,开元投资,2012-06-30,1,414.0000,0.58,414.0000,0.00,0
000538,云南白药,2012-06-30,1,437.5150,0.63,-400.0380,1.21,2
000616,亿城股份,2012-06-30,1,1735.4800,1.46,1735.4800,0.00,0
000631,顺发恒业,2012-06-30,1,512.1340,0.49,512.1340,0.00,0
000651,格力电器,2012-06-30,4,17721.7200,5.89,-3490.3700,7.05,5
000708,大冶特钢,2012-06-30,1,274.6340,0.61,0.0000,0.61,1
000731,四川美丰,2012-06-30,1,366.2000,0.73,0.0000,0.73,1
000759,中百集团,2012-06-30,1,1511.8000,2.22,0.0000,2.22,1
000789,江西水泥,2012-06-30,1,980.4880,2.48,0.0000,2.48,1
000822,山东海化,2012-06-30,2,405.0200,0.45,0.0000,0.45,2
000837,秦川发展,2012-06-30,1,365.5340,1.05,-563.7280,2.66,2
000858,五粮液,2012-06-30,1,1551.3700,0.41,-138.6600,0.45,1
000895,双汇发展,2012-06-30,3,1968.3510,3.25,-255.8950,3.67,3
000932,华菱钢铁,2012-06-30,4,5018.6240,1.66,-109.2000,1.70,4
000939,凯迪电力,2012-06-30,1,624.4990,0.66,-178.6720,0.85,1
000987,广州友谊,2012-06-30,1,361.7360,1.01,-41.8000,1.12,1
600004,白云机场,2012-06-30,1,1340.8900,1.17,320.8900,0.89,1
600031,三一重工,2012-06-30,1,2000.0700,0.26,2000.0700,0.00,0
600423,柳化股份,2012-06-30,1,800.0000,2.00,-1427.5540,5.58,2
600352,浙江龙盛,2012-06-30,1,1000.0000,0.68,-391.6900,0.95,1
600547,山东黄金,2012-06-30,1,440.0070,0.31,0.0000,0.31,1
600015,华夏银行,2012-06-30,1,56237.3000,8.21,0.0000,8.21,1
600517,置信电气,2012-06-30,1,737.9000,1.19,0.0000,1.19,1
600594,益佰制药,2012-06-30,1,682.6320,1.89,-37.9240,2.00,1
600993,马应龙,2012-06-30,1,465.1930,1.40,-98.9300,1.70,1
002005,德豪润达,2012-06-30,1,410.2500,0.35,410.2500,0.00,0
002024,苏宁云商,2012-06-30,1,6370.4700,0.91,1170.0300,0.74,1
002032,苏泊尔,2012-06-30,1,250.2950,0.39,250.2950,0.00,0
600978,宜华木业,2012-06-30,1,2699.9800,2.34,2699.9800,0.00,0
300150,世纪瑞尔,2012-06-30,1,68.2700,0.51,68.2700,0.00,0
002051,中工国际,2012-06-30,1,647.0290,1.13,208.5220,1.00,1
601166,兴业银行,2012-06-30,1,138043.0000,12.80,0.0000,12.80,1
601169,北京银行,2012-06-30,1,100048.0000,13.64,0.0000,13.64,1
601009,南京银行,2012-06-30,1,37652.1000,12.68,0.0000,12.68,1
600018,上港集团,2012-06-30,1,1839.2900,0.08,37.3700,0.08,1
601126,四方股份,2012-06-30,1,141.7580,0.35,-28.7620,0.42,1
002142,宁波银行,2012-06-30,2,29609.9500,10.27,0.0000,10.27,2
002141,蓉胜超微,2012-06-30,1,34.1500,0.19,34.1500,0.00,0
002068,黑猫股份,2012-06-30,1,219.9700,0.46,219.9700,0.00,0
002086,东方海洋,2012-06-30,1,199.9940,0.82,0.0000,0.82,1
601800,中国交建,2012-06-30,1,1327.4900,0.08,1327.4900,0.00,0
002123,荣信股份,2012-06-30,1,716.1240,1.42,716.1240,0.00,0
300303,聚飞光电,2012-06-30,1,31.9915,0.40,31.9915,0.00,0
601390,中国中铁,2012-06-30,2,4346.5100,0.20,-1809.0300,0.29,3
300284,苏交科,2012-06-30,2,509.9280,2.12,509.9280,0.00,0
300229,拓尔思,2012-06-30,1,151.2900,0.74,151.2900,0.00,0
601186,中国铁建,2012-06-30,4,17516.5100,1.42,17516.5100,0.00,0
002223,鱼跃医疗,2012-06-30,1,230.0760,0.43,-5.6980,0.58,1
002228,合兴包装,2012-06-30,1,425.6910,1.23,0.0000,1.23,1
002342,巨力索具,2012-06-30,4,916.1830,0.95,916.1830,0.00,0
002266,浙富股份,2012-06-30,1,528.2120,0.88,264.1060,0.88,1
002277,友阿股份,2012-06-30,1,270.8070,0.78,270.8070,0.00,0
601299,中国北车,2012-06-30,1,2329.6500,0.23,2329.6500,0.00,0
002478,常宝股份,2012-06-30,1,270.8480,0.68,0.0000,0.68,1
002301,齐心文具,2012-06-30,1,367.0840,1.92,207.3950,0.83,1
300031,宝通带业,2012-06-30,1,75.9903,0.51,75.9903,0.00,0
300005,探路者,2012-06-30,1,683.4790,1.96,-492.6110,4.39,1
300003,乐普医疗,2012-06-30,2,628.1830,0.77,-89.8520,0.88,3
300041,回天胶业,2012-06-30,1,79.9939,0.76,-40.0001,1.14,1
002313,日海通讯,2012-06-30,1,66.1948,0.33,33.0974,0.33,1
002400,省广股份,2012-06-30,1,392.8820,2.04,106.0500,1.93,1
300025,华星创业,2012-06-30,1,151.8430,0.97,35.0410,0.97,1
002378,章源钨业,2012-06-30,2,101.9924,0.24,101.9924,0.00,0
300078,中瑞思创,2012-06-30,1,119.9960,0.72,0.0000,0.72,1
002466,天齐锂业,2012-06-30,3,76.6985,0.52,76.6985,0.00,0
601717,郑煤机,2012-06-30,1,1439.8200,1.03,-1201.5400,1.89,2
002464,金利科技,2012-06-30,1,14.3500,0.11,14.3500,0.00,0
002619,巨龙管业,2012-06-30,1,258.3860,2.13,258.3860,0.00,0
601886,江河创建,2012-06-30,2,347.3660,0.62,347.3660,0.00,0
300121,阳谷华泰,2012-06-30,1,31.8400,0.29,31.8400,0.00,0
600998,九州通,2012-06-30,1,267.6490,0.19,267.6490,0.00,0
002498,汉缆股份,2012-06-30,1,33.3406,0.05,33.3406,0.00,0
002511,中顺洁柔,2012-06-30,2,349.8252,1.68,156.8412,1.21,1
300146,汤臣倍健,2012-06-30,1,111.9480,0.51,-7.1000,0.54,1
300170,汉得信息,2012-06-30,1,189.6100,1.13,189.6100,0.00,0
300166,东方国信,2012-06-30,1,11.7650,0.15,11.7650,0.00,0
300194,福安药业,2012-06-30,1,16.0100,0.12,16.0100,0.00,0
300219,鸿利光电,2012-06-30,1,268.7910,1.10,268.7910,0.00,0
300240,飞力达,2012-06-30,1,39.4092,0.24,39.4092,0.00,0
002612,朗姿股份,2012-06-30,1,154.2420,0.77,154.2420,0.00,0
300262,巴安水务,2012-06-30,1,22.8500,0.17,22.8500,0.00,0
002662,京威股份,2012-06-30,1,120.9580,0.40,120.9580,0.00,0
300301,长方照明,2012-06-30,1,127.4820,1.18,127.4820,0.00,0
002661,克明面业,2012-06-30,1,38.5518,0.46,38.5518,0.00,0
