000001 平安银行 2013-06-30 1 3158.1200 0.39 1237.8000 0.37 1
000002 万科A 2013-06-30 1 6477.9500 0.59 -1394.1700 0.72 1
000065 北方国际 2013-06-30 1 195.0210 0.92 45.0050 0.92 1
000089 深圳机场 2013-06-30 1 526.9940 0.31 -455.0040 0.58 2
000401 冀东水泥 2013-06-30 1 1384.4900 1.03 0.0000 1.03 1
000425 徐工机械 2013-06-30 1 759.6160 0.37 759.6160 0.00 0
000488 晨鸣纸业 2013-06-30 3 4464.1500 2.16 -2.7690 2.17 3
000528 柳工 2013-06-30 1 639.2780 0.57 639.2780 0.00 0
000563 陕国投A 2013-06-30 1 111.4270 0.19 111.4270 0.00 0
000589 黔轮胎A 2013-06-30 1 202.7820 0.41 202.7820 0.00 0
000639 西王食品 2013-06-30 1 123.0980 0.65 -59.6300 0.97 1
000650 仁和药业 2013-06-30 1 1368.1900 1.38 0.0000 1.38 1
000651 格力电器 2013-06-30 5 28468.9100 9.46 1961.6100 8.81 5
000666 经纬纺机 2013-06-30 1 162.3680 0.23 162.3680 0.00 0
000719 大地传媒 2013-06-30 1 75.0400 0.17 75.0400 0.00 0
000726 鲁泰A 2013-06-30 1 822.6710 0.82 822.6710 0.00 0
000729 燕京啤酒 2013-06-30 1 9798.1000 3.49 9798.1000 0.00 0
000759 中百集团 2013-06-30 1 1851.7500 2.72 0.0000 2.72 1
000778 新兴铸管 2013-06-30 2 1415.0610 0.74 800.3950 0.32 1
000788 北大医药 2013-06-30 1 126.9000 0.21 126.9000 0.00 0
000789 江西水泥 2013-06-30 2 1115.4160 2.73 134.9280 2.40 1
000799 酒鬼酒 2013-06-30 1 140.0000 0.43 140.0000 0.00 0
000807 云铝股份 2013-06-30 1 209.8340 0.14 209.8340 0.00 0
000811 烟台冰轮 2013-06-30 1 249.9970 0.63 249.9970 0.00 0
000822 山东海化 2013-06-30 2 569.4440 0.64 0.0700 0.64 2
000830 鲁西化工 2013-06-30 1 719.3380 0.49 719.3380 0.00 0
000852 江钻股份 2013-06-30 2 191.0000 0.48 134.3000 0.14 1
000858 五粮液 2013-06-30 1 1345.4500 0.35 36.4800 0.34 1
000898 *ST鞍钢 2013-06-30 1 1500.7800 0.21 355.3000 0.16 1
000910 大亚科技 2013-06-30 2 1109.6800 2.10 1109.6800 0.00 0
000916 华北高速 2013-06-30 1 215.0000 0.20 215.0000 0.00 0
000937 冀中能源 2013-06-30 1 511.4860 0.22 0.0000 0.22 1
000939 凯迪电力 2013-06-30 1 820.0380 0.87 -190.9520 1.07 1
000999 华润三九 2013-06-30 1 1014.3200 1.04 165.2520 0.87 1
002001 新和成 2013-06-30 3 1831.5700 2.52 764.8000 1.47 2
002032 苏泊尔 2013-06-30 3 1202.2110 1.89 951.9160 0.39 1
002033 丽江旅游 2013-06-30 1 433.8160 2.04 -46.0870 2.93 2
002037 久联发展 2013-06-30 1 501.1500 1.53 501.1500 0.00 0
002079 苏州固锝 2013-06-30 1 396.2320 0.55 396.2320 0.00 0
002081 金螳螂 2013-06-30 1 1606.8200 1.37 1606.8200 0.00 0
002099 海翔药业 2013-06-30 1 298.1460 0.92 0.0000 0.92 1
002142 宁波银行 2013-06-30 2 29609.9500 10.27 0.0000 10.27 2
002152 广电运通 2013-06-30 1 519.5650 0.70 519.5650 0.00 0
002195 海隆软件 2013-06-30 1 99.3803 0.87 0.0000 0.87 1
002221 东华能源 2013-06-30 1 350.6700 0.60 196.5310 0.53 1
002228 合兴包装 2013-06-30 1 624.4600 1.80 -444.9680 3.08 2
002285 世联地产 2013-06-30 3 1507.5340 3.55 347.8920 3.55 3
002294 信立泰 2013-06-30 1 164.1090 0.25 164.1090 0.00 0
002301 齐心文具 2013-06-30 2 1064.4220 2.77 79.9940 2.56 2
002311 海大集团 2013-06-30 1 1117.3700 1.13 323.8270 1.04 1
002342 巨力索具 2013-06-30 1 268.5190 0.28 0.0000 0.28 1
002351 漫步者 2013-06-30 1 299.9960 1.02 299.9960 0.00 0
002372 伟星新材 2013-06-30 1 62.0480 0.19 62.0480 0.00 0
002375 亚厦股份 2013-06-30 1 571.9400 0.90 154.0540 0.66 1
002385 大北农 2013-06-30 1 1240.9500 0.77 1240.9500 0.00 0
002389 南洋科技 2013-06-30 1 82.3490 0.17 82.3490 0.00 0
002392 北京利尔 2013-06-30 1 125.2670 0.23 125.2670 0.00 0
002414 高德红外 2013-06-30 1 77.3933 0.26 0.0000 0.26 1
002448 中原内配 2013-06-30 1 84.9752 0.72 -15.0000 0.85 1
002482 广田股份 2013-06-30 1 343.3610 0.67 343.3610 0.00 0
002489 浙江永强 2013-06-30 1 65.0000 0.14 6.7101 0.12 1
002511 中顺洁柔 2013-06-30 1 224.9900 0.72 224.9900 0.00 0
002563 森马服饰 2013-06-30 1 100.0890 0.15 100.0890 0.00 0
002567 唐人神 2013-06-30 1 395.8510 0.96 395.8510 0.00 0
002585 双星新材 2013-06-30 1 31.8967 0.08 -20.6500 0.13 1
002589 瑞康医药 2013-06-30 1 125.0760 1.33 50.0300 0.80 1
002595 豪迈科技 2013-06-30 1 308.1100 1.54 0.0000 1.54 1
002607 亚夏汽车 2013-06-30 3 728.0770 3.18 168.0180 3.18 3
002612 朗姿股份 2013-06-30 1 153.6730 0.77 -51.0950 1.02 1
002663 普邦园林 2013-06-30 1 411.6600 0.74 411.6600 0.00 0
002678 珠江钢琴 2013-06-30 1 122.5840 0.26 122.5840 0.00 0
002697 红旗连锁 2013-06-30 1 124.4830 0.62 0.0000 0.62 1
300012 华测检测 2013-06-30 2 641.1180 1.74 641.1180 0.00 0
300031 宝通带业 2013-06-30 1 64.9905 0.43 64.9905 0.00 0
300032 金龙机电 2013-06-30 1 179.2540 0.63 -105.7800 2.00 2
300048 合康变频 2013-06-30 1 318.4020 0.94 318.4020 0.00 0
300051 三五互联 2013-06-30 1 142.5100 0.44 142.5100 0.00 0
300075 数字政通 2013-06-30 1 232.0770 1.84 232.0770 0.00 0
300078 中瑞思创 2013-06-30 1 87.5061 0.52 -32.4899 0.72 1
300086 康芝药业 2013-06-30 1 256.8860 1.28 176.9361 0.40 1
300119 瑞普生物 2013-06-30 1 355.4230 1.83 125.7350 1.18 1
300128 锦富新材 2013-06-30 1 258.5240 1.26 55.3950 0.99 1
300139 福星晓程 2013-06-30 1 41.8300 0.38 41.8300 0.00 0
300159 新研股份 2013-06-30 1 99.2307 0.55 99.2307 0.00 0
300170 汉得信息 2013-06-30 1 314.3790 1.77 -58.4190 2.10 1
300171 东富龙 2013-06-30 2 188.9993 0.91 188.9993 0.00 0
300177 中海达 2013-06-30 1 129.4840 0.64 129.4840 0.00 0
300187 永清环保 2013-06-30 1 62.8231 0.31 62.8231 0.00 0
300203 聚光科技 2013-06-30 1 117.8810 0.26 117.8810 0.00 0
300251 光线传媒 2013-06-30 1 149.9860 0.30 149.9860 0.00 0
300257 开山股份 2013-06-30 1 184.1100 0.43 184.1100 0.00 0
300259 新天科技 2013-06-30 1 119.9840 0.66 -203.4710 2.14 2
300261 雅本化学 2013-06-30 1 176.3650 0.76 176.3650 0.00 0
300282 汇冠股份 2013-06-30 1 21.3252 0.30 21.3252 0.00 0
300310 宜通世纪 2013-06-30 1 122.5130 0.70 122.5130 0.00 0
300337 银邦股份 2013-06-30 1 82.4280 0.44 22.3212 0.32 1
600004 白云机场 2013-06-30 2 1688.3030 1.47 -1648.1470 2.90 2
600007 中国国贸 2013-06-30 4 3838.5470 3.81 70.6910 3.74 4
600008 首创股份 2013-06-30 1 274.0930 0.12 274.0930 0.00 0
600009 上海机场 2013-06-30 4 8243.7200 4.28 -1604.3000 5.11 5
600012 皖通高速 2013-06-30 1 630.4770 0.38 -142.8400 0.47 1
600015 华夏银行 2013-06-30 1 56237.3000 8.21 0.0000 8.21 1
600018 上港集团 2013-06-30 2 5899.2200 0.26 -2003.3400 0.35 3
600019 宝钢股份 2013-06-30 3 8416.9400 0.51 8416.9400 0.00 0
600026 中海发展 2013-06-30 1 308.2740 0.09 0.0000 0.09 1
600028 中国石化 2013-06-30 1 6309.6200 0.05 6309.6200 0.00 0
600030 中信证券 2013-06-30 1 5382.3700 0.49 5382.3700 0.00 0
600031 三一重工 2013-06-30 1 3298.0900 0.43 3298.0900 0.00 0
600039 四川路桥 2013-06-30 1 226.7900 0.22 226.7900 0.00 0
600050 中国联通 2013-06-30 1 6533.1000 0.31 177.1900 0.30 1
600059 古越龙山 2013-06-30 1 1124.2700 1.77 1124.2700 0.00 0
600104 上汽集团 2013-06-30 2 9674.1500 0.88 2706.7900 0.63 1
600111 包钢稀土 2013-06-30 1 933.0840 0.39 -1334.4530 0.94 3
600123 兰花科创 2013-06-30 2 621.2120 0.54 -99.7620 0.63 2
600132 重庆啤酒 2013-06-30 1 191.1590 0.39 0.0000 0.39 1
600138 中青旅 2013-06-30 1 776.6180 1.87 -765.8560 3.71 2
600150 中国船舶 2013-06-30 1 230.0000 0.17 230.0000 0.00 0
600161 天坛生物 2013-06-30 1 440.0000 0.85 -350.0740 1.53 2
600188 兖州煤业 2013-06-30 1 136.4140 0.03 -514.7140 0.13 3
600197 伊力特 2013-06-30 1 360.7800 0.82 360.7800 0.00 0
600218 全柴动力 2013-06-30 2 681.3650 2.40 145.4400 1.89 2
600219 南山铝业 2013-06-30 1 754.9110 0.39 0.0000 0.39 1
600229 青岛碱业 2013-06-30 2 378.1150 0.96 0.0000 0.96 2
600248 延长化建 2013-06-30 1 174.9900 0.41 174.9900 0.00 0
600270 外运发展 2013-06-30 2 441.8780 0.49 -271.3990 0.79 3
600276 恒瑞医药 2013-06-30 1 921.1960 0.68 921.1960 0.00 0
600305 恒顺醋业 2013-06-30 2 316.5210 2.49 53.1400 2.07 1
600323 南海发展 2013-06-30 1 1003.5600 1.73 -80.1200 1.87 1
600325 华发股份 2013-06-30 1 452.5610 0.55 452.5610 0.00 0
600355 精伦电子 2013-06-30 1 281.6800 1.14 0.0000 1.14 1
600362 江西铜业 2013-06-30 1 639.5980 0.18 17.3270 0.18 1
600389 江山股份 2013-06-30 1 164.4160 0.83 -83.4600 1.25 1
600418 江淮汽车 2013-06-30 1 1874.3000 1.46 1874.3000 0.00 0
600486 扬农化工 2013-06-30 1 284.1800 1.65 0.0000 1.65 1
600498 烽火通信 2013-06-30 1 490.0260 0.51 57.5070 0.90 1
600516 方大炭素 2013-06-30 1 433.3630 0.25 -100.5400 0.35 1
600517 置信电气 2013-06-30 1 600.0000 0.87 0.0000 0.87 1
600519 贵州茅台 2013-06-30 2 1103.2420 1.06 4.3090 1.06 2
600529 山东药玻 2013-06-30 1 202.4990 0.79 202.4990 0.00 0
600547 山东黄金 2013-06-30 1 440.0070 0.31 440.0070 0.00 0
600550 天威保变 2013-06-30 1 350.8530 0.26 0.0000 0.26 1
600552 方兴科技 2013-06-30 1 450.0500 1.88 150.0170 2.56 1
600559 老白干酒 2013-06-30 1 111.7900 0.80 111.7900 0.00 0
600584 长电科技 2013-06-30 1 496.0340 0.58 496.0340 0.00 0
600585 海螺水泥 2013-06-30 2 4360.3400 0.82 -4379.9100 1.65 3
600588 用友软件 2013-06-30 3 4583.6800 4.78 -311.6120 5.10 4
600594 益佰制药 2013-06-30 1 784.8020 2.18 -15.7490 2.22 1
600596 新安股份 2013-06-30 1 562.2330 0.83 562.2330 0.00 0
600598 北大荒 2013-06-30 1 1000.0200 0.56 0.0000 0.56 1
600601 方正科技 2013-06-30 1 355.9470 0.16 0.0000 0.16 1
600639 浦东金桥 2013-06-30 1 349.9810 0.38 349.9810 0.00 0
600651 飞乐音响 2013-06-30 1 1300.0600 1.76 0.0000 1.76 1
600660 福耀玻璃 2013-06-30 1 2711.0800 1.35 -579.1900 1.64 1
600674 川投能源 2013-06-30 1 1120.0000 0.57 -1250.0000 1.20 1
600675 中华企业 2013-06-30 1 299.3890 0.19 299.3890 0.00 0
600678 四川金顶 2013-06-30 1 141.7700 0.41 141.7700 0.00 0
600692 亚通股份 2013-06-30 1 104.5900 0.30 104.5900 0.00 0
600697 欧亚集团 2013-06-30 1 293.1240 1.84 -54.5000 2.19 1
600720 祁连山 2013-06-30 1 817.9540 1.37 -465.0490 2.15 2
600741 华域汽车 2013-06-30 1 1061.6400 0.41 1061.6400 0.00 0
600742 一汽富维 2013-06-30 1 326.3380 1.54 -90.9100 1.97 1
600776 东方通信 2013-06-30 1 132.1800 0.11 0.0000 0.11 1
600779 水井坊 2013-06-30 4 1423.4680 2.91 -29.9170 2.97 4
600785 新华百货 2013-06-30 1 284.6560 1.37 0.0000 1.37 1
600797 浙大网新 2013-06-30 1 182.8000 0.22 0.0000 0.22 1
600801 华新水泥 2013-06-30 1 662.3750 0.71 -0.0100 0.71 1
600823 世茂股份 2013-06-30 2 1572.4750 1.34 -684.2850 1.93 2
600826 兰生股份 2013-06-30 1 413.5310 0.98 0.0000 0.98 1
600831 广电网络 2013-06-30 1 160.1990 0.28 0.0000 0.28 1
600839 四川长虹 2013-06-30 1 839.0500 0.18 839.0500 0.00 0
600879 航天电子 2013-06-30 1 303.5610 0.29 70.0520 0.29 1
600887 伊利股份 2013-06-30 2 5881.1600 2.90 -3742.2400 5.14 3
600889 南京化纤 2013-06-30 3 718.5930 2.34 365.9400 1.15 1
600897 厦门空港 2013-06-30 3 539.7864 1.81 -94.4210 2.13 3
600970 中材国际 2013-06-30 1 567.9400 0.52 567.9400 0.00 0
600978 宜华木业 2013-06-30 1 1992.0000 1.73 -550.2000 2.21 1
600983 合肥三洋 2013-06-30 1 784.4610 1.47 44.4000 1.39 1
600993 马应龙 2013-06-30 1 271.4330 0.82 271.4330 0.00 0
601006 大秦铁路 2013-06-30 1 9001.8600 0.61 9001.8600 0.00 0
601009 南京银行 2013-06-30 2 44022.4200 14.83 253.1900 14.74 2
601100 恒立油缸 2013-06-30 1 1007.9800 1.60 1007.9800 0.00 0
601126 四方股份 2013-06-30 1 169.6260 0.42 169.6260 0.00 0
601166 兴业银行 2013-06-30 1 138043.0000 10.87 0.0000 10.87 1
601169 北京银行 2013-06-30 1 120058.0000 13.64 0.0000 13.64 1
601186 中国铁建 2013-06-30 5 14727.8800 1.19 7237.1700 0.61 2
601222 林洋电子 2013-06-30 1 408.9140 1.15 408.9140 0.00 0
601231 环旭电子 2013-06-30 1 165.5300 0.16 165.5300 0.00 0
601258 庞大集团 2013-06-30 1 671.9060 0.26 671.9060 0.00 0
601333 广深铁路 2013-06-30 2 4453.5300 0.63 -7.0000 0.63 2
601390 中国中铁 2013-06-30 1 2500.0100 0.12 0.0000 0.12 1
601558 华锐风电 2013-06-30 1 182.1630 0.05 -265.9600 0.11 2
601800 中国交建 2013-06-30 3 10267.2300 0.63 -1564.7200 0.73 4
601857 中国石油 2013-06-30 1 3119.1100 0.02 84.5400 0.02 1
601886 江河创建 2013-06-30 1 1216.2900 1.09 1216.2900 0.00 0
601888 中国国旅 2013-06-30 1 787.0820 0.89 -55.0100 0.96 1
601898 中煤能源 2013-06-30 1 1128.2900 0.09 -243.8400 0.10 1
601965 中国汽研 2013-06-30 1 300.9870 0.47 0.0000 0.47 1
601988 中国银行 2013-06-30 1 6028.5600 0.02 163.3600 0.02 1
601998 中信银行 2013-06-30 1 3693.6000 0.08 100.0800 0.08 1
