000729 燕京啤酒 2013-09-30 1 12603.6000 4.49 2805.5000 3.49 1
000778 新兴铸管 2013-09-30 2 1278.2260 0.67 -136.8350 0.74 2
002195 海隆软件 2013-09-30 1 41.0003 0.36 -58.3800 0.87 1
002595 豪迈科技 2013-09-30 1 308.1100 1.54 0.0000 1.54 1
002601 佰利联 2013-09-30 1 368.6630 1.92 368.6630 0.00 0
002607 亚夏汽车 2013-09-30 3 377.6873 1.65 -350.3897 3.18 3
002667 鞍重股份 2013-09-30 1 28.9200 0.43 28.9200 0.00 0
300294 博雅生物 2013-09-30 1 22.4001 0.30 22.4001 0.00 0
300303 聚飞光电 2013-09-30 1 412.7690 1.90 412.7690 0.00 0
300356 光一科技 2013-09-30 1 29.4350 0.23 29.4350 0.00 0
600328 兰太实业 2013-09-30 1 52.8000 0.15 52.8000 0.00 0
600418 江淮汽车 2013-09-30 1 1490.4500 1.16 -383.8500 1.46 1
600519 贵州茅台 2013-09-30 2 1097.1370 1.06 -6.1050 1.06 2
600720 祁连山 2013-09-30 2 852.3870 1.10 34.4330 1.37 1
600801 华新水泥 2013-09-30 1 662.3750 0.71 0.0000 0.71 1
600829 三精制药 2013-09-30 1 54.6900 0.09 54.6900 0.00 0
601139 深圳燃气 2013-09-30 1 828.2780 0.42 828.2780 0.00 0
