000001 平安银行 2013-03-31 1 1920.3200 0.37 1920.3200 0.00 0
000002 万科A 2013-03-31 1 7872.1200 0.72 -8922.4800 1.53 2
000026 飞亚达A 2013-03-31 1 136.9300 0.35 136.9300 0.00 0
000065 北方国际 2013-03-31 1 150.0160 0.92 0.0000 0.92 1
000089 深圳机场 2013-03-31 2 981.9980 0.58 455.0040 0.31 1
000401 冀东水泥 2013-03-31 1 1384.4900 1.03 1384.4900 0.00 0
000420 吉林化纤 2013-03-31 1 278.4010 0.74 0.0000 0.74 1
000488 晨鸣纸业 2013-03-31 3 4466.9190 2.17 532.6670 1.91 3
000538 云南白药 2013-03-31 2 807.2830 1.16 0.0000 1.16 2
000639 西王食品 2013-03-31 1 182.7280 0.97 182.7280 0.00 0
000650 仁和药业 2013-03-31 1 1368.1900 1.38 780.1110 0.59 1
000651 格力电器 2013-03-31 5 26507.3000 8.81 -783.3000 9.07 5
000680 山推股份 2013-03-31 1 522.5140 0.46 522.5140 0.00 0
000759 中百集团 2013-03-31 1 1851.7500 2.72 0.0000 2.72 1
000778 新兴铸管 2013-03-31 1 614.6660 0.32 614.6660 0.00 0
000789 江西水泥 2013-03-31 1 980.4880 2.40 0.0000 2.40 1
000822 山东海化 2013-03-31 2 569.3740 0.64 0.0000 0.64 2
000852 江钻股份 2013-03-31 1 56.7000 0.14 56.7000 0.00 0
000858 五粮液 2013-03-31 1 1308.9700 0.34 1308.9700 0.00 0
000898 *ST鞍钢 2013-03-31 1 1145.4800 0.16 -1146.9580 0.32 2
000937 冀中能源 2013-03-31 1 511.4860 0.22 511.4860 0.00 0
000939 凯迪电力 2013-03-31 1 1010.9900 1.07 -218.5500 1.30 1
000949 新乡化纤 2013-03-31 1 317.7180 0.38 0.0000 0.38 1
000999 华润三九 2013-03-31 1 849.0680 0.87 -302.1420 1.18 1
002001 新和成 2013-03-31 2 1066.7700 1.47 527.8780 0.74 1
002032 苏泊尔 2013-03-31 1 250.2950 0.39 250.2950 0.00 0
002033 丽江旅游 2013-03-31 2 479.9030 2.93 479.9030 0.00 0
002082 栋梁新材 2013-03-31 1 86.7982 0.36 86.7982 0.00 0
002099 海翔药业 2013-03-31 1 298.1460 0.92 8.5010 0.89 1
002111 威海广泰 2013-03-31 2 173.0486 0.56 76.4286 0.31 1
002142 宁波银行 2013-03-31 2 29609.9500 10.27 0.0000 10.27 2
002167 东方锆业 2013-03-31 1 420.0000 1.01 420.0000 0.00 0
002195 海隆软件 2013-03-31 1 99.3803 0.87 99.3803 0.00 0
002221 东华能源 2013-03-31 1 154.1390 0.53 11.8900 0.49 1
002228 合兴包装 2013-03-31 2 1069.4280 3.08 643.7370 1.23 1
002285 世联地产 2013-03-31 3 1159.6420 3.55 1159.6420 0.00 0
002301 齐心文具 2013-03-31 2 984.4280 2.56 132.3960 2.22 1
002309 中利科技 2013-03-31 1 362.0020 0.75 49.4600 0.65 1
002311 海大集团 2013-03-31 1 793.5430 1.04 793.5430 0.00 0
002318 久立特材 2013-03-31 1 113.6980 0.36 113.6980 0.00 0
002319 乐通股份 2013-03-31 1 75.0540 0.38 75.0540 0.00 0
002333 罗普斯金 2013-03-31 1 71.9938 0.29 71.9938 0.00 0
002342 巨力索具 2013-03-31 1 268.5190 0.28 -365.9380 0.66 3
002358 森源电气 2013-03-31 1 149.9820 0.44 149.9820 0.00 0
002375 亚厦股份 2013-03-31 1 417.8860 0.66 417.8860 0.00 0
002386 天原集团 2013-03-31 1 128.9890 0.27 0.0000 0.27 1
002414 高德红外 2013-03-31 1 77.3933 0.26 -63.8959 0.47 2
002430 杭氧股份 2013-03-31 1 240.9670 0.30 -170.0000 0.51 1
002443 金洲管道 2013-03-31 1 57.6700 0.20 57.6700 0.00 0
002448 中原内配 2013-03-31 1 99.9752 0.85 0.0000 0.85 1
002458 益生股份 2013-03-31 1 58.1278 0.21 58.1278 0.00 0
002465 海格通信 2013-03-31 1 108.0280 0.32 108.0280 0.00 0
002489 浙江永强 2013-03-31 1 58.2899 0.12 58.2899 0.00 0
002519 银河电子 2013-03-31 1 16.0915 0.11 16.0915 0.00 0
002542 中化岩土 2013-03-31 1 35.3408 0.18 35.3408 0.00 0
002550 千红制药 2013-03-31 1 137.9770 0.86 137.9770 0.00 0
002585 双星新材 2013-03-31 1 52.5467 0.13 52.5467 0.00 0
002586 围海股份 2013-03-31 1 106.5820 0.52 106.5820 0.00 0
002589 瑞康医药 2013-03-31 1 75.0460 0.80 75.0460 0.00 0
002595 豪迈科技 2013-03-31 1 308.1100 1.54 71.2260 1.18 1
002607 亚夏汽车 2013-03-31 3 560.0590 3.18 560.0590 0.00 0
002612 朗姿股份 2013-03-31 1 204.7680 1.02 7.7150 0.99 1
002654 万润科技 2013-03-31 1 10.8100 0.12 10.8100 0.00 0
002664 信质电机 2013-03-31 2 260.7980 1.96 -32.1820 2.20 2
002668 奥马电器 2013-03-31 1 30.3480 0.18 0.0000 0.18 1
002669 康达新材 2013-03-31 1 20.1200 0.20 20.1200 0.00 0
002670 华声股份 2013-03-31 1 32.6100 0.16 32.6100 0.00 0
002674 兴业科技 2013-03-31 2 117.8028 0.49 -14.4700 0.55 2
002681 奋达科技 2013-03-31 1 32.4800 0.22 32.4800 0.00 0
002689 博林特 2013-03-31 1 63.3739 0.20 63.3739 0.00 0
002697 红旗连锁 2013-03-31 1 124.4830 0.62 0.0000 0.62 1
300032 金龙机电 2013-03-31 2 285.0340 2.00 -88.3440 2.62 2
300078 中瑞思创 2013-03-31 1 119.9960 0.72 0.0000 0.72 1
300086 康芝药业 2013-03-31 1 79.9499 0.40 79.9499 0.00 0
300119 瑞普生物 2013-03-31 1 229.6880 1.18 229.6880 0.00 0
300128 锦富新材 2013-03-31 1 203.1290 0.99 68.5920 0.66 1
300150 世纪瑞尔 2013-03-31 1 68.1398 0.50 68.1398 0.00 0
300170 汉得信息 2013-03-31 1 372.7980 2.10 0.0000 2.22 1
300195 长荣股份 2013-03-31 1 39.3113 0.28 39.3113 0.00 0
300214 日科化学 2013-03-31 2 344.9890 1.70 -42.6350 1.91 2
300226 上海钢联 2013-03-31 2 130.9441 1.64 -15.4853 1.83 2
300259 新天科技 2013-03-31 2 323.4550 2.14 95.7730 1.50 2
300299 富春通信 2013-03-31 2 97.5556 1.46 97.5556 0.00 0
300320 海达股份 2013-03-31 1 10.0800 0.15 -1.2700 0.17 1
300325 德威新材 2013-03-31 1 24.9651 0.31 24.9651 0.00 0
300327 中颖电子 2013-03-31 1 17.9800 0.14 17.9800 0.00 0
300337 银邦股份 2013-03-31 1 60.1068 0.32 0.0000 0.32 1
600004 白云机场 2013-03-31 2 3336.4500 2.90 -100.0000 2.99 2
600007 中国国贸 2013-03-31 4 3767.8560 3.74 1097.7460 2.65 2
600009 上海机场 2013-03-31 5 9848.0200 5.11 6507.6100 1.73 2
600012 皖通高速 2013-03-31 1 773.3170 0.47 -271.3000 0.63 2
600015 华夏银行 2013-03-31 1 56237.3000 8.21 0.0000 8.21 1
600018 上港集团 2013-03-31 3 7902.5600 0.35 4640.3300 0.14 1
600026 中海发展 2013-03-31 1 308.2740 0.09 0.0000 0.09 1
600050 中国联通 2013-03-31 1 6355.9100 0.30 749.5100 0.26 1
600055 华润万东 2013-03-31 1 409.4710 1.89 409.4710 0.00 0
600062 华润双鹤 2013-03-31 1 703.2390 1.23 -7.0090 1.24 1
600068 葛洲坝 2013-03-31 1 1393.3300 0.40 0.0000 0.40 1
600104 上汽集团 2013-03-31 1 6967.3600 0.63 -480.1500 0.68 1
600111 包钢稀土 2013-03-31 3 2267.5370 0.94 31.3230 0.92 3
600118 中国卫星 2013-03-31 1 591.6800 0.65 0.0000 0.65 1
600123 兰花科创 2013-03-31 2 720.9740 0.63 720.9740 0.00 0
600131 岷江水电 2013-03-31 1 70.5300 0.14 70.5300 0.00 0
600132 重庆啤酒 2013-03-31 1 191.1590 0.39 191.1590 0.00 0
600138 中青旅 2013-03-31 2 1542.4740 3.71 802.4770 1.78 1
600161 天坛生物 2013-03-31 2 790.0740 1.53 0.0000 1.53 2
600172 黄河旋风 2013-03-31 1 139.8490 0.26 0.0000 0.26 1
600188 兖州煤业 2013-03-31 3 651.1280 0.13 199.3400 0.09 2
600218 全柴动力 2013-03-31 2 535.9250 1.89 -65.4600 2.12 2
600219 南山铝业 2013-03-31 1 754.9110 0.39 0.0000 0.39 1
600229 青岛碱业 2013-03-31 2 378.1150 0.96 0.0000 0.96 2
600270 外运发展 2013-03-31 3 713.2770 0.79 206.5750 0.56 2
600285 羚锐制药 2013-03-31 1 239.2000 1.04 -241.3980 2.39 2
600292 中电远达 2013-03-31 1 199.9950 0.39 199.9950 0.00 0
600305 恒顺醋业 2013-03-31 1 263.3810 2.07 -104.2190 2.89 1
600323 南海发展 2013-03-31 1 1083.6800 1.87 -22.1300 1.91 1
600331 宏达股份 2013-03-31 1 258.5310 0.25 258.5310 0.00 0
600355 精伦电子 2013-03-31 1 281.6800 1.14 281.6800 0.00 0
600362 江西铜业 2013-03-31 1 622.2710 0.18 73.3840 0.16 1
600377 宁沪高速 2013-03-31 2 2776.1920 0.55 -1639.5330 0.88 4
600389 江山股份 2013-03-31 1 247.8760 1.25 -14.4520 1.32 1
600423 柳化股份 2013-03-31 1 600.0000 1.50 -200.0000 2.00 1
600452 涪陵电力 2013-03-31 1 46.6400 0.29 46.6400 0.00 0
600481 双良节能 2013-03-31 1 138.0000 0.17 138.0000 0.00 0
600486 扬农化工 2013-03-31 1 284.1800 1.65 0.0000 1.65 1
600498 烽火通信 2013-03-31 1 432.5190 0.90 -244.4970 1.40 1
600516 方大炭素 2013-03-31 1 533.9030 0.35 533.9030 0.00 0
600517 置信电气 2013-03-31 1 600.0000 0.87 -737.9000 2.16 2
600519 贵州茅台 2013-03-31 2 1098.9330 1.06 -240.4110 1.29 3
600550 天威保变 2013-03-31 1 350.8530 0.26 0.0000 0.26 1
600552 方兴科技 2013-03-31 1 300.0330 2.56 0.0000 2.56 1
600571 信雅达 2013-03-31 2 624.2390 3.08 -76.5240 3.45 2
600585 海螺水泥 2013-03-31 3 8740.2500 1.65 -1047.8600 1.85 3
600588 用友软件 2013-03-31 4 4895.2920 5.10 -451.3280 5.46 4
600594 益佰制药 2013-03-31 1 800.5510 2.22 -57.2780 2.38 1
600598 北大荒 2013-03-31 1 1000.0200 0.56 0.0000 0.56 1
600600 青岛啤酒 2013-03-31 1 851.7680 0.63 851.7680 0.00 0
600601 方正科技 2013-03-31 1 355.9470 0.16 0.0000 0.16 1
600612 老凤祥 2013-03-31 1 262.9920 0.50 262.9920 0.00 0
600651 飞乐音响 2013-03-31 1 1300.0600 1.76 0.0000 1.76 1
600655 豫园商城 2013-03-31 1 1333.9200 0.93 0.0000 0.93 1
600660 福耀玻璃 2013-03-31 1 3290.2700 1.64 389.2300 1.45 1
600674 川投能源 2013-03-31 1 2370.0000 1.20 -630.0000 1.52 1
600688 上海石化 2013-03-31 1 312.7960 0.04 312.7960 0.00 0
600697 欧亚集团 2013-03-31 1 347.6240 2.19 0.0000 2.19 1
600720 祁连山 2013-03-31 2 1283.0030 2.15 725.0310 0.93 1
600742 一汽富维 2013-03-31 1 417.2480 1.97 -41.9120 2.17 1
600776 东方通信 2013-03-31 1 132.1800 0.11 0.0000 0.11 1
600779 水井坊 2013-03-31 4 1453.3850 2.97 174.1440 2.62 4
600785 新华百货 2013-03-31 1 284.6560 1.37 284.6560 0.00 0
600797 浙大网新 2013-03-31 1 182.8000 0.22 0.0000 0.22 1
600801 华新水泥 2013-03-31 1 662.3850 0.71 662.3850 0.00 0
600808 马钢股份 2013-03-31 1 756.5780 0.10 756.5780 0.00 0
600820 隧道股份 2013-03-31 1 260.0840 0.20 -44.3200 0.23 1
600823 世茂股份 2013-03-31 2 2256.7600 1.93 456.7030 1.54 2
600826 兰生股份 2013-03-31 1 413.5310 0.98 0.0000 0.98 1
600827 友谊股份 2013-03-31 1 986.0890 0.57 986.0890 0.00 0
600831 广电网络 2013-03-31 1 160.1990 0.28 160.1990 0.00 0
600879 航天电子 2013-03-31 1 233.5090 0.29 233.5090 0.00 0
600887 伊利股份 2013-03-31 3 9623.4000 5.14 626.6800 5.63 3
600889 南京化纤 2013-03-31 1 352.6530 1.15 352.6530 0.00 0
600897 厦门空港 2013-03-31 3 634.2074 2.13 91.8644 1.82 2
600978 宜华木业 2013-03-31 1 2542.2000 2.21 -167.7800 2.35 1
600983 合肥三洋 2013-03-31 1 740.0610 1.39 740.0610 0.00 0
601009 南京银行 2013-03-31 2 43769.2300 14.74 4.5300 14.74 2
601166 兴业银行 2013-03-31 1 138043.0000 10.87 138043.0000 0.00 0
601169 北京银行 2013-03-31 1 120058.0000 13.64 0.0000 13.64 1
601186 中国铁建 2013-03-31 2 7490.7100 0.61 -19907.5200 2.22 5
601333 广深铁路 2013-03-31 2 4460.5300 0.63 4460.5300 0.00 0
601369 陕鼓动力 2013-03-31 1 412.8950 0.25 412.8950 0.00 0
601390 中国中铁 2013-03-31 1 2500.0100 0.12 -8905.8900 0.54 4
601558 华锐风电 2013-03-31 2 448.1230 0.11 -19.7620 0.12 2
601800 中国交建 2013-03-31 4 11831.9500 0.73 -1566.5900 0.83 5
601808 中海油服 2013-03-31 1 443.8510 0.10 443.8510 0.00 0
601857 中国石油 2013-03-31 1 3034.5700 0.02 357.8200 0.01 1
601888 中国国旅 2013-03-31 1 842.0920 0.96 264.0010 0.66 1
601898 中煤能源 2013-03-31 1 1372.1300 0.10 161.7900 0.09 1
601965 中国汽研 2013-03-31 1 300.9870 0.47 300.9870 0.00 0
601988 中国银行 2013-03-31 1 5865.2000 0.02 5865.2000 0.00 0
601998 中信银行 2013-03-31 1 3593.5200 0.08 423.7400 0.07 1
